0.0000000007
0.0106505615
0.0110651487
0.0110660605
0.0188631334
0.0190667727
0.0190708430
0.0191380125
0.0191482551
0.0262819081
0.0268542690
0.0268664644
0.0268889831
0.0268920732
0.0270203783
0.0270386630
0.0333256842
0.0342335041
0.0342884387
0.0343357603
0.0343475532
0.0346853488
0.0346944597
0.0346944903
0.0346980741
0.0400043622
0.0412752800
0.0413203972
0.0414327618
0.0414484383
0.0419821289
0.0420083372
0.0420388533
0.0420608506
0.0422352977
0.0422578987
0.0463174154
0.0478701568
0.0479487558
0.0480942739
0.0481453181
0.0488776545
0.0488865232
0.0490190529
0.0490662644
0.0494016265
0.0494186044
0.0494898671
0.0495245973
0.0521956698
0.0539650794
0.0540902467
0.0543711697
0.0543846385
0.0551848563
0.0552241896
0.0555635855
0.0556805056
0.0561168669
0.0561437443
0.0563783303
0.0564624921
0.0564876154
0.0565463823
0.0578149788
0.0595071830
0.0596712461
0.0597809767
0.0598797267
0.0611480843
0.0611626437
0.0616139545
0.0617634275
0.0621322784
0.0621775939
0.0627130328
0.0627982995
0.0629236145
0.0631108170
0.0631612338
0.0631702726
0.0633844556
0.0644182150
0.0645944460
0.0646944485
0.0648099897
0.0662048705
0.0664092666
0.0668810031
0.0671316337
0.0673251870
0.0676436149
0.0676758179
0.0687106716
0.0688167672
0.0688341201
0.0688702803
0.0689346788
0.0689465388
0.0689601563
0.0690037196
0.0695200189
0.0695576706
0.0697270372
0.0697731197
0.0702696717
0.0705942338
0.0707221920
0.0719956478
0.0722412244
0.0722968439
0.0723372130
0.0723512747
0.0725373140
0.0727964117
0.0728057708
0.0735675190
0.0736342982
0.0737487625
0.0739145452
0.0740157145
0.0743192361
0.0745278481
0.0746519380
0.0746930562
0.0750255777
0.0750629470
0.0751045713
0.0751425987
0.0752916575
0.0754917253
0.0755861132
0.0756643208
0.0760383656
0.0762899267
0.0765280132
0.0765508582
0.0766123628
0.0769143310
0.0769498765
0.0770077557
0.0770813183
0.0772084270
0.0773107123
0.0774205324
0.0775017835
0.0775930756
0.0775955289
0.0777868681
0.0778084271
0.0783243339
0.0783699737
0.0784501674
0.0785887946
0.0789261451
0.0791455922
0.0793780146
0.0798156399
0.0799813672
0.0800756314
0.0801018769
0.0806847895
0.0808360778
0.0809306932
0.0811137029
0.0813677658
0.0815723883
0.0820907824
0.0821686310
0.0824536030
0.0826296998
0.0826510972
0.0827033367
0.0827408605
0.0827604192
0.0827631841
0.0828742137
0.0833058246
0.0836127123
0.0838161179
0.0838384283
0.0839792367
0.0839942928
0.0845827660
0.0849269384
0.0854885258
0.0856092163
0.0857058437
0.0859036628
0.0859805141
0.0860598879
0.0860852387
0.0862680986
0.0864217919
0.0865105140
0.0867151349
0.0868253629
0.0870754499
0.0873318113
0.0875235862
0.0884164579
0.0884934519
0.0885983630
0.0886576972
0.0894697704
0.0896301413
0.0897586919
0.0898429979
0.0907244774
0.0908821473
0.0909175321
0.0911180723
0.0912485270
0.0914690455
0.0917436840
0.0920012899
0.0920458330
0.0922607064
0.0928828162
0.0929600569
0.0929649551
0.0932310620
0.0933470965
0.0946098966
0.0949495145
0.0949976916
0.0950566935
0.0951200223
0.0953398305
0.0954664370
0.0955193654
0.0955569732
0.0955798116
0.0956370235
0.0957910518
0.0959988045
0.0960197547
0.0961434817
0.0961598446
0.0962554366
0.0962786657
0.0965471547
0.0967184609
0.0969675167
0.0971243792
0.0975723355
0.0977926889
0.0981142365
0.0984397432
0.0984487094
0.0987282727
0.0987995246
0.0989228665
0.0992504085
0.1010482253
0.1011906353
0.1012140357
0.1012677852
0.1014149914
0.1015329393
0.1018350839
0.1020233674
0.1031426748
0.1032718416
0.1033461110
0.1034456508
0.1035196902
0.1035520197
0.1036226200
0.1037925185
0.1043716439
0.1044802393
0.1047833328
0.1051964962
0.1054503462
0.1057962505
0.1059227502
0.1061001077
0.1062138642
0.1063801085
0.1064225441
0.1067073312
0.1084628812
0.1085676064
0.1092242447
0.1092837450
0.1095449861
0.1096361754
0.1100534675
0.1101204458
0.1107802742
0.1109628091
0.1113171583
0.1114346211
0.1126367188
0.1127215713
0.1131191423
0.1132010914
0.1149460175
0.1151169197
0.1152191999
0.1154269701
0.1163738758
0.1164889361
0.1166858096
0.1167609911
0.1170257897
0.1170507743
0.1171744358
0.1171875481
0.1194385513
0.1195205351
0.1222654488
0.1225298135
0.1229562389
0.1232007298
0.1239064358
0.1241942283
0.1253961283
0.1256334388
0.1257057549
0.1258782240
0.1260322797
0.1261878722
0.1297809320
0.1298967732
0.1303831012
0.1305255296
0.1338406810
0.1338557192
0.1350884283
0.1351346680
0.1353917818
0.1355663488
0.1367002072
0.1367912253
0.1374670358
0.1375855105
0.1378980503
0.1379615136
0.1393305775
0.1395063227
0.1396152042
0.1398168848
0.1402009221
0.1402534061
0.1474847693
0.1476078901
0.1499641426
0.1501736265
0.1575111884
0.1579435188
0.1584111356
0.1588524568
0.1594873081
0.1597210195
0.1605551569
0.1609730575
0.1686061607
0.1687588259
0.1716720392
0.1717656915
0.1770782298
0.1774022849
0.1802885832
0.1804804599
0.1849135960
0.1852179527
0.1858673275
0.1862426018
0.1871447684
0.1873784246
0.1896476325
0.1898438977
0.1907495427
0.1908962679
0.1926389193
0.1926684671
0.1933251947
0.1937153307
0.1940437027
0.1940959931
0.1945650030
0.1946424109
0.2202396188
0.2205342751
0.2221205040
0.2221727840
0.2478392128
0.2481424155
0.2512987564
0.2521332550
0.2725955848
0.2753279301
0.2766891312
0.2792038082
0.2956656357
0.2964508103
0.3006946606
0.3019687296
0.3114746165
0.3126442535
0.3298456383
0.3313638863
0.3374918170
0.3385881928
0.3427446866
0.3433686272
0.3497838559
0.3508847904
0.3565433556
0.3571165734
0.3615316830
0.3623133200
0.3637823984
0.3649183825
0.3668097453
0.3674170396
0.3728559007
0.3729765306
0.3736194399
0.3736285895
