4.386308629621359922e-01 2.358437975020719890e-01 0.000000000000000000e+00
4.674880368326529978e-01 7.271299065852370180e-01 0.000000000000000000e+00
1.825691489927860067e-01 2.942261605742910180e-01 0.000000000000000000e+00
6.196939592761210314e-01 8.359904512381159947e-01 0.000000000000000000e+00
7.127177903225499767e-02 3.213421663551920271e-01 0.000000000000000000e+00
3.335160394975720255e-01 7.964775671242919630e-01 0.000000000000000000e+00
7.178469234420560285e-01 5.006330522011579465e-01 0.000000000000000000e+00
8.619094961001330102e-01 7.942871893277130280e-01 0.000000000000000000e+00
3.483195806267480044e-01 3.597006330638429783e-01 0.000000000000000000e+00
2.774088490468940016e-01 7.669242519808290304e-01 0.000000000000000000e+00
9.510821832695699474e-01 1.322971661883169947e-01 0.000000000000000000e+00
7.285362947100160191e-01 9.890355572544590190e-01 0.000000000000000000e+00
2.130019616365899926e-01 3.492352735132990271e-01 0.000000000000000000e+00
9.709816600594159963e-01 7.946937260671269598e-01 0.000000000000000000e+00
3.528056345770150259e-01 5.843765210789569897e-01 0.000000000000000000e+00
5.153145281400800526e-01 6.684907713599999536e-04 0.000000000000000000e+00
8.846230886142290029e-01 1.818749122745070002e-01 0.000000000000000000e+00
2.404727358930910108e-01 9.262832135256110488e-01 0.000000000000000000e+00
3.947101776475809842e-01 2.090739701430019970e-01 0.000000000000000000e+00
9.523959136457169627e-01 9.921713368948950063e-01 0.000000000000000000e+00
3.104216128844820011e-01 7.004051568686040508e-01 0.000000000000000000e+00
7.617696632542099444e-02 9.766473502331990408e-01 0.000000000000000000e+00
1.863867936624180044e-01 1.961648094458889879e-01 0.000000000000000000e+00
8.951798956597180057e-01 2.244444238544500078e-02 0.000000000000000000e+00
3.945537324516459887e-01 7.874289024126319703e-01 0.000000000000000000e+00
5.802195397159599644e-01 1.217769987699059975e-01 0.000000000000000000e+00
1.261137228287090017e-01 7.024454464443129487e-01 0.000000000000000000e+00
7.822270236868009707e-01 9.566923500869169983e-01 0.000000000000000000e+00
8.671182961825090185e-01 7.143142371704600535e-01 0.000000000000000000e+00
9.085277123163749691e-01 2.826100562891479817e-01 0.000000000000000000e+00
4.405820440595500237e-02 1.716301287923999858e-02 0.000000000000000000e+00
5.930261115061650212e-01 6.500475147389920272e-01 0.000000000000000000e+00
9.610177448394280342e-01 6.363733584611610539e-01 0.000000000000000000e+00
2.707176865708800159e-02 3.479920614855350203e-01 0.000000000000000000e+00
4.273888995934719826e-01 2.440228523323400081e-02 0.000000000000000000e+00
9.132261615975819646e-01 8.173257796599819880e-01 0.000000000000000000e+00
4.563066436574579887e-01 1.217280659176710050e-01 0.000000000000000000e+00
8.842592525492100342e-02 3.967187885187379859e-01 0.000000000000000000e+00
4.467734076191610115e-01 4.078521827254100174e-01 0.000000000000000000e+00
2.491241030509409871e-01 1.858698854189989869e-01 0.000000000000000000e+00
5.077714832750549467e-01 4.520562767172360275e-01 0.000000000000000000e+00
4.143754957277269724e-01 9.472387053415269875e-01 0.000000000000000000e+00
6.313247859085270308e-01 5.321035169838239653e-01 0.000000000000000000e+00
6.816751572027980322e-01 7.940423665088699456e-01 0.000000000000000000e+00
5.776607816986879529e-01 2.449739175487709864e-01 0.000000000000000000e+00
5.071761809538990473e-01 9.398814616584869608e-01 0.000000000000000000e+00
3.737799011575480002e-01 4.979582271766799795e-02 0.000000000000000000e+00
3.539650888075000085e-02 4.165612536986729730e-01 0.000000000000000000e+00
6.207192830323989829e-01 8.920118233403220298e-01 0.000000000000000000e+00
1.214865760694929936e-01 6.367779308084350331e-01 0.000000000000000000e+00
6.244243575782569833e-01 4.571803413464640142e-01 0.000000000000000000e+00
3.006635127357820125e-01 2.632642468119190116e-01 0.000000000000000000e+00
7.989848572292800322e-01 5.608017369082199943e-01 0.000000000000000000e+00
5.971778714091470208e-01 9.611267545169980275e-01 0.000000000000000000e+00
8.511137896802080105e-01 8.691361464721000241e-01 0.000000000000000000e+00
9.884896362173579698e-01 5.546982480573230401e-01 0.000000000000000000e+00
8.844973728723120043e-01 9.212763702779300234e-02 0.000000000000000000e+00
7.412136364125679888e-01 1.823916931595629953e-01 0.000000000000000000e+00
8.000519414898129567e-01 1.360379357673320022e-01 0.000000000000000000e+00
5.248196142550599630e-01 6.545494554225700368e-01 0.000000000000000000e+00
6.957484538889839865e-01 3.513063742665820111e-01 0.000000000000000000e+00
6.271583811908859607e-01 3.059033579905289790e-01 0.000000000000000000e+00
5.285203479063980136e-01 7.242164795110509479e-01 0.000000000000000000e+00
2.217667829761670040e-01 1.108409562406229981e-01 0.000000000000000000e+00
9.278731720819769491e-01 4.261113506336959844e-01 0.000000000000000000e+00
1.639669821979400088e-01 4.967913577558449867e-01 0.000000000000000000e+00
3.416492099272199767e-01 8.818610699106620432e-01 0.000000000000000000e+00
3.278684579599340232e-01 1.916114893256709861e-01 0.000000000000000000e+00
6.580718449917789536e-01 9.262484786860289976e-01 0.000000000000000000e+00
1.092067775570799981e-01 5.622862972231319478e-01 0.000000000000000000e+00
3.333923994408439784e-01 6.375506992073619594e-01 0.000000000000000000e+00
7.010616652437160479e-01 8.504719952704550279e-01 0.000000000000000000e+00
2.165448947848160055e-01 9.772370289958169920e-01 0.000000000000000000e+00
9.714558180355129524e-01 3.228864412109569981e-01 0.000000000000000000e+00
1.462731634141579973e-01 3.391822784531819956e-01 0.000000000000000000e+00
8.489915893527190116e-01 6.049073360871769500e-01 0.000000000000000000e+00
5.458514305171210390e-01 3.568460313502809789e-01 0.000000000000000000e+00
2.757882148203880113e-01 6.483779639584000276e-02 0.000000000000000000e+00
5.516693428046229863e-01 1.713088448558260091e-01 0.000000000000000000e+00
2.835750631716980052e-01 7.238002030001000273e-03 0.000000000000000000e+00
3.047002249641109772e-01 9.445945734494819446e-01 0.000000000000000000e+00
6.429714252341010017e-01 1.368913618235129970e-01 0.000000000000000000e+00
5.676350983715700016e-01 5.094156741419380019e-01 0.000000000000000000e+00
1.290583673699430001e-01 7.963023988521400476e-02 0.000000000000000000e+00
8.378484509507769795e-01 2.372738433157270121e-01 0.000000000000000000e+00
3.586575820480140120e-01 5.002845829586229920e-01 0.000000000000000000e+00
9.429303465743900381e-02 2.475622622872609979e-01 0.000000000000000000e+00
7.529351866694480311e-01 7.563007769073130104e-01 0.000000000000000000e+00
9.598987528495259713e-01 2.367646671451550111e-01 0.000000000000000000e+00
4.636535980886899999e-01 1.863012260725490088e-01 0.000000000000000000e+00
4.212721244947220112e-01 8.638883118666450533e-01 0.000000000000000000e+00
7.952526949335010364e-01 8.214705416051369946e-01 0.000000000000000000e+00
6.740325709511599817e-01 2.082617676836119869e-01 0.000000000000000000e+00
7.028135156032659925e-01 4.267646610799160078e-01 0.000000000000000000e+00
6.793210980667080401e-01 3.309984296399599846e-02 0.000000000000000000e+00
4.932247641247760050e-01 5.500232366728650124e-01 0.000000000000000000e+00
3.445713155308209874e-01 1.345732643116669958e-01 0.000000000000000000e+00
7.240871600164300315e-01 9.310552624359389462e-01 0.000000000000000000e+00
2.109014159559509938e-01 4.647449325920889884e-01 0.000000000000000000e+00
3.950613505195500058e-02 2.109090763169589877e-01 0.000000000000000000e+00
5.535524451531359524e-01 6.066372088637750348e-01 0.000000000000000000e+00
5.647102972876070215e-01 7.814238336359670134e-01 0.000000000000000000e+00
9.661470067142849949e-01 8.559416960589449896e-01 0.000000000000000000e+00
1.626271999354070019e-01 5.615789684377560098e-01 0.000000000000000000e+00
2.264735866865310032e-01 3.276546859013999835e-02 0.000000000000000000e+00
7.859472867068709734e-01 6.487847959270669485e-01 0.000000000000000000e+00
1.644070842686130018e-01 8.323058513534039582e-01 0.000000000000000000e+00
8.750539365864949959e-01 4.496217645820280162e-01 0.000000000000000000e+00
2.834123857979229943e-01 8.860639349757839511e-01 0.000000000000000000e+00
8.045853056955579730e-01 4.069659380258450199e-01 0.000000000000000000e+00
4.406720468403469981e-01 6.023144746670300309e-01 0.000000000000000000e+00
1.113251452593420066e-01 2.001119324006400135e-01 0.000000000000000000e+00
9.750697601062869868e-01 3.849160236737029783e-01 0.000000000000000000e+00
9.981337906788410042e-01 1.611981871913180098e-01 0.000000000000000000e+00
1.680376495160250117e-01 7.789252052965870421e-01 0.000000000000000000e+00
5.044937647191100050e-02 6.038487147548819989e-01 0.000000000000000000e+00
2.360722891139029889e-01 2.501403240603720102e-01 0.000000000000000000e+00
1.462454155893639918e-01 4.463387614689620086e-01 0.000000000000000000e+00
7.490367593125060175e-01 3.255669528910810073e-01 0.000000000000000000e+00
1.623934600880350132e-01 9.828271449037889740e-01 0.000000000000000000e+00
2.110503828644400004e-01 5.808255783237580294e-01 0.000000000000000000e+00
2.706724014763419728e-01 3.543659605445260152e-01 0.000000000000000000e+00
9.832170125989280196e-01 9.038141621052789842e-01 0.000000000000000000e+00
4.706928535529160129e-01 3.152593491401660120e-01 0.000000000000000000e+00
9.185911847554589782e-01 6.723339182027460170e-01 0.000000000000000000e+00
3.283430557531170080e-01 4.578335486487100092e-01 0.000000000000000000e+00
6.479991184659299464e-01 4.124574487592230221e-01 0.000000000000000000e+00
6.145231043022409967e-01 5.539256056197700007e-02 0.000000000000000000e+00
2.680339294644150105e-01 5.112262970095560188e-01 0.000000000000000000e+00
7.352087671717649764e-01 1.112149218356270064e-01 0.000000000000000000e+00
6.602207631012939615e-01 6.434256098334270035e-01 0.000000000000000000e+00
1.152480370633400010e-02 1.056748524088590019e-01 0.000000000000000000e+00
5.005017818185739653e-01 3.857917244047370242e-01 0.000000000000000000e+00
1.632527849085750049e-01 1.307054106450419861e-01 0.000000000000000000e+00
5.307377673524289463e-01 2.982045913343789878e-01 0.000000000000000000e+00
4.133067241435189887e-01 6.897651713084810288e-01 0.000000000000000000e+00
4.422243557503039990e-01 5.038324928618580500e-01 0.000000000000000000e+00
9.597268525882920454e-01 7.210281977246120189e-01 0.000000000000000000e+00
2.434032292206310122e-01 4.018413625661850230e-01 0.000000000000000000e+00
7.535418371561779516e-01 2.734995955306799842e-01 0.000000000000000000e+00
4.406031771657529794e-01 8.089124667013329884e-01 0.000000000000000000e+00
9.036145193743549964e-01 3.493631347895980177e-01 0.000000000000000000e+00
7.087636405389670102e-01 6.842777337143840510e-01 0.000000000000000000e+00
2.582324704290909767e-01 6.276968069439049502e-01 0.000000000000000000e+00
8.777004938753559804e-01 5.306541154930960458e-01 0.000000000000000000e+00
9.201179535407849608e-01 8.787191491291670431e-01 0.000000000000000000e+00
6.136597345149279459e-01 7.191801789959849645e-01 0.000000000000000000e+00
9.865581530580660452e-01 4.618709193220990050e-01 0.000000000000000000e+00
4.006442365703740127e-01 4.607300247207120059e-01 0.000000000000000000e+00
7.633053317580620334e-01 5.903106463584800040e-02 0.000000000000000000e+00
5.504556425266099451e-01 7.641961310906800198e-02 0.000000000000000000e+00
6.645036583450900092e-02 6.948815171362099363e-02 0.000000000000000000e+00
5.369483345507060079e-01 8.769077707261100363e-01 0.000000000000000000e+00
9.716466695469909709e-01 5.328277080629099938e-02 0.000000000000000000e+00
2.389876149219900131e-02 2.884806222954020005e-01 0.000000000000000000e+00
5.634792308703719943e-01 9.211727699547009873e-01 0.000000000000000000e+00
1.038730282112659969e-01 7.651057156652919522e-01 0.000000000000000000e+00
8.423672434506860318e-01 9.860890309759620109e-01 0.000000000000000000e+00
2.029874984181919972e-01 6.856881428243799537e-01 0.000000000000000000e+00
4.115386820425139813e-01 3.173612810944579921e-01 0.000000000000000000e+00
2.119042687611429887e-01 7.413892663878830502e-01 0.000000000000000000e+00
1.841563263871139888e-01 6.421150315185300550e-02 0.000000000000000000e+00
1.911660214399840130e-01 4.098976264730789798e-01 0.000000000000000000e+00
5.065092785531909447e-01 1.024634624138620054e-01 0.000000000000000000e+00
9.094489312054240271e-01 6.035666113261990429e-01 0.000000000000000000e+00
7.257733931126479909e-01 6.308820989520480538e-01 0.000000000000000000e+00
4.915144004606439854e-01 6.129922705267070171e-01 0.000000000000000000e+00
2.181734631811670100e-01 5.224655304389229649e-01 0.000000000000000000e+00
4.353712313890899938e-02 5.258122460278249477e-01 0.000000000000000000e+00
1.456370221324350123e-01 8.832499687288070112e-01 0.000000000000000000e+00
1.441371492445789881e-01 2.553249491041820196e-01 0.000000000000000000e+00
4.632653285430899937e-01 6.825929555768600610e-02 0.000000000000000000e+00
2.278532179137350011e-01 8.185602519238740493e-01 0.000000000000000000e+00
8.164321337399149670e-01 3.562400670154580173e-01 0.000000000000000000e+00
4.939574078875489938e-01 2.374531396751879964e-01 0.000000000000000000e+00
2.881565062068799921e-02 8.802191621810709909e-01 0.000000000000000000e+00
6.601489630202179715e-01 7.458603046242749945e-01 0.000000000000000000e+00
9.311461206365250209e-01 9.363778172844039460e-01 0.000000000000000000e+00
7.291071095338799712e-02 1.436074320561269990e-01 0.000000000000000000e+00
5.962805863461180245e-01 3.968147200990500001e-01 0.000000000000000000e+00
3.377604252513869976e-01 9.924337447137649981e-01 0.000000000000000000e+00
1.266753424719619936e-01 9.304323140369800127e-01 0.000000000000000000e+00
8.186513466803900518e-02 8.286352858014019995e-01 0.000000000000000000e+00
5.700475875218510291e-01 4.353139317676999950e-03 0.000000000000000000e+00
4.083958415799759933e-01 9.479734187358899999e-02 0.000000000000000000e+00
2.956922460104550177e-01 4.055371092179639869e-01 0.000000000000000000e+00
8.241802481525070112e-01 7.558635260807029521e-01 0.000000000000000000e+00
2.822784456150320143e-01 5.659917720048670553e-01 0.000000000000000000e+00
5.130704423675940262e-01 8.261381338411329933e-01 0.000000000000000000e+00
2.957981900069390213e-01 1.170212172709920034e-01 0.000000000000000000e+00
7.490538139243270166e-01 8.749543511948909558e-01 0.000000000000000000e+00
7.879275090033019957e-01 4.621586959022470076e-01 0.000000000000000000e+00
7.541367648528279899e-01 3.834579466803599845e-01 0.000000000000000000e+00
1.045658723694660036e-01 4.759578459141680096e-01 0.000000000000000000e+00
7.301351338927950518e-01 5.801885052537979481e-01 0.000000000000000000e+00
1.866712258632000077e-01 9.209504411371780552e-01 0.000000000000000000e+00
9.372918372827799827e-01 5.300466291443549638e-01 0.000000000000000000e+00
3.885280085700860142e-01 6.447871731698480158e-01 0.000000000000000000e+00
8.015915713742359783e-01 9.101680817339029561e-01 0.000000000000000000e+00
8.478443319555010182e-01 9.355906741543650318e-01 0.000000000000000000e+00
3.992916653862439991e-01 3.774709944560820096e-01 0.000000000000000000e+00
4.723769397177680074e-01 8.777109612426049479e-01 0.000000000000000000e+00
7.903843200277500536e-01 1.976369226345880137e-01 0.000000000000000000e+00
4.029024470138600211e-01 5.683265362326820336e-01 0.000000000000000000e+00
8.787735344094199652e-02 8.927743388090220167e-01 0.000000000000000000e+00
1.079529035156500012e-02 9.712930263418919630e-01 0.000000000000000000e+00
2.703060510732009925e-01 3.038521153628480076e-01 0.000000000000000000e+00
7.554964937166069872e-01 7.046448596996820468e-01 0.000000000000000000e+00
6.179397685029399678e-01 7.835368415768110273e-01 0.000000000000000000e+00
4.742219439880499682e-02 7.242070349688189967e-01 0.000000000000000000e+00
3.644084824166279879e-01 2.974427559639890029e-01 0.000000000000000000e+00
3.720941272033599923e-01 7.197900553512830424e-01 0.000000000000000000e+00
6.445094024866140359e-01 3.595327475013990193e-01 0.000000000000000000e+00
7.655129015365409462e-01 5.228488097253369826e-01 0.000000000000000000e+00
9.112779847139670375e-01 7.543974790615950443e-01 0.000000000000000000e+00
8.083872589767879813e-01 8.219420795380000255e-02 0.000000000000000000e+00
2.886839085930690274e-01 8.347750573500000160e-01 0.000000000000000000e+00
6.391210280449880488e-01 2.475937449484119923e-01 0.000000000000000000e+00
7.060690852129060113e-01 2.929909274198559954e-01 0.000000000000000000e+00
3.687754693368400227e-02 6.631431522926179989e-01 0.000000000000000000e+00
8.459461161042439725e-01 2.888520793730510183e-01 0.000000000000000000e+00
8.647267776226450486e-01 3.893668855050039790e-01 0.000000000000000000e+00
1.380051870686009874e-01 2.931824653160700067e-02 0.000000000000000000e+00
2.351034200366399970e-02 8.095429387897119522e-01 0.000000000000000000e+00
2.135895290909310129e-01 8.708819190205270289e-01 0.000000000000000000e+00
5.651677671273159786e-01 4.519693764047629791e-01 0.000000000000000000e+00
4.992700183063910058e-01 7.680569169502839966e-01 0.000000000000000000e+00
4.596727035147309959e-01 9.777814219654029637e-01 0.000000000000000000e+00
9.209544288276120261e-01 4.767437392093110127e-01 0.000000000000000000e+00
6.202584224800250512e-01 6.052017497376539490e-01 0.000000000000000000e+00
6.417449302137240297e-01 9.942539078170089528e-01 0.000000000000000000e+00
1.804543822492599980e-01 6.369518194433659852e-01 0.000000000000000000e+00
8.420823916890850525e-01 4.892979835833650148e-01 0.000000000000000000e+00
8.237541024162789993e-01 3.296351759530700282e-02 0.000000000000000000e+00
3.583670212790289744e-01 9.425785206124599469e-01 0.000000000000000000e+00
6.752790547151299450e-01 9.437790794632799907e-02 0.000000000000000000e+00
7.757259634732559528e-01 1.021146029471699940e-02 0.000000000000000000e+00
4.651148467010620124e-01 6.695237303314549582e-01 0.000000000000000000e+00
8.508870205494779571e-01 1.389100000120019884e-01 0.000000000000000000e+00
6.237682119532880209e-01 1.879966916022809964e-01 0.000000000000000000e+00
4.169726994393799790e-01 1.557181922615779868e-01 0.000000000000000000e+00
6.937438218606970519e-01 1.438764112870850043e-01 0.000000000000000000e+00
6.791688636129650236e-01 5.961772963861420305e-01 0.000000000000000000e+00
3.501974061015519779e-01 4.102022059751210259e-01 0.000000000000000000e+00
2.597977850259740040e-01 6.930851309311309993e-01 0.000000000000000000e+00
8.293609879513650363e-01 6.762587269014349589e-01 0.000000000000000000e+00
2.673498551052410077e-01 4.570756793155050235e-01 0.000000000000000000e+00
3.745483295932759971e-01 8.379395135766689595e-01 0.000000000000000000e+00
8.998929990689999566e-04 7.510399277673659446e-01 0.000000000000000000e+00
7.175774832064230058e-01 2.375460453884550016e-01 0.000000000000000000e+00
7.376427477546140254e-01 8.102854140592470333e-01 0.000000000000000000e+00
3.338764424747500126e-01 8.257109743602800145e-02 0.000000000000000000e+00
5.436796929090470520e-01 5.571533563912739462e-01 0.000000000000000000e+00
8.900633973279179489e-01 9.691987621991889901e-01 0.000000000000000000e+00
9.011040047977829648e-01 2.312657021058880102e-01 0.000000000000000000e+00
4.997597519540600275e-02 4.658609238606549741e-01 0.000000000000000000e+00
