0.83747 0.64767
0.54830 0.05747
0.68882 0.92090
0.94930 0.64709
0.64302 0.66337
0.16970 0.76882
0.32848 0.06739
0.55247 0.99187
0.57256 0.98931
0.18386 0.09869
0.64936 0.99893
0.64916 0.30380
0.38053 0.43732
0.73462 0.77017
0.63733 0.11173
0.96576 0.45326
0.83021 0.99950
0.50722 0.04908
0.08982 0.55900
0.10995 0.81702
0.98492 0.30139
0.52848 0.90554
0.02596 0.72043
0.53259 0.38416
0.16262 0.61330
0.15750 0.31619
0.40132 0.76922
0.22002 0.17495
0.99149 0.27209
0.26656 0.38706
0.25457 0.39031
0.97656 0.74140
0.03801 0.03477
0.42915 0.29683
0.81225 0.24072
0.97123 0.78762
0.45620 0.48816
0.53200 0.87993
0.04381 0.42568
0.09460 0.31873
0.51291 0.22738
0.90316 0.70702
0.40971 0.89531
0.59020 0.90028
0.55259 0.41012
0.79386 0.31707
0.55972 0.68231
0.62271 0.52056
0.22606 0.28125
0.82636 0.54822
0.47638 0.01656
0.52791 0.74236
0.42437 0.94129
0.20171 0.92415
0.79878 0.23108
0.13035 0.07545
0.72102 0.17396
0.14554 0.09044
0.67805 0.75898
0.22214 0.42505
0.49259 0.69775
0.84780 0.46980
0.31095 0.31289
0.99771 0.84221
0.53503 0.78337
0.24919 0.79460
0.25665 0.86964
0.79830 0.06124
0.46214 0.20998
0.50150 0.18577
0.62274 0.82224
0.17958 0.79957
0.27040 0.25531
0.24630 0.97963
0.98099 0.95895
0.52714 0.28587
0.21886 0.97397
0.56744 0.85943
0.13452 0.00798
0.03289 0.93004
0.31286 0.01534
0.30708 0.71220
0.12984 0.83478
0.56442 0.53054
0.74484 0.00417
0.05513 0.72612
0.41843 0.51482
0.53405 0.37016
0.42354 0.98046
0.20049 0.81341
0.25728 0.22106
0.86808 0.23781
0.52239 0.60766
0.92601 0.69731
0.67730 0.58322
0.13101 0.73290
0.96259 0.94919
0.03142 0.62301
0.54923 0.81293
0.40235 0.78958
0.54670 0.62778
0.58963 0.16079
0.11951 0.97181
0.50663 0.23902
0.72055 0.65564
0.66959 0.94373
0.27873 0.95983
0.97769 0.98482
0.29711 0.92349
0.36365 0.30321
0.64202 0.43632
0.13514 0.05198
0.05314 0.49034
0.74025 0.51697
0.87675 0.60166
0.70641 0.55768
0.12947 0.75376
0.50326 0.11917
0.91411 0.84179
0.30712 0.71677
0.79868 0.84320
0.91033 0.22667
0.07451 0.19028
0.35055 0.01759
0.03138 0.06327
0.46921 0.19335
0.02059 0.86778
0.16298 0.73084
0.80491 0.01044
0.66571 0.81010
0.26919 0.51689
0.47205 0.34766
0.10402 0.74522
0.08417 0.85034
0.77817 0.16301
0.20127 0.99082
0.44727 0.99477
0.78245 0.26405
0.08584 0.75491
0.91152 0.54804
0.01727 0.69579
0.03645 0.37025
0.81659 0.70871
0.10865 0.66971
0.29989 0.15398
0.01217 0.86486
0.36367 0.06372
0.03358 0.21121
0.97660 0.54742
0.25619 0.99731
0.10259 0.61971
0.98195 0.95200
0.37096 0.37575
0.21652 0.51729
0.33617 0.45147
0.77159 0.88987
0.51133 0.98916
0.77124 0.29734
0.68263 0.95707
0.72605 0.61761
0.68705 0.46090
0.55712 0.41809
0.24444 0.09899
0.66454 0.29891
0.44061 0.95211
0.35628 0.49407
0.34694 0.92924
0.44956 0.17371
0.32697 0.27297
0.58479 0.73108
0.97072 0.38270
0.97122 0.59327
0.20204 0.61508
0.01469 0.01684
0.21417 0.45093
0.71573 0.04982
0.60245 0.60721
0.08299 0.97608
0.84115 0.08018
0.60885 0.32212
0.17780 0.64951
0.89857 0.51733
0.90308 0.76913
0.84255 0.62447
0.79318 0.11853
0.84970 0.25138
0.84555 0.30039
0.75082 0.07755
0.00174 0.60824
0.69359 0.24569
0.90883 0.98815
0.25253 0.79525
0.06773 0.43754
0.17065 0.12532
0.23643 0.82818
0.55040 0.90768
0.53876 0.31347
0.92034 0.58289
0.56008 0.69741
0.03260 0.03892
0.35328 0.08031
0.45241 0.47633
0.18911 0.87136
0.71552 0.38484
0.54322 0.43213
0.49346 0.12270
0.00702 0.67100
0.10040 0.05372
0.29821 0.54214
0.54837 0.18185
0.02724 0.65165
0.57436 0.08162
0.66266 0.56472
0.91104 0.47897
0.30039 0.03105
0.04801 0.17854
0.34108 0.92952
0.65061 0.34105
0.89978 0.89183
0.90748 0.75967
0.11987 0.23436
0.07819 0.84102
0.55899 0.84469
0.22696 0.34038
0.02366 0.49973
0.27470 0.18208
0.15990 0.68595
0.68667 0.08945
0.69773 0.51818
0.15776 0.60977
0.94939 0.38318
0.09027 0.70114
0.79506 0.96028
0.50041 0.65604
0.41991 0.45247
0.65315 0.67910
0.82461 0.90626
0.57297 0.35956
0.40571 0.61572
0.68250 0.70048
0.25616 0.23047
0.86321 0.52449
0.71031 0.25042
0.91023 0.79950
0.42829 0.51721
0.65104 0.52573
0.07677 0.17284
0.50317 0.13091
0.32480 0.04636
0.71809 0.02725
0.74425 0.03576
0.59170 0.55197
0.47597 0.33144
0.81400 0.07916
0.96619 0.72286
0.12153 0.01816
