0.89898 0.12485
0.25492 0.60971
0.29252 0.96479
0.60431 0.16852
0.46441 0.25385
0.07444 0.15454
0.25263 0.39340
0.09814 0.45176
0.38164 0.65933
0.63345 0.91059
0.30379 0.19652
0.57256 0.50863
0.00024 0.97463
0.35970 0.03005
0.59216 0.57404
0.01196 0.92919
0.20285 0.68723
0.81718 0.41193
0.46004 0.14812
0.82869 0.24370
0.26013 0.61270
0.40527 0.80296
0.89759 0.97895
0.59047 0.58027
0.38555 0.04790
0.34870 0.21517
0.66276 0.91164
0.43734 0.49110
0.85448 0.71424
0.35720 0.07044
0.52164 0.58729
0.34769 0.08061
0.44512 0.92310
0.52181 0.60928
0.59915 0.05582
0.73198 0.97073
0.68396 0.29649
0.78620 0.42626
0.54264 0.51243
0.44027 0.49145
0.44390 0.34013
0.21408 0.68869
0.11282 0.77553
0.62521 0.63019
0.46080 0.76937
0.66068 0.08407
0.37823 0.23990
0.10158 0.27436
0.09537 0.12738
0.80493 0.15823
0.66214 0.13531
0.49983 0.05281
0.95909 0.56859
0.59584 0.89564
0.09262 0.04183
0.41926 0.24048
0.39532 0.98073
0.41598 0.98320
0.49179 0.61071
0.74316 0.76862
0.69859 0.37926
0.65023 0.64783
0.54147 0.88420
0.76036 0.43025
0.14351 0.28902
0.26979 0.67284
0.97203 0.30707
0.13721 0.76538
0.69234 0.24640
0.42579 0.37683
0.95948 0.30891
0.41470 0.17182
0.10248 0.77861
0.60940 0.25582
0.84470 0.71022
0.21672 0.44033
0.92921 0.02880
0.95917 0.88614
0.54772 0.30099
0.99324 0.08822
0.78881 0.46292
0.41347 0.19820
0.64931 0.43154
0.82230 0.00444
0.67255 0.53148
0.58149 0.06192
0.19148 0.70184
0.68891 0.77371
0.26045 0.63867
0.33879 0.28975
0.17460 0.93581
0.60678 0.04400
0.81272 0.33759
0.03304 0.35787
0.84123 0.72737
0.76548 0.03801
0.75704 0.85418
0.34216 0.44863
0.10251 0.80836
0.57119 0.31209
0.43086 0.02967
0.90336 0.08388
0.31548 0.77045
0.94189 0.99405
0.79705 0.79084
0.32882 0.00571
0.86605 0.72834
0.13813 0.44900
0.61690 0.06651
0.81880 0.48409
0.38766 0.90422
0.91427 0.26944
0.15406 0.86158
0.83274 0.95541
0.71993 0.15928
0.16932 0.13555
0.60558 0.46503
0.52542 0.43272
0.91522 0.44021
0.63168 0.45363
0.63103 0.00995
0.46047 0.86356
0.88513 0.41383
0.43050 0.41482
0.51536 0.00719
0.24936 0.30454
0.72802 0.62127
0.91554 0.94305
0.27444 0.64507
0.71750 0.31414
0.70816 0.61076
0.97987 0.55165
0.94757 0.56207
0.73476 0.72518
0.20269 0.03896
0.93218 0.11718
0.35664 0.71885
0.07059 0.85496
0.69427 0.68335
0.70653 0.80341
0.18188 0.10017
0.83624 0.99183
0.44221 0.19350
0.42955 0.62592
0.49732 0.40552
0.96182 0.11705
0.20498 0.41309
0.11824 0.86011
0.38634 0.40199
0.86374 0.42022
0.64205 0.57563
0.69688 0.12862
0.38142 0.14059
0.69874 0.28494
0.68388 0.83890
0.83741 0.25617
0.31222 0.05747
0.40008 0.70518
0.39811 0.48536
0.88821 0.50947
0.91410 0.91804
0.79291 0.25389
0.48978 0.40274
0.33716 0.05776
0.69890 0.64723
0.92460 0.37886
0.43782 0.57370
0.00002 0.00721
0.48183 0.88442
0.66626 0.93630
0.64452 0.56204
0.64486 0.87599
0.88908 0.86256
0.86610 0.43007
0.18889 0.82197
0.47919 0.52837
0.48919 0.18217
0.20839 0.99668
0.52951 0.56047
0.34477 0.83418
0.51172 0.29150
0.94884 0.19737
0.49805 0.59570
0.48127 0.36764
0.37145 0.36858
0.11811 0.48280
0.10640 0.75467
0.39294 0.71328
0.27921 0.96327
0.13132 0.99398
0.86879 0.34476
0.72748 0.45763
0.82560 0.76981
0.79384 0.45235
0.97777 0.84137
0.02183 0.74753
0.26067 0.19417
0.04736 0.18350
0.71915 0.83209
0.33640 0.84827
0.87513 0.84425
0.39801 0.93389
0.86440 0.68651
0.97884 0.25402
0.64336 0.68299
0.97329 0.26833
0.37237 0.72677
0.04640 0.32388
0.48154 0.68369
0.60257 0.50178
0.75399 0.38108
0.07475 0.83094
0.91395 0.73421
0.80732 0.55794
0.92810 0.75393
0.68210 0.63215
0.58817 0.12559
0.43713 0.09222
0.61273 0.17527
0.08186 0.80095
0.02161 0.40070
0.85465 0.57093
0.95489 0.77362
0.35957 0.21999
0.06857 0.08692
0.10201 0.96821
0.11933 0.75660
0.99210 0.01038
0.99702 0.06526
0.91834 0.35282
0.84048 0.63173
0.93960 0.09757
0.74787 0.05939
0.52191 0.02641
0.33769 0.38025
0.20632 0.32228
0.50887 0.19356
0.80678 0.78515
0.38803 0.66731
0.99022 0.34454
0.61410 0.48914
0.62515 0.45456
0.79969 0.88073
0.67567 0.49425
0.03721 0.22711
0.32845 0.89162
0.15620 0.14354
0.08150 0.26981
0.17290 0.64580
0.25559 0.71017
0.13257 0.10747
0.22904 0.02288
0.78322 0.94660
0.85831 0.07459
0.49599 0.20803
0.10356 0.65239
