0.23221 0.20446
0.18856 0.61700
0.43852 0.30519
0.67687 0.11263
0.92179 0.94515
0.98405 0.88006
0.03539 0.65107
0.02976 0.69562
0.80071 0.45980
0.21374 0.70181
0.90251 0.90258
0.37321 0.48512
0.54391 0.05902
0.96289 0.46980
0.51111 0.70190
0.79800 0.38374
0.43893 0.39828
0.11158 0.79326
0.26056 0.79057
0.63062 0.29901
0.64973 0.38977
0.84936 0.65664
0.50660 0.42125
0.75072 0.97265
0.57802 0.94788
0.05031 0.67070
0.82257 0.25600
0.90191 0.32038
0.44850 0.87199
0.19614 0.96569
0.92118 0.64490
0.86090 0.64360
0.81810 0.99450
0.82997 0.47805
0.35561 0.95187
0.81847 0.92640
0.75435 0.64582
0.61375 0.23629
0.66217 0.13906
0.11002 0.66473
0.60679 0.11038
0.25834 0.56444
0.88315 0.50120
0.57244 0.54702
0.19897 0.51472
0.77146 0.36604
0.65842 0.91658
0.76025 0.68267
0.03081 0.18195
0.91089 0.49997
0.93734 0.06865
0.77390 0.47765
0.92079 0.52033
0.21416 0.44802
0.90745 0.36301
0.93392 0.90839
0.63818 0.06038
0.26219 0.99024
0.51724 0.50395
0.01785 0.58331
0.73612 0.07641
0.49685 0.83568
0.13050 0.46041
0.13846 0.43810
0.27203 0.51811
0.84296 0.35176
0.91979 0.62752
0.32292 0.36434
0.48748 0.54182
0.80594 0.27548
0.71386 0.69234
0.19883 0.21975
0.08584 0.29214
0.06552 0.75487
0.05924 0.05942
0.97809 0.27269
0.62760 0.13185
0.14794 0.21693
0.01992 0.11500
0.65434 0.50405
0.11995 0.99586
0.31171 0.85393
0.60730 0.98945
0.41247 0.55846
0.93531 0.42443
0.38327 0.04111
0.82362 0.25197
0.98281 0.09242
0.65257 0.60278
0.40226 0.18550
0.99434 0.91060
0.44765 0.30494
0.46835 0.80239
0.84413 0.81098
0.52417 0.42193
0.45707 0.82135
0.59843 0.25190
0.53564 0.10478
0.27314 0.83265
0.98377 0.18420
0.63854 0.98049
0.76129 0.54731
0.47344 0.67660
0.03384 0.60675
0.93442 0.25522
0.02056 0.76697
0.59323 0.66091
0.67496 0.95280
0.24731 0.57084
0.28642 0.15426
0.66069 0.56879
0.91572 0.92789
0.94918 0.00606
0.15273 0.88931
0.60892 0.56567
0.36443 0.90464
0.54093 0.52096
0.11648 0.16263
0.04059 0.45522
0.14520 0.73087
0.26531 0.56487
0.29808 0.50235
0.77147 0.17212
0.88204 0.80883
0.84483 0.57007
0.15323 0.91577
0.63345 0.91630
0.43761 0.18695
0.57291 0.72173
0.54196 0.26315
0.82716 0.41808
0.58153 0.14476
0.17818 0.53280
0.93309 0.14477
0.76581 0.48282
0.49740 0.04104
0.91264 0.29259
0.36691 0.69916
0.13159 0.27008
0.16925 0.61315
0.42591 0.47085
0.97934 0.35263
0.08337 0.24817
0.54013 0.94339
0.56795 0.52176
0.10619 0.64786
0.43710 0.37224
0.23398 0.21032
0.74306 0.77358
0.90506 0.65888
0.04554 0.06251
0.08258 0.34340
0.38060 0.36109
0.32608 0.62110
0.78654 0.68162
0.39634 0.80727
0.10737 0.92096
0.39635 0.90029
0.01650 0.74148
0.17857 0.96501
0.63488 0.44338
0.69029 0.30153
0.34123 0.83857
0.57298 0.71551
0.78195 0.51315
0.41584 0.95793
0.75888 0.97511
0.06591 0.67083
0.01850 0.41096
0.43945 0.18895
0.97842 0.80039
0.56419 0.96422
0.43588 0.76781
0.57686 0.19298
0.99291 0.43192
0.90481 0.66289
0.59744 0.39381
0.89626 0.20988
0.63310 0.84887
0.28696 0.71514
0.09210 0.95563
0.23853 0.43639
0.85613 0.50829
0.80889 0.35609
0.70136 0.14011
0.59934 0.49776
0.72474 0.28462
0.92380 0.55410
0.65259 0.76659
0.95627 0.14678
0.61793 0.00302
0.11226 0.31710
0.92066 0.40794
0.17965 0.42697
0.11985 0.09408
0.87008 0.14663
0.37472 0.52237
0.84906 0.41517
0.98117 0.25206
0.56937 0.64919
0.32563 0.94834
0.42623 0.68973
0.09596 0.55617
0.28867 0.03602
0.60319 0.09432
0.10292 0.96759
0.31908 0.29780
0.34787 0.86594
0.93051 0.66598
0.82817 0.34156
0.66785 0.21910
0.15455 0.13406
0.31218 0.69460
0.69932 0.92463
0.33385 0.55852
0.70456 0.54200
0.01734 0.84722
0.05119 0.44138
0.09783 0.51536
0.33469 0.06673
0.44642 0.26844
0.46452 0.45732
0.73877 0.87237
0.88866 0.71700
0.89085 0.82135
0.35202 0.82156
0.20458 0.95240
0.06871 0.23698
0.64982 0.08832
0.92507 0.90928
0.09273 0.05292
0.66826 0.55035
0.98500 0.17918
0.78546 0.24414
0.37148 0.54864
0.44622 0.79563
0.04834 0.43314
0.27676 0.07892
0.33714 0.65921
0.45085 0.24950
0.42160 0.50761
0.59865 0.65265
0.49902 0.60552
0.30215 0.51412
0.62188 0.90057
0.47813 0.27381
0.30755 0.77685
0.00548 0.14700
0.25386 0.02158
0.11863 0.14073
0.93398 0.74995
0.41455 0.95258
0.11559 0.54497
0.39564 0.54005
0.53819 0.41471
0.65553 0.16115
