0.23383 0.42177
0.13089 0.35499
0.36908 0.86693
0.73348 0.71784
0.43612 0.11661
0.90602 0.46790
0.44887 0.82183
0.38594 0.21068
0.71234 0.72057
0.22823 0.67836
0.30687 0.17957
0.97931 0.66047
0.10617 0.43292
0.91159 0.15438
0.48581 0.21276
0.44867 0.95383
0.17921 0.88954
0.93049 0.17271
0.12594 0.76325
0.83846 0.92744
0.26137 0.96387
0.85538 0.21218
0.96336 0.62011
0.70262 0.24454
0.77224 0.90351
0.82999 0.70356
0.20561 0.59263
0.56159 0.37919
0.80992 0.35652
0.32721 0.09751
0.23323 0.90531
0.66749 0.03971
0.12443 0.96101
0.48064 0.94186
0.12859 0.65920
0.98327 0.26584
0.14324 0.33242
0.00735 0.86840
0.53341 0.66124
0.47817 0.26427
0.54764 0.72934
0.04951 0.43570
0.90946 0.35628
0.51251 0.55760
0.01288 0.41754
0.32141 0.47338
0.46595 0.36642
0.02492 0.18845
0.11135 0.30482
0.75854 0.00256
0.52453 0.89728
0.16845 0.32424
0.37929 0.70830
0.58660 0.04330
0.97163 0.07073
0.46490 0.46623
0.89073 0.74484
0.06166 0.72243
0.04018 0.66331
0.84969 0.98322
0.09097 0.82760
0.61092 0.62542
0.85546 0.71817
0.66489 0.97589
0.71919 0.18293
0.16155 0.01108
0.29423 0.63828
0.46022 0.45395
0.25671 0.33636
0.82338 0.28439
0.12627 0.78938
0.31119 0.01482
0.37148 0.43135
0.68118 0.05505
0.69682 0.28886
0.22700 0.65696
0.26376 0.31926
0.32726 0.58839
0.54033 0.09121
0.70658 0.55996
0.05965 0.10023
0.12318 0.34451
0.69886 0.15211
0.93963 0.80513
0.54337 0.32642
0.56146 0.53103
0.71996 0.39772
0.60637 0.34672
0.32046 0.50751
0.50696 0.73273
0.97639 0.07286
0.72552 0.02128
0.55646 0.66772
0.83991 0.06414
0.47670 0.20127
0.19667 0.16167
0.12673 0.04025
0.90459 0.74288
0.41343 0.07882
0.08310 0.43764
0.00206 0.16374
0.54062 0.92901
0.98908 0.80367
0.16286 0.26290
0.56367 0.49997
0.49158 0.15975
0.30513 0.18737
0.69104 0.97612
0.70056 0.17385
0.77523 0.10036
0.75017 0.33213
0.04570 0.15370
0.27842 0.89150
0.96703 0.14819
0.70085 0.86589
0.40687 0.86812
0.82711 0.62241
0.48318 0.11368
0.71556 0.84615
0.05132 0.64165
0.06829 0.69335
0.93023 0.28209
0.79230 0.09717
0.86862 0.12202
0.45068 0.34870
0.89232 0.68963
0.16441 0.04524
0.66134 0.87714
0.97884 0.84130
0.48049 0.86305
0.48567 0.36488
0.13374 0.22188
0.78479 0.86039
0.17728 0.49378
0.67313 0.06367
0.53720 0.76116
0.03199 0.44648
0.13397 0.90505
0.99373 0.25321
0.72019 0.83253
0.42823 0.86146
0.37685 0.36152
0.17718 0.23673
0.74999 0.56566
0.05448 0.07224
0.83944 0.99143
0.72696 0.53184
0.72022 0.68076
0.31458 0.87558
0.61535 0.36087
0.92108 0.66295
0.97831 0.62573
0.21309 0.01118
0.89837 0.09883
0.64483 0.02045
0.65997 0.87216
0.23905 0.54943
0.14831 0.32689
0.29092 0.42840
0.91757 0.36839
0.30490 0.52858
0.51481 0.72035
0.18520 0.86749
0.00743 0.53731
0.75688 0.87791
0.39275 0.17895
0.21952 0.10615
0.18131 0.36875
0.66391 0.51511
0.61390 0.00431
0.56263 0.15180
0.85524 0.22742
0.05088 0.62631
0.45571 0.39042
0.78209 0.60800
0.03475 0.11499
0.63933 0.41066
0.39781 0.17043
0.90120 0.60116
0.58634 0.43998
0.94515 0.92930
0.83508 0.00738
0.51762 0.05016
0.61952 0.36216
0.80340 0.44476
0.25228 0.28832
0.88078 0.19467
0.82218 0.52476
0.28845 0.23846
0.45412 0.74510
0.55572 0.90929
0.08823 0.87124
0.44036 0.00516
0.76926 0.78361
0.76969 0.48782
0.96063 0.62338
0.68786 0.14789
0.75562 0.56370
0.52518 0.58267
0.79950 0.22705
0.24068 0.07977
0.02551 0.49723
0.53734 0.26047
0.78209 0.59544
0.00151 0.10349
0.65976 0.17366
0.39130 0.10235
0.66844 0.82171
0.93835 0.13725
0.34354 0.22083
0.79458 0.44468
0.67217 0.41635
0.55492 0.40742
0.83208 0.25103
0.27106 0.91715
0.96485 0.23205
0.43173 0.22212
0.81542 0.60816
0.07601 0.23350
0.41970 0.91284
0.82963 0.06418
0.83171 0.30617
0.30550 0.68466
0.40570 0.55821
0.99015 0.35659
0.94888 0.04562
0.26548 0.43145
0.41783 0.24952
0.74863 0.44667
0.85827 0.22268
0.08176 0.11825
0.04036 0.98383
0.24352 0.33530
0.17969 0.47086
0.11354 0.02693
0.59987 0.14029
0.64575 0.03276
0.34140 0.35062
0.12961 0.12016
0.27530 0.12877
0.68143 0.81021
0.34150 0.29109
0.62809 0.06827
0.16090 0.51252
0.97942 0.85649
0.05909 0.89005
0.38242 0.48489
0.78975 0.97365
0.38775 0.37036
0.71444 0.52955
0.01493 0.87370
0.05392 0.00749
0.93231 0.00948
0.40057 0.10425
0.79239 0.97685
0.17164 0.01722
