0.24637 0.49535
0.92203 0.02616
0.89482 0.80340
0.80254 0.61825
0.39650 0.59873
0.11074 0.85347
0.40625 0.13565
0.47818 0.09567
0.60389 0.50045
0.43821 0.68970
0.41942 0.52490
0.37372 0.27794
0.43469 0.29759
0.50530 0.47416
0.82308 0.82057
0.06769 0.40901
0.27117 0.31894
0.05446 0.77870
0.35918 0.40557
0.06610 0.62834
0.10193 0.52153
0.28399 0.78695
0.13869 0.41933
0.39049 0.66329
0.97921 0.75312
0.68989 0.83363
0.61408 0.72193
0.96742 0.08953
0.95474 0.97387
0.77269 0.72505
0.97904 0.47583
0.41315 0.12860
0.04717 0.41501
0.75266 0.66262
0.56572 0.34303
0.50745 0.40803
0.64633 0.81318
0.00943 0.07043
0.68441 0.18262
0.44789 0.20573
0.35355 0.39327
0.98739 0.61976
0.25298 0.03587
0.28195 0.54526
0.65879 0.83930
0.03934 0.71821
0.42643 0.66380
0.18580 0.64744
0.91957 0.28762
0.81065 0.20907
0.02460 0.15279
0.15621 0.88176
0.64898 0.54384
0.93424 0.87498
0.46390 0.31823
0.50155 0.21899
0.74511 0.03024
0.83726 0.01498
0.70110 0.36152
0.56883 0.73957
0.99308 0.17345
0.89680 0.80095
0.58772 0.27288
0.81566 0.35193
0.87279 0.56311
0.32597 0.21242
0.07780 0.83186
0.37424 0.68194
0.55791 0.68772
0.29199 0.42728
0.50125 0.36546
0.28493 0.96998
0.23082 0.29167
0.20221 0.52248
0.80366 0.57562
0.83190 0.47075
0.88576 0.65301
0.14301 0.36048
0.28431 0.38604
0.10516 0.92975
0.93053 0.59141
0.32567 0.84309
0.61753 0.09715
0.29720 0.47850
0.71508 0.16052
0.30379 0.83565
0.15322 0.83112
0.58820 0.13377
0.09521 0.98831
0.03242 0.64623
0.93589 0.86876
0.85699 0.21517
0.74716 0.22679
0.91220 0.53552
0.04512 0.01263
0.55045 0.66565
0.45329 0.72298
0.08669 0.59364
0.22887 0.52845
0.31190 0.69568
0.28861 0.66445
0.40704 0.74318
0.67425 0.56837
0.95310 0.03158
0.01289 0.36473
0.08199 0.82925
0.28797 0.53057
0.40291 0.40010
0.75786 0.48621
0.22877 0.36953
0.36746 0.11343
0.21008 0.43887
0.60893 0.22885
0.75154 0.21936
0.49506 0.57468
0.48294 0.06168
0.45211 0.83456
0.05007 0.71282
0.64428 0.05345
0.32743 0.81989
0.19643 0.55985
0.57782 0.56172
0.47141 0.91452
0.36861 0.47452
0.17439 0.78088
0.01949 0.60406
0.11308 0.78663
0.25318 0.05282
0.69155 0.37543
0.59532 0.39429
0.85796 0.83601
0.67819 0.15567
0.81181 0.76022
0.49405 0.44349
0.94565 0.98450
0.08479 0.55822
0.88873 0.11859
0.90227 0.46088
0.84149 0.21954
0.87334 0.13393
0.76542 0.60658
0.68309 0.76566
0.20358 0.36475
0.12307 0.49781
0.43304 0.76823
0.01450 0.68133
0.51899 0.07454
0.26630 0.30806
0.64281 0.92729
0.20523 0.57399
0.00545 0.48023
0.40805 0.52334
0.53595 0.15953
0.31614 0.29100
0.31851 0.44324
0.73928 0.51597
0.15202 0.19705
0.46570 0.47389
0.82668 0.21898
0.93638 0.95153
0.10639 0.94995
0.93302 0.30892
0.03169 0.91910
0.40417 0.21467
0.99353 0.72362
0.04132 0.31802
0.86300 0.46884
0.49401 0.41637
0.39529 0.65971
0.94731 0.62081
0.75303 0.16911
0.76602 0.19253
0.30437 0.22366
0.01836 0.17438
0.91220 0.67617
0.68789 0.45185
0.73674 0.49972
0.55278 0.62437
0.80147 0.92122
0.61817 0.21572
0.72774 0.55691
0.40854 0.56190
0.61735 0.87538
0.57801 0.88613
0.35928 0.08955
0.35391 0.75403
0.62849 0.51886
0.25332 0.75531
0.66971 0.41787
0.57365 0.34845
0.22870 0.88409
0.89447 0.47525
0.89185 0.38913
0.61799 0.63905
0.61677 0.32089
0.61218 0.49444
0.50477 0.32857
0.84397 0.88681
0.22102 0.37751
0.09592 0.82204
0.20314 0.52283
0.55501 0.06881
0.16923 0.09483
0.66975 0.77986
0.81743 0.59105
0.74166 0.55740
0.48985 0.60410
0.82678 0.13824
0.31101 0.50730
0.62954 0.60991
0.35120 0.66769
0.36474 0.89328
0.74825 0.82900
0.79325 0.16879
0.70798 0.22730
0.94513 0.86050
0.95863 0.25625
0.58161 0.78133
0.68669 0.11544
0.22026 0.60191
0.02131 0.93951
0.60479 0.35872
0.42042 0.74621
0.68012 0.23811
0.65253 0.56228
0.68393 0.11651
0.73890 0.93060
0.27511 0.42534
0.37158 0.88483
0.58425 0.34918
0.07533 0.08451
0.44395 0.52419
0.33615 0.54471
0.56550 0.20734
0.69004 0.52113
0.69181 0.35871
0.29875 0.28566
0.67251 0.10706
0.15319 0.71453
0.99910 0.66516
0.16722 0.96695
0.71333 0.58610
0.65956 0.34627
0.96458 0.76471
0.33572 0.85776
0.92159 0.34350
0.55917 0.50008
0.28568 0.14700
0.45602 0.29286
0.60476 0.20870
0.50883 0.85679
0.62358 0.27053
0.00466 0.11694
0.87696 0.17170
0.94413 0.00262
0.94357 0.85845
