0.11717 0.33722
0.62859 0.78917
0.63710 0.60027
0.18753 0.68387
0.59867 0.50577
0.95284 0.23047
0.67233 0.77156
0.34758 0.30388
0.77854 0.27582
0.79331 0.22793
0.34018 0.39593
0.94071 0.98287
0.09470 0.98565
0.71189 0.90436
0.22403 0.15778
0.21693 0.07090
0.47995 0.88290
0.60155 0.14504
0.22453 0.44712
0.98524 0.01144
0.19215 0.97029
0.95072 0.39098
0.15962 0.13160
0.62606 0.64245
0.11019 0.19147
0.13599 0.86834
0.92058 0.03555
0.32426 0.62653
0.27953 0.79803
0.52860 0.27378
0.55687 0.95362
0.69305 0.10229
0.80580 0.55023
0.83823 0.57886
0.55128 0.15100
0.51745 0.81546
0.34054 0.53472
0.54403 0.02296
0.58049 0.58844
0.83740 0.21673
0.16905 0.26527
0.74136 0.41269
0.98872 0.95910
0.26775 0.59385
0.74618 0.16972
0.71779 0.59154
0.69009 0.42994
0.93405 0.10408
0.72163 0.96394
0.91942 0.39178
0.70846 0.85569
0.77296 0.88477
0.42639 0.29066
0.69217 0.99600
0.58391 0.39737
0.24930 0.67361
0.01599 0.59489
0.10767 0.75972
0.33904 0.58569
0.65373 0.44909
0.50648 0.10293
0.92475 0.85764
0.39474 0.66378
0.21310 0.65970
0.23037 0.45461
0.84542 0.37138
0.20110 0.97034
0.20922 0.83080
0.36790 0.72716
0.69525 0.90709
0.68694 0.97851
0.26649 0.74351
0.92218 0.62029
0.15240 0.95972
0.37637 0.16636
0.96379 0.72988
0.76857 0.40747
0.71738 0.37500
0.10708 0.83289
0.74379 0.14725
0.23569 0.51597
0.00042 0.89865
0.79874 0.78574
0.37388 0.19431
0.62308 0.50561
0.17955 0.37176
0.02960 0.68862
0.70225 0.42119
0.98495 0.74916
0.92709 0.87233
0.58075 0.72959
0.17566 0.39814
0.41971 0.86413
0.24923 0.14324
0.87246 0.97769
0.55984 0.63274
0.25942 0.04999
0.70455 0.12362
0.81267 0.81968
0.80728 0.84782
0.09030 0.54367
0.52792 0.62819
0.77026 0.64513
0.77092 0.93885
0.19644 0.56597
0.69244 0.18269
0.04519 0.42855
0.83194 0.11804
0.92762 0.64285
0.29731 0.79981
0.11549 0.21421
0.75075 0.27399
0.03243 0.22156
0.34897 0.73241
0.32477 0.56137
0.95394 0.85653
0.15258 0.93543
0.60342 0.36858
0.09131 0.36681
0.78106 0.92027
0.49094 0.96842
0.44587 0.48835
0.87547 0.08964
0.25554 0.37573
0.46983 0.13293
0.79248 0.93811
0.09551 0.95361
0.22330 0.81948
0.74837 0.36972
0.27735 0.27235
0.60446 0.82752
0.01261 0.40073
0.15515 0.24017
0.05537 0.42348
0.33034 0.43279
0.90476 0.49555
0.08460 0.73780
0.80369 0.16490
0.37736 0.40774
0.88539 0.49594
0.41945 0.97634
0.06986 0.30612
0.62979 0.84168
0.66175 0.38966
0.49747 0.52252
0.04110 0.95744
0.95189 0.96033
0.77504 0.07805
0.31626 0.27645
0.65132 0.03552
0.12603 0.69131
0.88944 0.79668
0.48324 0.91095
0.47995 0.50147
0.08892 0.74301
0.99777 0.31694
0.78866 0.81214
0.81576 0.00595
0.11947 0.16391
0.48085 0.85297
0.23632 0.56657
0.41394 0.44369
0.26661 0.84196
0.65070 0.39138
0.53299 0.27477
0.73810 0.08113
0.89001 0.33615
0.05672 0.66046
0.99510 0.82727
0.86038 0.92466
0.19247 0.66787
0.65499 0.54039
0.52166 0.18961
0.37313 0.38009
0.81120 0.45997
0.37605 0.94062
0.66945 0.13070
0.29208 0.26121
0.08918 0.07081
0.92162 0.82888
0.56653 0.65597
0.17655 0.12254
0.03523 0.69361
0.19988 0.40718
0.83265 0.34058
0.86841 0.25505
0.09132 0.02421
0.78788 0.66928
0.19276 0.21333
0.24203 0.56399
0.70283 0.36944
0.58119 0.45101
0.53566 0.19826
0.70343 0.63377
0.15199 0.12379
0.52085 0.37755
0.31962 0.77484
0.14718 0.19460
0.36476 0.86736
0.54774 0.78745
0.87127 0.52601
0.37068 0.29349
0.73417 0.82371
0.69560 0.73815
0.51545 0.73858
0.09237 0.21968
0.89707 0.12430
0.71694 0.73081
0.51962 0.71357
0.33293 0.47275
0.19286 0.00258
0.17582 0.09600
0.01249 0.66196
0.36074 0.75738
0.64161 0.73135
0.84687 0.42413
0.42013 0.17245
0.24132 0.46725
0.31328 0.95327
0.75667 0.32315
0.61278 0.06303
0.39889 0.68773
0.63511 0.11683
0.49779 0.98111
0.69952 0.32743
0.29746 0.75507
0.27860 0.18356
0.78293 0.61305
0.35586 0.15990
0.98100 0.94889
0.28615 0.99315
0.02982 0.35001
0.69857 0.62402
0.06242 0.92851
0.21472 0.58576
0.65766 0.42212
0.20072 0.82156
0.70908 0.89539
0.96181 0.08840
0.42390 0.88563
0.77136 0.77859
0.32209 0.48720
0.16988 0.81059
0.71492 0.79415
0.52879 0.75108
0.14325 0.88850
0.33165 0.04759
0.06590 0.95208
0.90257 0.21643
0.50406 0.64555
0.16277 0.91375
0.12514 0.38290
0.85881 0.66858
0.34827 0.99414
0.80010 0.90986
0.09551 0.80344
