0.66878 0.97242
0.60330 0.34280
0.99929 0.08933
0.76029 0.05219
0.70796 0.61918
0.25697 0.06808
0.18537 0.51477
0.87584 0.95945
0.64988 0.38098
0.15618 0.69012
0.93508 0.22446
0.43565 0.91278
0.88813 0.69166
0.07189 0.21033
0.40911 0.08590
0.08696 0.95847
0.19423 0.88489
0.27153 0.62596
0.56432 0.90167
0.32883 0.30481
0.83678 0.16894
0.83501 0.78488
0.89920 0.81107
0.38896 0.84145
0.71453 0.15082
0.14237 0.03942
0.19619 0.72098
0.34667 0.29668
0.47883 0.59884
0.38259 0.58132
0.07776 0.86592
0.74149 0.34597
0.86933 0.10673
0.98498 0.18468
0.56463 0.28720
0.92390 0.84612
0.21474 0.96571
0.42242 0.22888
0.34398 0.86091
0.76164 0.90771
0.08466 0.30379
0.85296 0.33991
0.58473 0.03600
0.21458 0.77411
0.69965 0.05606
0.56914 0.52710
0.46194 0.23800
0.14156 0.36744
0.38515 0.46388
0.58146 0.67546
0.05027 0.96166
0.20015 0.72538
0.94518 0.67825
0.85178 0.45425
0.66196 0.41126
0.74226 0.60612
0.28534 0.47699
0.47026 0.35533
0.36264 0.80796
0.14007 0.18204
0.67065 0.56841
0.43038 0.47059
0.99194 0.23161
0.09254 0.04433
0.14986 0.71006
0.51715 0.78563
0.21233 0.50870
0.76832 0.65561
0.89992 0.71769
0.41246 0.75652
0.20382 0.86165
0.31259 0.19341
0.59687 0.85092
0.44031 0.74878
0.65854 0.50900
0.03016 0.15735
0.63818 0.27672
0.32490 0.69662
0.65384 0.53517
0.13242 0.07845
0.75375 0.90735
0.35358 0.59414
0.16748 0.08190
0.81232 0.28588
0.35170 0.09282
0.89114 0.70481
0.71754 0.58315
0.03708 0.07561
0.02552 0.18924
0.63356 0.75155
0.29014 0.70974
0.47922 0.31447
0.66146 0.13200
0.55174 0.65606
0.38787 0.92641
0.26840 0.32718
0.00914 0.07175
0.72202 0.66557
0.39643 0.31388
0.49144 0.48385
0.07748 0.81184
0.44788 0.31026
0.49433 0.68723
0.62992 0.57244
0.83208 0.86913
0.18858 0.69566
0.29797 0.24841
0.38780 0.24599
0.57997 0.51463
0.98049 0.22906
0.36594 0.54539
0.63617 0.50230
0.71730 0.44336
0.52353 0.05539
0.53213 0.86029
0.78501 0.24635
0.49132 0.50786
0.12054 0.21675
0.60509 0.95778
0.81876 0.08988
0.32192 0.85988
0.91843 0.59504
0.85703 0.82415
0.53132 0.46850
0.65395 0.72298
0.85409 0.26576
0.80121 0.26875
0.85914 0.02886
0.39968 0.69962
0.68578 0.79466
0.91799 0.34677
0.92708 0.86979
0.93681 0.67085
0.00242 0.34586
0.51950 0.97758
0.67478 0.25580
0.73703 0.52685
0.24969 0.69293
0.04678 0.15422
0.02950 0.39090
0.59375 0.10950
0.57335 0.05220
0.17352 0.42350
0.37748 0.41403
0.26036 0.52069
0.77697 0.20611
0.39143 0.01465
0.20989 0.44260
0.19858 0.20740
0.30380 0.79691
0.62701 0.77872
0.31967 0.68214
0.00483 0.67377
0.87591 0.39320
0.47830 0.67052
0.72590 0.42916
0.21693 0.03428
0.40336 0.29576
0.86175 0.57363
0.12743 0.27169
0.27666 0.21005
0.06155 0.83986
0.15998 0.11084
0.79406 0.46318
0.06077 0.74121
0.79833 0.61247
0.19640 0.76835
0.12624 0.79726
0.43557 0.26446
0.13210 0.88010
0.35101 0.89792
0.39689 0.82546
0.52194 0.90014
0.52679 0.51106
0.48227 0.53032
0.58474 0.50122
0.62975 0.05194
0.87959 0.82086
0.22373 0.41667
0.64468 0.64519
0.92197 0.31786
0.76740 0.24461
0.55242 0.38598
0.80582 0.01069
0.73890 0.97354
0.21790 0.69858
0.09760 0.77611
0.76757 0.13883
0.30903 0.36749
0.80397 0.08043
0.05191 0.51665
0.42298 0.46637
0.66244 0.33820
0.45489 0.18595
0.85945 0.34735
0.70453 0.03193
0.86116 0.59975
0.98677 0.33213
0.04959 0.79694
0.82103 0.81587
0.75469 0.76686
0.09348 0.93657
0.76483 0.19493
0.45162 0.90600
0.16568 0.28881
0.71086 0.76441
0.45459 0.88279
0.53674 0.79907
0.42485 0.48517
0.33729 0.94368
0.16333 0.12969
0.88356 0.56628
0.10911 0.86698
0.28057 0.49273
0.31890 0.06811
0.10125 0.90852
0.68641 0.91415
0.22122 0.21493
0.58044 0.23327
0.77278 0.06626
0.82033 0.30893
0.01312 0.02763
0.12060 0.84668
0.94188 0.93609
0.41540 0.85258
0.21836 0.67521
0.29397 0.83412
0.35008 0.78558
0.45933 0.51544
0.21958 0.91470
0.39362 0.28277
0.35584 0.78543
0.56400 0.88663
0.79944 0.41659
0.08697 0.96514
0.40804 0.81512
0.80853 0.30411
0.65021 0.10949
0.91305 0.89034
0.32186 0.41658
0.75735 0.03730
0.08024 0.98336
0.26994 0.90412
0.76869 0.83588
0.15267 0.23658
0.22667 0.28134
0.25435 0.01998
0.93037 0.39380
0.61064 0.66348
0.18895 0.87557
0.84902 0.50902
0.55267 0.93066
0.42704 0.60459
0.20891 0.17891
0.57698 0.86295
0.89275 0.71976
