0.40128 0.92663
0.15162 0.50750
0.84932 0.25594
0.59055 0.66699
0.89884 0.14024
0.35502 0.12943
0.90999 0.38365
0.32098 0.80618
0.37158 0.50910
0.01867 0.79797
0.32196 0.92507
0.91490 0.60587
0.90659 0.38591
0.88598 0.94380
0.60798 0.73282
0.13700 0.42811
0.44612 0.25319
0.04351 0.39150
0.94921 0.84942
0.64323 0.59894
0.02120 0.95199
0.81020 0.84038
0.26628 0.61163
0.67514 0.17851
0.98035 0.13848
0.72579 0.01960
0.14843 0.52975
0.10662 0.29657
0.32640 0.26055
0.87383 0.97918
0.03979 0.65826
0.56275 0.95451
0.05210 0.92398
0.75159 0.63836
0.56284 0.98150
0.38754 0.06302
0.44465 0.42968
0.01135 0.04368
0.72408 0.53045
0.75081 0.46394
0.91701 0.36525
0.66282 0.28870
0.02294 0.53351
0.31720 0.04164
0.79536 0.55544
0.26393 0.82616
0.72252 0.73336
0.95337 0.46416
0.53888 0.87820
0.39004 0.17867
0.25236 0.78769
0.76942 0.08956
0.82301 0.72859
0.54585 0.28741
0.17821 0.77848
0.61362 0.69562
0.60498 0.72616
0.73051 0.05239
0.18897 0.62862
0.20640 0.79934
0.31399 0.25277
0.74739 0.36814
0.37258 0.01911
0.86459 0.12765
0.19122 0.24636
0.14129 0.54518
0.51744 0.55336
0.44696 0.11279
0.15870 0.38805
0.29523 0.33467
0.52032 0.50977
0.49009 0.31979
0.87879 0.83249
0.45232 0.26961
0.27046 0.81523
0.13560 0.42589
0.81654 0.49606
0.31939 0.89713
0.84148 0.71867
0.84858 0.18104
0.62502 0.47732
0.55945 0.97506
0.89272 0.24899
0.69580 0.90081
0.03370 0.65231
0.40932 0.34679
0.72821 0.76207
0.26504 0.53172
0.04859 0.45935
0.80365 0.94168
0.39306 0.28059
0.62903 0.59998
0.84785 0.79061
0.16835 0.95387
0.83524 0.52282
0.60821 0.80650
0.55060 0.82912
0.80534 0.00842
0.65258 0.23909
0.60280 0.88711
0.45959 0.37520
0.94011 0.43290
0.04579 0.98641
0.70485 0.71406
0.85307 0.26608
0.87380 0.93250
0.21902 0.06017
0.07149 0.86441
0.00041 0.01945
0.27574 0.16443
0.16690 0.11187
0.22313 0.97835
0.32002 0.85791
0.39609 0.14475
0.33650 0.68751
0.88765 0.26962
0.30121 0.58615
0.05487 0.18960
0.17921 0.89105
0.14866 0.15859
0.90207 0.14406
0.96162 0.50282
0.94882 0.09909
0.77275 0.53374
0.85531 0.88760
0.12198 0.86113
0.63100 0.31789
0.12616 0.37401
0.16112 0.12249
0.89675 0.89504
0.35106 0.90920
0.37696 0.70853
0.74440 0.06851
0.89454 0.32021
0.01196 0.34453
0.06477 0.99771
0.05307 0.81894
0.21606 0.86199
0.57236 0.80385
0.36647 0.16995
0.66624 0.61143
0.51112 0.97250
0.45228 0.79957
0.74558 0.32878
0.12941 0.38722
0.87142 0.47943
0.84665 0.41872
0.78604 0.08169
0.09269 0.39009
0.17309 0.39502
0.00941 0.39161
0.77030 0.06497
0.37301 0.63093
0.33749 0.41507
0.01229 0.57384
0.93027 0.90866
0.25670 0.92504
0.66040 0.57895
0.08287 0.19145
0.37691 0.83341
0.67787 0.05167
0.69928 0.58634
0.17102 0.00221
0.81412 0.71914
0.06655 0.15527
0.56138 0.13546
0.86423 0.69120
0.78720 0.96203
0.36740 0.73488
0.22568 0.14992
0.18764 0.97162
0.62995 0.83959
0.12992 0.34232
0.74671 0.68899
0.79391 0.85688
0.36307 0.56315
0.81386 0.75789
0.25647 0.41788
0.17749 0.33983
0.04598 0.93511
0.51731 0.64632
0.38935 0.46261
0.46877 0.18599
0.43448 0.67640
0.57864 0.93277
0.24232 0.05468
0.88045 0.35470
0.95811 0.76340
0.02894 0.46118
0.37366 0.18638
0.05809 0.42123
0.59954 0.19113
0.91282 0.57181
0.59269 0.37732
0.99616 0.38002
0.15931 0.61623
0.26647 0.96702
0.71231 0.76539
0.66975 0.20771
0.55768 0.35736
0.52306 0.19217
0.25225 0.88959
0.82459 0.27001
0.94630 0.89450
0.86678 0.50135
0.92853 0.02811
0.67267 0.34827
0.52691 0.50796
0.47878 0.55630
0.98119 0.57085
0.85775 0.76808
0.32517 0.57061
0.74962 0.29635
0.50391 0.52273
0.61550 0.50903
0.62293 0.75426
0.73481 0.82485
0.26012 0.71845
0.40902 0.69288
0.18342 0.74012
0.61890 0.16184
0.84661 0.33944
0.77420 0.53690
0.63691 0.91501
0.47854 0.25653
0.42294 0.14085
0.47141 0.24474
0.37390 0.97293
0.06921 0.96041
0.53187 0.69217
0.29783 0.57305
0.62972 0.87713
0.25784 0.05153
0.63878 0.27427
0.92135 0.58414
0.36441 0.95269
0.99932 0.49187
0.66145 0.85537
0.02367 0.55355
0.48789 0.75766
0.08830 0.21758
0.92123 0.36276
0.49556 0.44163
0.47210 0.61018
0.75172 0.10213
0.16021 0.72859
0.09880 0.78171
0.31619 0.14546
0.21254 0.06638
0.07002 0.25466
0.63687 0.30131
0.25108 0.29057
0.50913 0.53302
0.11473 0.60400
0.42066 0.78449
0.02501 0.09915
