0.75011 0.74098
0.30090 0.11479
0.53791 0.39402
0.85628 0.95269
0.86511 0.88285
0.53908 0.18429
0.15216 0.74400
0.43472 0.08190
0.87008 0.96208
0.93673 0.84753
0.97375 0.43233
0.10420 0.41171
0.72856 0.04513
0.65945 0.19245
0.88759 0.31322
0.90507 0.01788
0.00290 0.82732
0.04586 0.96853
0.51959 0.40546
0.59330 0.50341
0.02113 0.64498
0.92693 0.48827
0.00456 0.27846
0.15325 0.35734
0.16331 0.16278
0.77921 0.43771
0.75955 0.40819
0.79861 0.00293
0.13611 0.02131
0.15714 0.17256
0.29653 0.23598
0.20263 0.80190
0.33416 0.40240
0.00318 0.56628
0.63620 0.41787
0.92715 0.17040
0.90361 0.71376
0.17313 0.94038
0.88678 0.84526
0.06192 0.40922
0.16965 0.11970
0.26336 0.40331
0.45657 0.32831
0.68121 0.98360
0.88048 0.60836
0.65923 0.00894
0.80416 0.50717
0.62098 0.04119
0.53773 0.96863
0.16039 0.95404
0.24156 0.67124
0.09335 0.14480
0.62248 0.67165
0.66196 0.93837
0.32059 0.82616
0.45002 0.88565
0.71785 0.25251
0.87514 0.56891
0.56029 0.81083
0.72659 0.23146
0.26938 0.15937
0.47683 0.75077
0.47163 0.45141
0.00800 0.92711
0.60690 0.45520
0.79687 0.33666
0.70918 0.75478
0.18291 0.46163
0.90678 0.40693
0.06952 0.79429
0.85534 0.94168
0.00768 0.10375
0.28388 0.44081
0.62378 0.20336
0.07915 0.18548
0.58866 0.51243
0.25053 0.35546
0.00480 0.98660
0.83754 0.90473
0.77473 0.64873
0.80830 0.80661
0.92988 0.19334
0.85931 0.37515
0.51309 0.31170
0.89645 0.61851
0.11960 0.68497
0.46648 0.99448
0.55278 0.07227
0.44028 0.83273
0.01240 0.96671
0.76860 0.98497
0.63383 0.83862
0.73744 0.27765
0.82013 0.27228
0.22105 0.44891
0.72852 0.18211
0.33978 0.92729
0.43658 0.68754
0.47585 0.79398
0.51847 0.07648
0.23470 0.18453
0.33979 0.59328
0.71718 0.31837
0.45996 0.20713
0.28933 0.76305
0.33699 0.03794
0.49345 0.83921
0.99410 0.59531
0.94646 0.81454
0.10022 0.88953
0.32227 0.17888
0.10249 0.61789
0.40132 0.78417
0.48128 0.29372
0.90592 0.05393
0.37328 0.29021
0.01670 0.44020
0.16234 0.90487
0.32102 0.22759
0.49138 0.05355
0.85753 0.27551
0.47829 0.88250
0.12674 0.14756
0.99922 0.77948
0.40258 0.08151
0.25881 0.92957
0.78776 0.54083
0.77641 0.30354
0.62826 0.60323
0.47972 0.56916
0.06414 0.55414
0.72851 0.34699
0.93121 0.93437
0.22371 0.96055
0.35505 0.25239
0.75617 0.85784
0.80581 0.93459
0.41937 0.95064
0.92372 0.48278
0.06491 0.67322
0.04002 0.70899
0.61072 0.10279
0.42036 0.30011
0.01820 0.80878
0.74457 0.87945
0.49213 0.10474
0.90623 0.82046
0.79759 0.94716
0.55933 0.40406
0.54295 0.76734
0.44707 0.77180
0.03848 0.70373
0.88117 0.45512
0.96998 0.36807
0.36840 0.35664
0.71316 0.08272
0.91001 0.56358
0.75255 0.49191
0.49533 0.57851
0.98621 0.96135
0.63315 0.10116
0.01472 0.90707
0.90245 0.91785
0.90483 0.34370
0.13406 0.38619
0.60991 0.26839
0.42257 0.49233
0.00348 0.22441
0.69787 0.82779
0.62020 0.53712
0.13022 0.43164
0.17979 0.83578
0.08511 0.95951
0.64737 0.73147
0.18071 0.24776
0.81993 0.68467
0.36750 0.46152
0.74677 0.83648
0.53868 0.33870
0.47834 0.24678
0.36614 0.10999
0.91822 0.96625
0.48717 0.25391
0.74033 0.02225
0.37142 0.79665
0.37651 0.22072
0.06397 0.54324
0.68258 0.75299
0.89798 0.29247
0.62719 0.88191
0.04192 0.43916
0.33030 0.74358
0.92222 0.11351
0.38121 0.05487
0.74952 0.74758
0.24049 0.80699
0.51068 0.36615
0.97261 0.43302
0.12649 0.27848
0.93478 0.17090
0.96178 0.09805
0.10838 0.18378
0.58977 0.03723
0.88723 0.85084
0.25887 0.82888
0.10540 0.77078
0.00836 0.95900
0.32064 0.81773
0.25349 0.67520
0.28969 0.32255
0.19664 0.59522
0.56311 0.11865
0.24289 0.22296
0.31191 0.16037
0.26313 0.79454
0.78630 0.33668
0.55146 0.58150
0.97173 0.83508
0.60906 0.32680
0.56540 0.23669
0.33142 0.39283
0.94157 0.11242
0.15814 0.68431
0.06401 0.77683
0.55434 0.58247
0.44453 0.05908
0.71194 0.63492
0.49254 0.73857
0.21995 0.89571
0.00765 0.43436
0.05821 0.91663
0.90936 0.62227
0.00445 0.03431
0.91784 0.35925
0.71925 0.84277
0.12614 0.66224
0.12722 0.88383
0.41049 0.12744
0.13692 0.26115
0.67233 0.03625
0.07909 0.96228
0.03021 0.36530
0.68403 0.66649
0.50738 0.84911
0.06963 0.52229
0.19008 0.55806
0.72634 0.50985
0.61792 0.69429
0.46543 0.47347
0.92030 0.65848
0.97758 0.89692
0.24413 0.79986
0.74174 0.61346
0.80746 0.53599
0.47026 0.58831
0.03564 0.83212
