0.46254 0.31429
0.97152 0.19023
0.93680 0.01198
0.77280 0.83775
0.07188 0.87045
0.76727 0.53167
0.62710 0.10811
0.62616 0.75215
0.03862 0.95026
0.23036 0.52543
0.45022 0.80173
0.74648 0.07554
0.31648 0.97326
0.70341 0.21317
0.98608 0.48076
0.42024 0.38110
0.82394 0.98880
0.31631 0.38373
0.76853 0.44069
0.15685 0.28617
0.53618 0.33302
0.01584 0.29423
0.14980 0.25315
0.33533 0.67321
0.57663 0.35030
0.18838 0.01380
0.25543 0.97039
0.62202 0.42623
0.24025 0.76704
0.23390 0.20180
0.16379 0.95291
0.81038 0.93997
0.31624 0.89605
0.75289 0.02079
0.08345 0.00697
0.98622 0.01251
0.47897 0.90169
0.41096 0.19339
0.41310 0.88407
0.45202 0.98081
0.44822 0.79264
0.63167 0.01032
0.14461 0.27681
0.23740 0.56249
0.86512 0.25632
0.71030 0.74685
0.96513 0.80016
0.91986 0.95800
0.25074 0.98832
0.48953 0.61383
0.20751 0.81567
0.21231 0.27856
0.08747 0.60320
0.45017 0.07429
0.48026 0.22735
0.42233 0.13961
0.38388 0.87989
0.10075 0.49622
0.43589 0.13306
0.68728 0.62702
0.29614 0.56891
0.50484 0.41425
0.71321 0.37000
0.03032 0.55582
0.08716 0.07317
0.52752 0.64837
0.02929 0.36432
0.11396 0.48442
0.80487 0.20697
0.74538 0.41364
0.47810 0.77117
0.99641 0.70131
0.46300 0.49222
0.80178 0.88399
0.52050 0.24292
0.29274 0.52619
0.54757 0.33232
0.48431 0.56957
0.58943 0.85204
0.32800 0.88809
0.35311 0.11877
0.60591 0.64726
0.82085 0.77378
0.69540 0.49291
0.46063 0.94982
0.91988 0.82715
0.89998 0.69043
0.25516 0.32746
0.28731 0.63820
0.80959 0.06129
0.07275 0.66206
0.61494 0.94545
0.51153 0.11820
0.70010 0.83346
0.07711 0.27257
0.08434 0.58378
0.29232 0.13526
0.63882 0.20153
0.67822 0.45537
0.48698 0.88376
0.80671 0.68036
0.80448 0.34810
0.46610 0.45083
0.13505 0.78268
0.78070 0.03172
0.05021 0.76451
0.17551 0.67968
0.95629 0.87329
0.55842 0.67402
0.01464 0.14386
0.39013 0.58623
0.62780 0.86569
0.28737 0.08117
0.16160 0.07404
0.45596 0.87709
0.89215 0.20452
0.27875 0.15204
0.86018 0.21534
0.97571 0.12290
0.65717 0.20872
0.80494 0.03941
0.84731 0.05953
0.10041 0.34141
0.20864 0.64321
0.53242 0.99570
0.52021 0.01227
0.73835 0.51392
0.78327 0.50401
0.46192 0.48838
0.42394 0.91339
0.74542 0.92749
0.27377 0.00212
0.18836 0.41232
0.86526 0.12303
0.58943 0.31832
0.70840 0.32396
0.24096 0.41273
0.52631 0.71888
0.50127 0.67492
0.73501 0.63669
0.13627 0.51401
0.09590 0.80425
0.96822 0.37508
0.07581 0.19435
0.42610 0.60000
0.90452 0.86735
0.75749 0.47274
0.68501 0.37580
0.61752 0.98123
0.02549 0.63563
0.78841 0.28210
0.12284 0.20002
0.72243 0.96092
0.85021 0.30648
0.42589 0.05778
0.95933 0.56422
0.21274 0.83407
0.16723 0.63169
0.33186 0.58401
0.11747 0.96894
0.15095 0.96989
0.56348 0.69952
0.99559 0.19814
0.52949 0.07072
0.06429 0.65459
0.80742 0.41143
0.22060 0.34554
0.37283 0.92009
0.98520 0.52076
0.28252 0.02483
0.40333 0.13255
0.42820 0.47000
0.42480 0.29643
0.30158 0.33941
0.26058 0.98297
0.77479 0.77245
0.14670 0.28732
0.27588 0.56159
0.43111 0.77764
0.26525 0.30900
0.60918 0.06975
0.21838 0.66987
0.38546 0.33718
0.15696 0.18833
0.25307 0.74884
0.78391 0.83706
0.99762 0.14019
0.35545 0.10729
0.57031 0.33114
0.38612 0.54426
0.77281 0.02140
0.64520 0.87068
0.71270 0.98291
0.36597 0.89848
0.09658 0.68161
0.82896 0.13997
0.79390 0.51473
0.10149 0.20542
0.50316 0.59803
0.58994 0.98385
0.60618 0.63021
0.17942 0.11178
0.43000 0.81553
0.13608 0.67634
0.30786 0.76318
0.01212 0.69590
0.08550 0.54317
0.69559 0.68895
0.07632 0.07456
0.46904 0.37152
0.38453 0.03516
0.51144 0.76751
0.47830 0.33734
0.83776 0.83477
0.76257 0.67490
0.89478 0.37181
0.25537 0.32394
0.05810 0.41413
0.80694 0.92090
0.61361 0.20710
0.82802 0.04656
0.81850 0.76253
0.49623 0.50785
0.85525 0.62366
0.48009 0.99873
0.46718 0.93439
0.49174 0.44996
0.36030 0.22794
0.75014 0.37045
0.53770 0.34275
0.05725 0.69255
0.73018 0.24096
0.92711 0.54305
0.91817 0.72663
0.23079 0.93499
0.68645 0.08411
0.07603 0.28422
0.35574 0.78434
0.73443 0.26895
0.62902 0.83804
0.53625 0.64211
0.51481 0.82635
0.84653 0.48995
0.12330 0.00719
0.62800 0.21883
0.87895 0.19128
0.42684 0.11595
0.78569 0.88271
0.74012 0.76198
0.71578 0.09546
0.16083 0.12387
0.82011 0.47864
0.28206 0.02143
0.10510 0.62576
0.26577 0.90307
0.33727 0.69547
