0.35010 0.86751
0.97353 0.55292
0.66379 0.12399
0.13242 0.13045
0.58985 0.85729
0.90521 0.81040
0.40353 0.17266
0.09630 0.98832
0.07001 0.06391
0.64875 0.54006
0.41923 0.61517
0.51763 0.47974
0.64131 0.14571
0.80544 0.34349
0.39449 0.89517
0.63656 0.50698
0.89275 0.38117
0.51840 0.84159
0.43267 0.44912
0.49964 0.57521
0.22004 0.78165
0.98145 0.16885
0.61741 0.96912
0.97378 0.60134
0.01510 0.78126
0.18434 0.24567
0.36141 0.15601
0.59336 0.02843
0.39464 0.77295
0.40080 0.12833
0.90426 0.47519
0.89520 0.89684
0.19662 0.03169
0.68672 0.47251
0.22138 0.20119
0.25491 0.77401
0.91759 0.62613
0.50956 0.71881
0.34138 0.35301
0.96463 0.02200
0.78460 0.06009
0.85731 0.57813
0.94226 0.78291
0.96024 0.82165
0.64785 0.92620
0.06672 0.31634
0.69384 0.07855
0.88335 0.01705
0.67809 0.64466
0.20205 0.33081
0.53182 0.05550
0.88052 0.93649
0.96749 0.53823
0.72542 0.49354
0.15877 0.95164
0.51095 0.84161
0.24689 0.36470
0.47714 0.79760
0.37588 0.13522
0.48150 0.17577
0.40957 0.07595
0.49477 0.87139
0.95163 0.54100
0.15266 0.41251
0.15516 0.21771
0.90762 0.37638
0.33247 0.69665
0.24408 0.75194
0.95855 0.11600
0.86039 0.45699
0.26758 0.41951
0.53110 0.35018
0.64086 0.60472
0.19006 0.50008
0.21579 0.51986
0.15422 0.82518
0.69547 0.60184
0.56329 0.74544
0.85714 0.94917
0.85082 0.61339
0.68496 0.25066
0.73059 0.28882
0.81289 0.68943
0.31301 0.43830
0.15204 0.47735
0.82670 0.59560
0.10997 0.46647
0.91613 0.11458
0.42780 0.82271
0.94421 0.93119
0.65083 0.93786
0.30160 0.55952
0.11730 0.23879
0.62107 0.51315
0.82293 0.61959
0.73660 0.51757
0.37368 0.20007
0.35446 0.35195
0.48415 0.24936
0.47471 0.16534
0.11596 0.48711
0.73182 0.20024
0.86075 0.68014
0.88252 0.80094
0.49938 0.03573
0.58236 0.09040
0.17132 0.30669
0.93983 0.33413
0.70428 0.37356
0.07505 0.29355
0.51713 0.47639
0.40779 0.72531
0.11970 0.73787
0.86735 0.97134
0.22082 0.11627
0.62362 0.52822
0.29953 0.82574
0.08784 0.64833
0.67949 0.69345
0.90796 0.10297
0.46752 0.32709
0.28499 0.24963
0.77727 0.77091
0.27280 0.35038
0.62906 0.58782
0.78439 0.13665
0.51422 0.26456
0.04466 0.34523
0.22267 0.95495
0.11814 0.53240
0.13710 0.01061
0.05528 0.86178
0.57045 0.28190
0.03370 0.97150
0.11002 0.95686
0.62660 0.32223
0.87595 0.22687
0.03326 0.65582
0.52115 0.51779
0.40245 0.59309
0.54452 0.47624
0.81754 0.34758
0.20277 0.88393
0.01140 0.63227
0.42631 0.80390
0.11304 0.78891
0.50936 0.73816
0.21686 0.44303
0.91420 0.71299
0.74364 0.99067
0.07808 0.79376
0.54554 0.03782
0.61692 0.89082
0.33383 0.95874
0.16955 0.01079
0.62377 0.37242
0.73618 0.18995
0.82960 0.42697
0.40890 0.56913
0.02376 0.35424
0.77769 0.85946
0.91278 0.25827
0.99494 0.42059
0.32386 0.19385
0.97215 0.52474
0.92047 0.44608
0.05879 0.67785
0.16813 0.00800
0.67191 0.44885
0.12953 0.08848
0.94917 0.30476
0.42645 0.46000
0.53214 0.63200
0.27806 0.28291
0.14989 0.86105
0.25330 0.62827
0.54329 0.93966
0.22848 0.31293
0.93339 0.90343
0.17673 0.25637
0.23014 0.96976
0.32805 0.79571
0.65892 0.04631
0.56055 0.26324
0.00962 0.05284
0.82870 0.99928
0.88968 0.83093
0.47151 0.98452
0.29034 0.05121
0.41429 0.76844
0.62932 0.08526
0.92493 0.13860
0.33779 0.43891
0.64518 0.17750
0.40187 0.96843
0.89905 0.88713
0.46967 0.00265
0.74747 0.78290
0.09317 0.91342
0.53108 0.03635
0.23898 0.29723
0.71618 0.60344
0.80446 0.16556
0.33117 0.40139
0.59062 0.02753
0.52291 0.69565
0.79679 0.14165
0.55150 0.83757
0.78424 0.80439
0.14559 0.33107
0.16183 0.50950
0.22136 0.17408
0.32698 0.51541
0.89107 0.58813
0.98557 0.77193
0.37968 0.94935
0.85723 0.02220
0.29934 0.89771
0.51784 0.78740
0.45997 0.11659
0.22466 0.97399
0.00689 0.37188
0.39604 0.75466
0.23425 0.33380
0.16947 0.32870
0.70741 0.56878
0.20030 0.11376
0.69052 0.96670
0.32338 0.68547
0.14560 0.49732
0.45364 0.77204
0.86368 0.70170
0.70373 0.16149
0.45943 0.87714
0.93921 0.32945
0.53384 0.84408
0.31270 0.21131
0.18870 0.97554
0.95950 0.97631
0.91799 0.85352
0.68000 0.01793
0.48668 0.04026
0.70159 0.66417
0.53355 0.46385
0.72956 0.49668
0.22586 0.26694
0.76453 0.17229
0.46637 0.79171
0.24909 0.27192
0.77887 0.82449
0.02229 0.24184
0.82160 0.64211
0.20018 0.50567
0.54564 0.62685
0.24790 0.43806
0.67094 0.61311
