0.19061 0.55799
0.50813 0.39392
0.44998 0.11390
0.30037 0.48833
0.87778 0.15636
0.43784 0.48973
0.26389 0.53673
0.77193 0.25751
0.34840 0.02725
0.18097 0.05521
0.11127 0.85008
0.43085 0.06767
0.10430 0.35693
0.47919 0.51484
0.37993 0.46273
0.57633 0.73881
0.80759 0.63282
0.87279 0.76622
0.77017 0.91241
0.58346 0.91460
0.06353 0.52358
0.99866 0.57790
0.97974 0.05199
0.07390 0.79702
0.36649 0.05875
0.41522 0.03861
0.26864 0.66768
0.31665 0.95147
0.95242 0.08262
0.47836 0.18480
0.78576 0.88131
0.11913 0.13842
0.14268 0.92894
0.70125 0.44722
0.30684 0.85857
0.94654 0.22538
0.60693 0.63138
0.49911 0.90026
0.65659 0.55592
0.87038 0.84103
0.97526 0.41040
0.80453 0.09538
0.31757 0.44663
0.63872 0.13236
0.14931 0.03054
0.49405 0.98173
0.61711 0.21758
0.62030 0.73320
0.69278 0.15939
0.16383 0.49235
0.10108 0.31479
0.39390 0.54455
0.98503 0.55900
0.35702 0.34260
0.15641 0.58913
0.89357 0.10189
0.97141 0.73087
0.78598 0.97761
0.39494 0.53398
0.14112 0.32750
0.17656 0.70501
0.63561 0.53298
0.42287 0.85137
0.98074 0.57949
0.75996 0.11340
0.09252 0.15503
0.59390 0.78118
0.18244 0.26015
0.49544 0.98384
0.74323 0.60257
0.70192 0.80622
0.08765 0.90030
0.00919 0.31124
0.05484 0.54313
0.77321 0.73957
0.67668 0.32295
0.29483 0.15468
0.90114 0.40878
0.70250 0.93757
0.10162 0.33096
0.54856 0.03517
0.58159 0.42018
0.56469 0.48373
0.31394 0.11549
0.05126 0.89600
0.22930 0.69684
0.77288 0.07566
0.17389 0.13697
0.30877 0.45678
0.35390 0.70376
0.93430 0.31209
0.50318 0.36627
0.43677 0.44838
0.94467 0.11764
0.78673 0.11410
0.40406 0.51485
0.23287 0.59001
0.42209 0.13281
0.70281 0.75179
0.75088 0.13388
0.63798 0.34135
0.33008 0.83865
0.69011 0.70238
0.18048 0.59943
0.24621 0.26752
0.42047 0.33913
0.04490 0.02493
0.94004 0.60445
0.44069 0.97792
0.26075 0.62392
0.84940 0.46044
0.73020 0.09140
0.78547 0.55059
0.24939 0.84477
0.56227 0.32803
0.23412 0.33164
0.09073 0.60604
0.42461 0.69667
0.62842 0.91160
0.65489 0.10698
0.11603 0.30257
0.31365 0.64070
0.93860 0.33761
0.95868 0.64084
0.19120 0.14842
0.08146 0.47255
0.21430 0.55109
0.66210 0.99095
0.10606 0.22970
0.46192 0.27890
0.45607 0.18119
0.21071 0.57853
0.51080 0.60758
0.78260 0.25666
0.49762 0.95413
0.63946 0.32944
0.97596 0.26031
0.51476 0.59962
0.02661 0.68068
0.89901 0.29927
0.69533 0.64971
0.34478 0.33989
0.95155 0.70144
0.74656 0.82810
0.03105 0.87077
0.24760 0.62067
0.57162 0.29845
0.46293 0.66914
0.51469 0.54572
0.33464 0.98276
0.19612 0.42126
0.43915 0.65912
0.53600 0.56896
0.34621 0.58717
0.17087 0.14230
0.08991 0.03104
0.16047 0.96907
0.27668 0.36330
0.45175 0.63055
0.09160 0.50936
0.08387 0.55204
0.20995 0.88840
0.42725 0.92967
0.81828 0.01977
0.68015 0.75339
0.89180 0.43116
0.42109 0.43551
0.19438 0.79011
0.38927 0.11769
0.91784 0.01695
0.64423 0.36236
0.82535 0.60553
0.09985 0.58627
0.70095 0.97047
0.78395 0.77816
0.14344 0.11313
0.21580 0.55725
0.87905 0.20292
0.69630 0.75385
0.97990 0.02649
0.51429 0.65445
0.94519 0.47872
0.82487 0.08878
0.82524 0.01265
0.82809 0.24764
0.85947 0.88719
0.98748 0.28900
0.89545 0.59192
0.12351 0.97341
0.12555 0.40806
0.11624 0.16885
0.34153 0.23743
0.87158 0.79652
0.90607 0.42810
0.76198 0.54258
0.86816 0.12304
0.99639 0.72031
0.12845 0.17927
0.91055 0.55019
0.48188 0.24469
0.95768 0.67972
0.57730 0.75277
0.79223 0.57806
0.55973 0.94435
0.32382 0.07687
0.74962 0.03608
0.73916 0.27507
0.60100 0.03170
0.98586 0.80872
0.21248 0.83705
0.13080 0.88504
0.12327 0.84172
0.18805 0.51601
0.87609 0.70200
0.72269 0.80153
0.45726 0.50557
0.48559 0.52570
0.36905 0.19232
0.55692 0.84764
0.63989 0.38262
0.54974 0.17501
0.76837 0.80519
0.03527 0.66511
0.83552 0.72312
0.13864 0.16515
0.72241 0.92783
0.12409 0.64241
0.27954 0.75088
0.34013 0.43663
0.12816 0.65203
0.67672 0.05396
0.67552 0.21309
0.32149 0.47352
0.96107 0.12751
0.79983 0.18109
0.12927 0.44219
0.80349 0.63643
0.93738 0.03688
0.95821 0.13197
0.65200 0.63890
0.57965 0.10050
0.42739 0.11859
0.74811 0.38838
0.79719 0.76279
0.54203 0.00969
0.41518 0.17864
0.35482 0.04617
0.01546 0.23350
0.19424 0.60639
0.54128 0.35736
0.69669 0.54687
0.34204 0.12631
0.38381 0.55426
0.36551 0.62700
0.31207 0.53983
0.28555 0.37901
