0.32895 0.31839
0.55489 0.87959
0.27255 0.88528
0.77909 0.86763
0.33122 0.59743
0.26986 0.14723
0.39127 0.59871
0.56935 0.59520
0.03851 0.43383
0.56347 0.28034
0.96089 0.09030
0.14301 0.26480
0.87151 0.75604
0.91572 0.16924
0.69078 0.63064
0.51571 0.40802
0.61379 0.94865
0.95028 0.24213
0.28787 0.57067
0.32243 0.01516
0.46652 0.60977
0.14598 0.36866
0.50720 0.10517
0.83809 0.32256
0.42904 0.51972
0.89497 0.06099
0.31304 0.85118
0.89987 0.96590
0.72428 0.10839
0.46047 0.58284
0.49272 0.63504
0.90894 0.16733
0.88737 0.52402
0.98195 0.88949
0.26774 0.90418
0.75609 0.47078
0.75635 0.98569
0.81362 0.09391
0.88248 0.55059
0.67897 0.97914
0.56749 0.26875
0.76616 0.01881
0.74104 0.25821
0.55022 0.88375
0.29166 0.84265
0.79138 0.41229
0.54276 0.35177
0.62550 0.87841
0.72500 0.94527
0.64203 0.40361
0.21690 0.51534
0.09774 0.24550
0.27561 0.44140
0.96146 0.98329
0.39139 0.87645
0.83706 0.46367
0.28257 0.63099
0.21441 0.26931
0.45496 0.08028
0.13922 0.48669
0.62543 0.39964
0.58008 0.06908
0.49371 0.31694
0.89315 0.26082
0.89437 0.01426
0.79711 0.19044
0.63953 0.43820
0.51007 0.73032
0.56336 0.58729
0.09998 0.40384
0.08050 0.34650
0.78294 0.55347
0.43012 0.30708
0.28361 0.40527
0.57137 0.39791
0.15927 0.72050
0.73156 0.18022
0.87058 0.10500
0.75151 0.81570
0.97015 0.76538
0.34839 0.57834
0.12567 0.59454
0.77024 0.67660
0.87590 0.29105
0.81020 0.96333
0.47350 0.71429
0.93773 0.55250
0.49466 0.88404
0.46495 0.76131
0.22938 0.00701
0.63260 0.98296
0.97481 0.79604
0.01194 0.61416
0.99882 0.15139
0.35019 0.19756
0.34525 0.24081
0.69932 0.78962
0.51256 0.32281
0.94966 0.36192
0.05563 0.90295
0.21040 0.35732
0.20196 0.54892
0.24854 0.37256
0.97371 0.58342
0.22502 0.55326
0.14067 0.66215
0.55398 0.82785
0.46312 0.50483
0.61055 0.65121
0.56596 0.73275
0.94785 0.61469
0.73032 0.81459
0.82895 0.88061
0.33995 0.21558
0.24125 0.62735
0.00948 0.21095
0.04030 0.64542
0.21801 0.68957
0.32009 0.76018
0.30614 0.18984
0.73178 0.13798
0.56077 0.94103
0.77324 0.84418
0.71310 0.96354
0.93382 0.01832
0.39381 0.65684
0.36003 0.26085
0.39359 0.72067
0.42020 0.10452
0.70594 0.73486
0.19459 0.27462
0.67989 0.73715
0.43540 0.76524
0.92146 0.28307
0.70810 0.43256
0.76693 0.13370
0.34261 0.11066
0.95143 0.59782
0.43752 0.93546
0.11307 0.87585
0.36213 0.06152
0.82482 0.97007
0.19654 0.05843
0.16841 0.99737
0.59093 0.64128
0.31179 0.67605
0.38889 0.66572
0.53581 0.68694
0.43219 0.46766
0.53034 0.62309
0.03062 0.77382
0.96770 0.98755
0.81286 0.51343
0.97262 0.36253
0.61361 0.52222
0.24890 0.66795
0.20212 0.71080
0.94730 0.29621
0.65928 0.15523
0.97534 0.04350
0.41966 0.76259
0.55881 0.99792
0.63623 0.65501
0.92982 0.97740
0.37087 0.36034
0.49495 0.12284
0.04505 0.72984
0.29253 0.40887
0.16905 0.42768
0.03008 0.67388
0.57903 0.94466
0.32785 0.07906
0.14329 0.35431
0.82245 0.65957
0.12415 0.76977
0.55092 0.41686
0.66302 0.18841
0.22569 0.26941
0.28381 0.34493
0.49296 0.53188
0.53087 0.02580
0.00476 0.13096
0.25264 0.51972
0.89791 0.50841
0.49625 0.49008
0.29255 0.50441
0.99676 0.60449
0.47374 0.01510
0.56743 0.95307
0.68434 0.62525
0.22507 0.45767
0.84983 0.72654
0.32142 0.34751
0.38377 0.62053
0.62589 0.83364
0.72563 0.31666
0.90743 0.96754
0.96693 0.20538
0.32653 0.10168
0.80658 0.77265
0.26405 0.16938
0.33959 0.12496
0.70109 0.03202
0.60459 0.45034
0.35077 0.16843
0.50417 0.40733
0.43747 0.83421
0.06160 0.04210
0.78084 0.01650
0.52307 0.59001
0.71475 0.67632
0.32508 0.75808
0.13781 0.34289
0.24284 0.39884
0.25180 0.35066
0.65358 0.77701
0.82393 0.59393
0.93991 0.88583
0.60860 0.51090
0.92630 0.83321
0.20769 0.36850
0.14977 0.23762
0.49992 0.13521
0.36429 0.01909
0.63816 0.54723
0.41901 0.98229
0.11472 0.53644
0.11756 0.82162
0.70106 0.11268
0.76093 0.70123
0.26600 0.85960
0.49817 0.47625
0.00794 0.86699
0.69183 0.36138
0.61701 0.09322
0.71240 0.56849
0.10598 0.90929
0.72721 0.79431
0.72491 0.11262
0.53129 0.96913
0.46665 0.39809
0.12217 0.94531
0.58111 0.32031
0.60426 0.68804
0.55203 0.43018
0.47008 0.56095
0.52727 0.73446
0.63741 0.29172
0.03676 0.44731
0.52408 0.52104
0.89545 0.62245
0.62274 0.94654
0.90421 0.58447
0.37468 0.99318
0.64901 0.76739
0.05548 0.27444
