0.59885 0.07954
0.38386 0.63191
0.43278 0.02611
0.80091 0.52595
0.95747 0.69894
0.15632 0.97070
0.02079 0.94375
0.65576 0.04498
0.11407 0.57966
0.51619 0.62982
0.13392 0.95319
0.37463 0.21959
0.39163 0.39330
0.19961 0.21608
0.52608 0.76503
0.14125 0.12772
0.85555 0.51016
0.55205 0.88452
0.13881 0.50683
0.72470 0.31444
0.72821 0.83197
0.05900 0.02603
0.09380 0.67684
0.39315 0.33738
0.30979 0.51808
0.43294 0.24436
0.16686 0.17759
0.31857 0.61648
0.65662 0.56790
0.63639 0.42646
0.44291 0.25173
0.09486 0.03406
0.44922 0.99845
0.19847 0.77138
0.50690 0.37326
0.14563 0.99287
0.51796 0.07798
0.71646 0.38803
0.12570 0.32328
0.35986 0.40795
0.87319 0.77677
0.86851 0.30503
0.85741 0.73059
0.32792 0.58332
0.46186 0.67193
0.92521 0.58939
0.20750 0.83333
0.75815 0.30714
0.61377 0.33527
0.67708 0.81228
0.45350 0.42420
0.30745 0.39828
0.51381 0.74258
0.71234 0.81474
0.91398 0.99795
0.35928 0.17045
0.50945 0.26147
0.13516 0.55736
0.56930 0.43273
0.79432 0.54656
0.72719 0.85474
0.89543 0.48988
0.93251 0.05346
0.64609 0.99365
0.04223 0.74097
0.03564 0.72200
0.29560 0.91578
0.40046 0.80931
0.93169 0.55404
0.08245 0.13757
0.15920 0.68521
0.32933 0.73828
0.07459 0.64182
0.71005 0.70820
0.58013 0.73345
0.02097 0.72064
0.13748 0.14891
0.20921 0.19137
0.47698 0.95171
0.04729 0.34316
0.06902 0.42257
0.21763 0.38061
0.11764 0.51829
0.75723 0.35338
0.55251 0.18784
0.25445 0.58742
0.36576 0.37074
0.25085 0.29343
0.36004 0.30021
0.74487 0.12327
0.09694 0.14148
0.27369 0.19577
0.56137 0.20344
0.18332 0.94832
0.45799 0.13329
0.34452 0.46693
0.93744 0.94583
0.86577 0.81949
0.59550 0.02067
0.11161 0.56298
0.25200 0.98605
0.33204 0.55467
0.47880 0.92319
0.32299 0.94162
0.27366 0.51366
0.93277 0.65622
0.51547 0.75388
0.97846 0.46894
0.05311 0.70374
0.63725 0.33476
0.78348 0.27898
0.66155 0.68755
0.51178 0.51270
0.21901 0.97913
0.36396 0.33727
0.97439 0.19196
0.65593 0.75148
0.64694 0.45452
0.12627 0.78471
0.36603 0.46681
0.41765 0.24802
0.43581 0.28940
0.81347 0.42991
0.83937 0.30381
0.14375 0.60503
0.04551 0.25771
0.72819 0.92830
0.38193 0.28140
0.88268 0.46964
0.24589 0.77524
0.18949 0.46835
0.97983 0.14593
0.76590 0.66497
0.57369 0.50101
0.29977 0.10295
0.95002 0.12283
0.79528 0.15002
0.55305 0.40531
0.22755 0.70149
0.25888 0.39722
0.29524 0.08565
0.14241 0.98050
0.50036 0.40221
0.53170 0.51309
0.00090 0.02635
0.04906 0.31156
0.22576 0.98358
0.40568 0.85814
0.72897 0.13023
0.07668 0.52525
0.59812 0.95811
0.02370 0.92527
0.23983 0.26868
0.59399 0.35593
0.42223 0.81405
0.50115 0.91232
0.98037 0.01505
0.80110 0.26569
0.09563 0.70615
0.14295 0.43410
0.73753 0.17917
0.43810 0.60457
0.61460 0.99325
0.86456 0.20019
0.51086 0.03473
0.47341 0.46013
0.68558 0.20404
0.99742 0.92247
0.93885 0.68203
0.85210 0.37845
0.78303 0.16519
0.54379 0.19231
0.72355 0.74230
0.37049 0.38579
0.65455 0.04891
0.93770 0.15637
0.04523 0.68895
0.74445 0.15593
0.28138 0.67051
0.18697 0.64125
0.36052 0.27288
0.10542 0.60919
0.87634 0.02108
0.10998 0.97933
0.20047 0.00715
0.39328 0.54136
0.25480 0.29185
0.75615 0.96150
0.89455 0.38941
0.72027 0.42748
0.12936 0.13356
0.87628 0.28553
0.26105 0.86727
0.97818 0.76316
0.66099 0.13364
0.88717 0.66601
0.86425 0.49220
0.34361 0.05873
0.87435 0.01527
0.66654 0.36017
0.42762 0.78193
0.41320 0.28746
0.45323 0.59771
0.12937 0.66587
0.13455 0.48132
0.81052 0.71849
0.24346 0.21755
0.76889 0.94929
0.42339 0.26921
0.08339 0.94007
0.80494 0.75878
0.33346 0.76037
0.24487 0.50531
0.03015 0.10626
0.65280 0.71135
0.51822 0.27943
0.05052 0.67504
0.74542 0.23375
0.63789 0.30460
0.20554 0.55177
0.47589 0.46128
0.15355 0.34662
0.45628 0.80500
0.02390 0.53495
0.60958 0.21462
0.63237 0.55490
0.09026 0.78739
0.17398 0.72288
0.57320 0.27769
0.00900 0.42065
0.83161 0.37052
0.77187 0.13636
0.92593 0.21545
0.46634 0.08139
0.83457 0.81951
0.31111 0.99974
0.88199 0.04967
0.89437 0.13624
0.79044 0.94520
0.21404 0.80193
0.50058 0.48655
0.52670 0.12036
0.98104 0.99764
0.75814 0.58690
0.46500 0.37861
0.89934 0.14366
0.83559 0.15607
0.51130 0.13851
0.70532 0.16539
0.00028 0.05751
0.57357 0.53243
0.72787 0.65124
0.35299 0.56537
0.89342 0.86693
0.91265 0.78987
0.10286 0.30787
