0.31336 0.26548
0.41610 0.36033
0.67044 0.70495
0.42078 0.13274
0.59797 0.09209
0.56447 0.31732
0.11317 0.48048
0.45939 0.53454
0.47417 0.99245
0.56667 0.11358
0.33179 0.79709
0.44203 0.61057
0.13495 0.60451
0.82781 0.23838
0.70645 0.94201
0.81076 0.05507
0.05619 0.22170
0.33989 0.24680
0.02734 0.14886
0.11479 0.40652
0.26903 0.99425
0.71727 0.31240
0.73055 0.94025
0.33955 0.27312
0.50192 0.20328
0.88880 0.89544
0.12474 0.33742
0.53640 0.99668
0.36407 0.02132
0.32220 0.02949
0.34635 0.99912
0.40900 0.93980
0.33596 0.19056
0.16170 0.78870
0.72610 0.13927
0.34486 0.55559
0.17584 0.58363
0.20327 0.29597
0.24365 0.78850
0.10312 0.23861
0.25112 0.53123
0.50477 0.97533
0.13807 0.66214
0.53327 0.77513
0.63509 0.25473
0.61408 0.38010
0.76598 0.73453
0.66314 0.54118
0.50022 0.80091
0.88678 0.64490
0.33626 0.42506
0.68863 0.81304
0.33731 0.18083
0.17428 0.68442
0.77522 0.45465
0.50351 0.25970
0.54478 0.74460
0.71711 0.55269
0.15827 0.32089
0.58904 0.12264
0.33053 0.85088
0.38133 0.65912
0.98461 0.45978
0.20543 0.42975
0.25933 0.06371
0.04329 0.65722
0.08365 0.07508
0.99218 0.70814
0.59163 0.60836
0.44924 0.80952
0.11632 0.54812
0.86725 0.13339
0.34683 0.27322
0.66002 0.52271
0.65841 0.40636
0.62157 0.88427
0.76301 0.50772
0.99158 0.31802
0.86521 0.30006
0.72471 0.60255
0.76817 0.17767
0.90645 0.28257
0.82394 0.12634
0.08966 0.13489
0.05904 0.89754
0.93604 0.97339
0.27196 0.55215
0.49861 0.15517
0.54337 0.49988
0.69347 0.83068
0.64491 0.70251
0.02389 0.10252
0.76293 0.80256
0.04626 0.39603
0.91043 0.52401
0.14729 0.88898
0.02961 0.72407
0.68048 0.67988
0.32664 0.83625
0.68011 0.26756
0.52460 0.68492
0.66404 0.07332
0.68735 0.25661
0.56301 0.18042
0.07422 0.49327
0.25643 0.29048
0.52921 0.83454
0.14276 0.25270
0.79399 0.70591
0.29659 0.09034
0.52117 0.79663
0.06230 0.57405
0.68294 0.39629
0.35624 0.90527
0.89931 0.26764
0.26138 0.92318
0.93907 0.89662
0.92210 0.58486
0.79538 0.10802
0.07259 0.27325
0.45897 0.36097
0.89009 0.19184
0.05755 0.95802
0.65261 0.84271
0.05091 0.41065
0.96250 0.73475
0.06358 0.22909
0.59366 0.11048
0.85497 0.01579
0.27278 0.34896
0.08943 0.32895
0.73496 0.89362
0.48942 0.19044
0.10124 0.66521
0.61415 0.76012
0.37645 0.35581
0.05784 0.06285
0.32618 0.55289
0.92484 0.85363
0.67992 0.99397
0.98550 0.93119
0.61695 0.06997
0.98648 0.88086
0.85496 0.14846
0.30135 0.39221
0.23985 0.86840
0.94878 0.82415
0.78928 0.94448
0.51735 0.23969
0.87715 0.49271
0.36709 0.04918
0.16275 0.79187
0.83353 0.37492
0.13488 0.25128
0.93295 0.57163
0.48713 0.46447
0.81674 0.03723
0.18511 0.68385
0.87346 0.76272
0.38371 0.61399
0.49002 0.23934
0.23374 0.57342
0.95219 0.85528
0.56422 0.47298
0.73482 0.89018
0.32863 0.07989
0.77269 0.22246
0.27036 0.29016
0.62446 0.97360
0.00844 0.93691
0.77742 0.73244
0.62900 0.02982
0.32503 0.02427
0.84091 0.15664
0.70651 0.19864
0.55952 0.31282
0.31249 0.30207
0.36430 0.11957
0.88129 0.67334
0.44424 0.21583
0.83225 0.74361
0.71157 0.86418
0.61168 0.47201
0.34919 0.05865
0.64887 0.61532
0.74435 0.04491
0.76810 0.58880
0.31958 0.36513
0.82708 0.20412
0.54945 0.26941
0.47319 0.76196
0.39687 0.28844
0.30046 0.23086
0.23716 0.82247
0.43601 0.02764
0.74436 0.46939
0.19083 0.31653
0.17858 0.52928
0.85807 0.42574
0.55624 0.24702
0.75883 0.05836
0.08014 0.27435
0.49795 0.34951
0.45130 0.37194
0.55007 0.03927
0.62971 0.92028
0.56572 0.67648
0.49531 0.83505
0.01718 0.78653
0.34206 0.21862
0.07617 0.49385
0.59774 0.89817
0.53443 0.62944
0.12135 0.60066
0.86826 0.81515
0.85444 0.38840
0.04164 0.89267
0.33877 0.02153
0.14903 0.69983
0.98337 0.43494
0.57553 0.88628
0.25042 0.01467
0.89164 0.29149
0.02823 0.96129
0.28544 0.28836
0.84051 0.13498
0.61039 0.43182
0.14812 0.66904
0.32672 0.07701
0.09996 0.42988
0.38818 0.89992
0.23840 0.05891
0.22713 0.64291
0.47798 0.55935
0.59321 0.11950
0.06806 0.60533
0.23105 0.47654
0.71196 0.46251
0.43313 0.96859
0.61199 0.31757
0.23054 0.11135
0.59404 0.61628
0.98095 0.06475
0.21318 0.68487
0.92720 0.84263
0.08280 0.41229
0.87449 0.41529
0.82456 0.89763
0.30817 0.03472
0.97549 0.86810
0.97311 0.21855
0.96528 0.61911
0.20993 0.18399
0.71858 0.17155
0.71491 0.31065
0.45482 0.18167
