0.55843 0.80830
0.77316 0.67063
0.02030 0.71572
0.38556 0.63814
0.98750 0.00465
0.89384 0.10341
0.49277 0.47522
0.95577 0.89567
0.15516 0.02358
0.68490 0.96557
0.29223 0.96141
0.33587 0.07590
0.54256 0.99433
0.75259 0.04757
0.99714 0.99317
0.18486 0.52526
0.47051 0.41362
0.90544 0.93045
0.11420 0.65621
0.24437 0.40937
0.29482 0.50808
0.74240 0.70220
0.78238 0.90973
0.92848 0.02903
0.52976 0.25713
0.56484 0.75902
0.84083 0.63020
0.44325 0.61524
0.28868 0.65916
0.18586 0.96322
0.56081 0.20299
0.47129 0.43944
0.27091 0.38202
0.50640 0.57427
0.53255 0.33526
0.26538 0.85360
0.66483 0.68469
0.78118 0.79601
0.90823 0.45509
0.34660 0.86890
0.63873 0.14201
0.47444 0.62985
0.15134 0.56119
0.82180 0.80871
0.21108 0.21074
0.04325 0.67304
0.92151 0.82304
0.41862 0.99458
0.25848 0.60177
0.87305 0.31179
0.67814 0.24659
0.85172 0.72370
0.30661 0.69403
0.57760 0.74949
0.94826 0.97821
0.81403 0.01196
0.04757 0.07780
0.83956 0.98821
0.58838 0.85867
0.36092 0.54508
0.79694 0.41154
0.79477 0.62040
0.83285 0.33013
0.17276 0.15546
0.85510 0.39486
0.04921 0.09029
0.32120 0.79376
0.79181 0.15283
0.47526 0.99343
0.08600 0.57945
0.49382 0.02530
0.30923 0.88511
0.64057 0.43586
0.22717 0.31407
0.90197 0.61461
0.01322 0.21267
0.80069 0.91852
0.49396 0.14953
0.42001 0.21977
0.81003 0.67337
0.84468 0.18521
0.65922 0.36308
0.91933 0.24008
0.42930 0.66661
0.41682 0.27031
0.99846 0.71105
0.43428 0.35505
0.49467 0.67172
0.77965 0.38883
0.15163 0.80619
0.87618 0.60904
0.22078 0.01428
0.73089 0.96514
0.22415 0.41698
0.29593 0.04396
0.51620 0.58405
0.73047 0.09505
0.83552 0.33141
0.93921 0.28211
0.54851 0.70442
0.48789 0.70070
0.69682 0.26156
0.84885 0.17637
0.37879 0.32843
0.10939 0.59704
0.77862 0.24611
0.29346 0.57903
0.18075 0.21758
0.85596 0.44225
0.04791 0.46202
0.90335 0.87582
0.54550 0.48624
0.47725 0.36344
0.95357 0.32041
0.16273 0.67919
0.50832 0.58285
0.10013 0.41293
0.92936 0.78051
0.93939 0.87465
0.88910 0.63739
0.10949 0.33754
0.60640 0.70574
0.12312 0.51189
0.10699 0.08123
0.04116 0.17165
0.43483 0.42026
0.79908 0.82820
0.89283 0.87117
0.93691 0.31746
0.37238 0.73179
0.71527 0.10472
0.48782 0.50629
0.55378 0.19495
0.03474 0.12555
0.88673 0.26957
0.47700 0.18161
0.17269 0.84293
0.87300 0.54741
0.76013 0.77714
0.92821 0.30893
0.61465 0.46804
0.82467 0.72671
0.05240 0.73553
0.65375 0.14981
0.39580 0.74663
0.25149 0.79343
0.29658 0.95356
0.21416 0.94991
0.68230 0.54026
0.60737 0.89641
0.40758 0.67491
0.10139 0.15138
0.88541 0.52210
0.25965 0.39384
0.89778 0.04088
0.36328 0.04129
0.26817 0.29813
0.99238 0.34127
0.92148 0.95414
0.24001 0.76344
0.87800 0.81124
0.13201 0.96839
0.79750 0.76277
0.80755 0.19828
0.57902 0.85659
0.58246 0.85925
0.26785 0.94452
0.66884 0.72200
0.17228 0.38169
0.07025 0.21248
0.59759 0.98690
0.41694 0.36521
0.02937 0.32734
0.14441 0.09208
0.69953 0.22538
0.30625 0.18452
0.30648 0.92714
0.95783 0.89824
0.69713 0.77077
0.73335 0.67065
0.89623 0.62828
0.72915 0.58977
0.37195 0.94300
0.13642 0.61853
0.08448 0.12011
0.91375 0.34389
0.72245 0.62949
0.63109 0.79508
0.61004 0.57435
0.92221 0.31639
0.00231 0.96079
0.36221 0.24233
0.99134 0.07352
0.67330 0.51901
0.68661 0.29733
0.12767 0.27303
0.05180 0.74778
0.34162 0.66460
0.66552 0.29529
0.22433 0.95086
0.40152 0.72627
0.68083 0.52743
0.53703 0.17753
0.22617 0.07927
0.33712 0.18548
0.05926 0.32948
0.77227 0.13350
0.27601 0.48673
0.16900 0.48964
0.87685 0.89726
0.99484 0.64791
0.69087 0.03811
0.80024 0.64094
0.14808 0.94082
0.99700 0.81231
0.70007 0.61691
0.14790 0.59751
0.69555 0.29767
0.50813 0.83947
0.29444 0.06939
0.24543 0.13352
0.45107 0.88329
0.48910 0.31094
0.68263 0.66015
0.65424 0.32444
0.08807 0.37373
0.99975 0.35524
0.99282 0.31562
0.35404 0.33287
0.27289 0.02421
0.86576 0.73264
0.95383 0.28067
0.64227 0.37922
0.14548 0.91436
0.31065 0.81794
0.94037 0.08679
0.57108 0.37731
0.60416 0.36169
0.61524 0.39711
0.32567 0.86934
0.85540 0.82562
0.61822 0.38964
0.00869 0.35683
0.10616 0.65817
0.08109 0.18090
0.12911 0.00724
0.16336 0.36541
0.00349 0.17742
0.36577 0.00637
0.13696 0.97180
0.98407 0.51351
0.93211 0.61556
0.58185 0.59559
0.03442 0.90237
0.67256 0.28455
0.67788 0.75483
