0.76218 0.52479
0.98022 0.36156
0.54189 0.85702
0.40233 0.83052
0.33348 0.21899
0.07553 0.65701
0.40321 0.18501
0.87587 0.32292
0.55244 0.11978
0.33948 0.46269
0.97085 0.23422
0.49722 0.87316
0.44209 0.04393
0.87727 0.95865
0.83723 0.83839
0.02219 0.04939
0.05813 0.80192
0.10715 0.19469
0.33249 0.62345
0.62480 0.92761
0.99656 0.98605
0.06693 0.39213
0.01901 0.24936
0.37175 0.26151
0.17063 0.23295
0.43967 0.33359
0.14807 0.44346
0.92767 0.35302
0.93427 0.09422
0.61981 0.08034
0.40165 0.16774
0.86562 0.75593
0.69743 0.57607
0.19427 0.64643
0.92345 0.50604
0.04677 0.31513
0.04601 0.42599
0.45744 0.81769
0.64806 0.70072
0.72163 0.98059
0.30089 0.59082
0.98397 0.26604
0.42596 0.69243
0.95941 0.58424
0.83799 0.46280
0.47193 0.98662
0.46524 0.75614
0.84957 0.08017
0.25654 0.10582
0.92441 0.66128
0.64515 0.03694
0.97776 0.70878
0.38828 0.36712
0.17092 0.42766
0.03255 0.64379
0.58883 0.85195
0.24297 0.37052
0.05866 0.30282
0.23470 0.49936
0.95089 0.23828
0.86314 0.62868
0.19684 0.02796
0.86307 0.22564
0.03122 0.75100
0.01499 0.46830
0.49837 0.77721
0.58965 0.35326
0.03917 0.65849
0.95067 0.61101
0.00403 0.69040
0.13978 0.56206
0.10894 0.42370
0.27620 0.60749
0.00112 0.09146
0.46604 0.36811
0.84870 0.75955
0.45993 0.24363
0.03430 0.26997
0.61079 0.37607
0.98781 0.20699
0.51604 0.09212
0.24049 0.44055
0.69186 0.16239
0.13357 0.88504
0.18284 0.91479
0.49372 0.44291
0.41328 0.91423
0.04554 0.52598
0.82590 0.46136
0.32251 0.07654
0.44743 0.50660
0.87415 0.25659
0.51747 0.50874
0.94410 0.26327
0.78458 0.23126
0.12796 0.34583
0.02452 0.22617
0.61166 0.50079
0.73432 0.53764
0.83699 0.54817
0.32560 0.88718
0.99978 0.23650
0.81249 0.56827
0.61321 0.74713
0.65758 0.18923
0.74485 0.06898
0.47360 0.60921
0.83686 0.77850
0.80460 0.00066
0.40795 0.41343
0.36059 0.59901
0.73264 0.51056
0.99527 0.92166
0.27029 0.87335
0.06796 0.71041
0.42951 0.33376
0.31064 0.22738
0.15387 0.22288
0.17990 0.22888
0.27939 0.67106
0.60252 0.22906
0.02339 0.14651
0.24754 0.98126
0.40303 0.98101
0.87921 0.14438
0.17580 0.57203
0.04857 0.71726
0.67046 0.32428
0.26133 0.46729
0.31794 0.09642
0.46296 0.85317
0.06618 0.15625
0.65694 0.06396
0.31243 0.64608
0.35908 0.23926
0.28274 0.22384
0.35827 0.57400
0.31702 0.24048
0.28010 0.92242
0.14882 0.81648
0.39684 0.23555
0.97331 0.65229
0.89843 0.25557
0.68865 0.87274
0.70109 0.22689
0.36115 0.78321
0.44243 0.80173
0.71882 0.31758
0.07850 0.54531
0.51716 0.66662
0.41266 0.33830
0.50645 0.82885
0.40335 0.92236
0.69232 0.04504
0.16341 0.47834
0.35951 0.00771
0.54612 0.78311
0.63947 0.19170
0.51730 0.88558
0.15242 0.34496
0.13903 0.95446
0.56592 0.22855
0.24228 0.82997
0.61881 0.34174
0.46232 0.42089
0.52036 0.51227
0.77309 0.78181
0.04497 0.88186
0.27685 0.25446
0.28597 0.03828
0.23622 0.57302
0.63813 0.09256
0.03306 0.03856
0.93243 0.04134
0.01737 0.82602
0.89818 0.17818
0.02810 0.53087
0.09411 0.84677
0.07193 0.36482
0.64733 0.27583
0.67291 0.50680
0.81349 0.84931
0.48587 0.80284
0.44553 0.33687
0.94739 0.17371
0.23255 0.67878
0.25763 0.27251
0.21062 0.67906
0.50187 0.93010
0.82743 0.27869
0.40099 0.24585
0.84911 0.99650
0.82032 0.37647
0.49464 0.20797
0.92691 0.47737
0.23009 0.24077
0.64309 0.08753
0.27424 0.09672
0.98489 0.19794
0.47432 0.05137
0.90542 0.25290
0.41106 0.85249
0.18156 0.06979
0.45579 0.49202
0.11285 0.01953
0.65654 0.09827
0.07655 0.81026
0.56697 0.98119
0.60342 0.18872
0.09572 0.56305
0.35257 0.65343
0.02263 0.38869
0.49802 0.45434
0.87795 0.90715
0.14450 0.60607
0.01757 0.42748
0.31292 0.27034
0.04753 0.49415
0.30792 0.70082
0.71736 0.37581
0.09107 0.42766
0.23673 0.93420
0.58308 0.83556
0.53565 0.62010
0.82842 0.96116
0.04981 0.15105
0.07648 0.03738
0.95152 0.45137
0.18153 0.79448
0.43089 0.25520
0.45238 0.19193
0.70056 0.44807
0.95632 0.89940
0.66125 0.75061
0.26411 0.28202
0.72711 0.69991
0.31717 0.60864
0.19849 0.63294
0.64212 0.39108
0.76789 0.17429
0.89546 0.88365
0.93995 0.36161
0.13558 0.78918
0.33491 0.81893
0.18877 0.71638
0.37613 0.67860
0.44378 0.55372
0.75243 0.38178
0.94437 0.36694
0.64498 0.74012
0.72103 0.65519
0.75187 0.64356
0.06691 0.46269
0.85592 0.34017
0.43579 0.28176
0.63869 0.78773
