0.74212 0.70425
0.83250 0.50784
0.72436 0.09002
0.28119 0.62568
0.04888 0.90856
0.01702 0.84117
0.21449 0.41553
0.40318 0.47711
0.01642 0.57390
0.15548 0.71444
0.19914 0.09950
0.21411 0.72552
0.71919 0.69694
0.96340 0.85110
0.87802 0.98824
0.91850 0.88479
0.94604 0.13221
0.75096 0.92804
0.54508 0.23386
0.09921 0.24990
0.37310 0.71123
0.01311 0.96983
0.89806 0.95167
0.79782 0.62702
0.57090 0.86877
0.68311 0.04829
0.52509 0.22825
0.38489 0.34189
0.15311 0.90311
0.04264 0.53786
0.88503 0.92425
0.78913 0.41563
0.05553 0.79162
0.11459 0.05541
0.69207 0.65421
0.14749 0.86231
0.73026 0.70480
0.54897 0.96125
0.71665 0.19150
0.07573 0.80172
0.59352 0.42271
0.61878 0.86851
0.27608 0.16319
0.21552 0.48037
0.24174 0.77509
0.01011 0.27177
0.70569 0.05581
0.62400 0.07326
0.62866 0.68936
0.94556 0.02047
0.47540 0.31696
0.31738 0.83640
0.12871 0.89080
0.52293 0.99633
0.05901 0.19361
0.50034 0.59025
0.03613 0.48885
0.92828 0.89578
0.87737 0.09365
0.69758 0.95608
0.59380 0.76750
0.31956 0.07172
0.27959 0.68118
0.30043 0.83663
0.22922 0.75889
0.69125 0.81505
0.55106 0.00241
0.56014 0.87625
0.06628 0.68397
0.69332 0.71024
0.19362 0.25191
0.68861 0.61243
0.97316 0.08457
0.03973 0.64260
0.57541 0.23427
0.04494 0.20431
0.46886 0.19414
0.86410 0.29968
0.59659 0.45214
0.29761 0.50177
0.30487 0.99440
0.52474 0.46631
0.14063 0.54078
0.65054 0.67979
0.45427 0.39013
0.18171 0.42061
0.02112 0.20704
0.54979 0.55933
0.24626 0.85247
0.66730 0.97532
0.93813 0.47327
0.63361 0.72304
0.50606 0.68403
0.30262 0.32311
0.68833 0.14976
0.10687 0.49651
0.40551 0.55381
0.13885 0.81016
0.91672 0.51535
0.75451 0.89502
0.19854 0.03746
0.68344 0.10504
0.40160 0.10470
0.21880 0.65250
0.66893 0.18348
0.57377 0.59830
0.52052 0.69119
0.79583 0.10466
0.48119 0.47829
0.90396 0.00318
0.38398 0.42659
0.68718 0.52390
0.38192 0.73066
0.36808 0.23105
0.18356 0.91374
0.57003 0.91700
0.10984 0.92239
0.18048 0.66439
0.93741 0.77368
0.49830 0.51223
0.34123 0.26111
0.09292 0.69183
0.39937 0.50769
0.34177 0.66490
0.66265 0.79848
0.66054 0.18011
0.10446 0.66883
0.76748 0.28349
0.01483 0.76711
0.31001 0.61719
0.47007 0.80654
0.76001 0.33433
0.30259 0.21979
0.61034 0.74236
0.58696 0.04518
0.55559 0.27651
0.95144 0.60681
0.06724 0.32925
0.61375 0.76712
0.31717 0.15318
0.91785 0.73692
0.30308 0.67013
0.98942 0.97500
0.14537 0.74528
0.71741 0.68694
0.33191 0.86574
0.82610 0.13127
0.04745 0.28123
0.96516 0.16257
0.51292 0.45784
0.96777 0.07029
0.82877 0.21456
0.89352 0.59464
0.63559 0.69020
0.69868 0.41563
0.14323 0.29550
0.54443 0.47220
0.16643 0.91983
0.26464 0.00448
0.49784 0.69370
0.79402 0.33452
0.96326 0.08051
0.52440 0.89167
0.08818 0.52079
0.12294 0.20915
0.93271 0.16622
0.15092 0.35301
0.77969 0.39079
0.86563 0.32362
0.98110 0.10855
0.16563 0.56853
0.67265 0.66933
0.39394 0.32299
0.60324 0.97323
0.88642 0.90745
0.81753 0.51700
0.89397 0.44569
0.96053 0.15094
0.99075 0.97926
0.88914 0.61729
0.03418 0.68436
0.26239 0.96039
0.76946 0.12659
0.91683 0.39988
0.82947 0.04572
0.15997 0.21655
0.16149 0.25606
0.14945 0.34483
0.55700 0.36711
0.99027 0.70843
0.43096 0.92075
0.57832 0.52624
0.44709 0.30133
0.44544 0.13709
0.51313 0.97083
0.64432 0.35258
0.57318 0.00694
0.70034 0.06488
0.80629 0.30767
0.92721 0.50487
0.91712 0.41596
0.57558 0.00143
0.06790 0.85797
0.57459 0.25505
0.17072 0.88182
0.85204 0.64034
0.36732 0.56459
0.92775 0.10919
0.15242 0.78646
0.44395 0.37813
0.96508 0.80801
0.64536 0.61830
0.86195 0.81552
0.29643 0.42545
0.00576 0.32270
0.89962 0.63580
0.84513 0.31970
0.88836 0.30668
0.43440 0.44007
0.02478 0.09049
0.93070 0.66674
0.55823 0.99240
0.93238 0.22605
0.55341 0.22247
0.13692 0.04648
0.47802 0.08915
0.17515 0.25965
0.00929 0.03960
0.21943 0.24499
0.11603 0.83234
0.90175 0.45539
0.18417 0.67862
0.85983 0.49063
0.51176 0.07515
0.68925 0.35199
0.19933 0.62919
0.19490 0.59495
0.51744 0.54240
0.38672 0.77245
0.51167 0.31729
0.66111 0.87570
0.94336 0.71076
0.01058 0.01939
0.27872 0.32240
0.98691 0.64878
0.56807 0.68097
0.47403 0.84731
0.44611 0.89436
0.44704 0.38119
0.70011 0.37280
0.27833 0.36142
0.06498 0.17598
0.82161 0.87271
0.72254 0.90293
0.88052 0.22966
0.41686 0.53128
