0.31020 0.92095
0.51956 0.17214
0.18764 0.94775
0.82417 0.46499
0.56153 0.40174
0.03755 0.75222
0.23399 0.92224
0.96120 0.43238
0.13362 0.74840
0.71255 0.16741
0.04009 0.13127
0.94502 0.81226
0.87863 0.85122
0.57338 0.09775
0.42431 0.34830
0.85229 0.53971
0.61019 0.08427
0.22805 0.36029
0.51035 0.49223
0.42239 0.41817
0.43031 0.79896
0.68498 0.88812
0.37540 0.22993
0.73223 0.08750
0.35128 0.34971
0.41746 0.43213
0.52285 0.64161
0.51032 0.25794
0.72850 0.42189
0.51503 0.23886
0.08412 0.55775
0.98944 0.50546
0.56294 0.21421
0.40785 0.75486
0.20759 0.68907
0.58694 0.90974
0.74716 0.52800
0.00438 0.72740
0.56155 0.23831
0.03656 0.84014
0.21702 0.31383
0.16742 0.12197
0.55829 0.48163
0.51000 0.01358
0.33521 0.67384
0.90248 0.84942
0.50001 0.35064
0.36303 0.22019
0.03867 0.39680
0.91348 0.45725
0.76525 0.46564
0.17075 0.25199
0.17224 0.27663
0.99999 0.53317
0.17326 0.99161
0.53717 0.87899
0.50229 0.74451
0.36495 0.41236
0.11702 0.38999
0.66213 0.16031
0.07548 0.46009
0.66973 0.83602
0.50017 0.08205
0.56174 0.98561
0.54546 0.27116
0.26035 0.53551
0.43015 0.68211
0.06406 0.30629
0.83723 0.52303
0.10051 0.15274
0.50432 0.03258
0.41630 0.33690
0.98441 0.87716
0.52689 0.54578
0.35857 0.13130
0.52911 0.86814
0.20593 0.72307
0.60622 0.57928
0.81091 0.81813
0.67612 0.09136
0.59040 0.59806
0.31860 0.36499
0.56645 0.51586
0.29549 0.76770
0.81619 0.32553
0.60577 0.22987
0.34849 0.02077
0.19315 0.39194
0.68044 0.99845
0.60292 0.67875
0.93599 0.23803
0.65165 0.91084
0.04112 0.80934
0.24966 0.17135
0.27294 0.60068
0.75827 0.74578
0.96512 0.70740
0.28492 0.59667
0.11545 0.56854
0.72826 0.60653
0.44961 0.29101
0.16506 0.73964
0.23315 0.11585
0.57159 0.00892
0.36238 0.96360
0.55664 0.21483
0.13355 0.23083
0.48113 0.67318
0.95214 0.18621
0.49077 0.49120
0.12576 0.63654
0.15112 0.83212
0.31689 0.78386
0.07649 0.43449
0.12412 0.27333
0.91684 0.13825
0.72623 0.03760
0.12502 0.59020
0.02597 0.86920
0.05884 0.89863
0.09713 0.75109
0.44094 0.01685
0.97713 0.93984
0.33001 0.36613
0.50791 0.66727
0.36126 0.80621
0.44452 0.95087
0.43956 0.80474
0.30652 0.37718
0.71359 0.94943
0.89725 0.41876
0.46592 0.92447
0.50485 0.97403
0.84585 0.49002
0.74565 0.05180
0.82966 0.22044
0.71642 0.50433
0.01914 0.23773
0.67824 0.27934
0.43144 0.50564
0.61631 0.45121
0.39543 0.43368
0.23819 0.38032
0.94887 0.83724
0.51463 0.30635
0.46750 0.10705
0.28207 0.37240
0.38444 0.84861
0.12621 0.77224
0.20486 0.94317
0.86293 0.86371
0.96409 0.41582
0.48694 0.55086
0.62059 0.41563
0.23771 0.87764
0.10702 0.08389
0.29972 0.76885
0.51200 0.45478
0.68270 0.30903
0.57603 0.37052
0.02985 0.08941
0.53243 0.61650
0.90698 0.04691
0.98226 0.50365
0.82016 0.63542
0.22175 0.32003
0.91369 0.59797
0.44152 0.66623
0.84182 0.26176
0.17964 0.46580
0.23283 0.68692
0.02348 0.37951
0.87690 0.55896
0.87676 0.59498
0.93152 0.17382
0.15578 0.67053
0.66999 0.93558
0.44694 0.08234
0.16544 0.45353
0.41635 0.66432
0.58642 0.14254
0.39186 0.61293
0.27839 0.38423
0.37966 0.88836
0.05291 0.34487
0.55930 0.99885
0.22647 0.78482
0.71650 0.12131
0.11683 0.90743
0.15993 0.63044
0.88630 0.00643
0.10358 0.33489
0.11732 0.34876
0.37356 0.11024
0.02325 0.07510
0.71248 0.95976
0.27206 0.90871
0.83580 0.69015
0.50232 0.98454
0.29639 0.06970
0.44339 0.64758
0.71497 0.80039
0.23052 0.57542
0.01225 0.83832
0.67548 0.15108
0.47080 0.21955
0.83921 0.24780
0.29224 0.46866
0.65736 0.10132
0.02562 0.80018
0.57548 0.10306
0.84160 0.93541
0.14658 0.97092
0.31037 0.73009
0.39497 0.56874
0.36361 0.07006
0.20088 0.65812
0.90503 0.74849
0.39740 0.63095
0.23855 0.69671
0.08171 0.43612
0.88773 0.08442
0.32425 0.14754
0.23872 0.56114
0.29670 0.47811
0.93905 0.27360
0.49171 0.52687
0.88067 0.93486
0.42696 0.74438
0.81474 0.50477
0.60741 0.68856
0.95150 0.62681
0.22743 0.09302
0.60670 0.49155
0.64062 0.35013
0.36798 0.70422
0.14941 0.48444
0.64189 0.37001
0.23388 0.11610
0.83421 0.91466
0.55837 0.76408
0.07597 0.02326
0.63815 0.14792
0.65578 0.15397
0.08869 0.80042
0.78080 0.76946
0.28616 0.30043
0.80072 0.90015
0.11212 0.91966
0.97077 0.29434
0.74152 0.17597
0.45091 0.02738
0.99397 0.24698
0.61519 0.51499
0.66266 0.51297
0.98886 0.80745
