0.62044 0.03273
0.57836 0.28500
0.06595 0.91609
0.14557 0.87735
0.04991 0.64561
0.13383 0.66796
0.11205 0.30552
0.55811 0.25447
0.16819 0.31151
0.32169 0.76609
0.83286 0.48570
0.54960 0.17108
0.28624 0.25618
0.89816 0.11520
0.54549 0.92130
0.85566 0.65097
0.05643 0.47074
0.89245 0.57969
0.61650 0.79104
0.60703 0.99060
0.22174 0.92801
0.27749 0.70062
0.92404 0.90754
0.75437 0.70325
0.82612 0.28213
0.23372 0.59529
0.85276 0.60892
0.19469 0.58906
0.38304 0.62945
0.67388 0.80695
0.00762 0.07595
0.64195 0.59938
0.12816 0.65757
0.20427 0.63342
0.14128 0.01232
0.89146 0.39062
0.02806 0.32958
0.59227 0.26214
0.94417 0.04807
0.21041 0.72276
0.06503 0.84793
0.36662 0.14409
0.54751 0.98190
0.01985 0.60142
0.46322 0.15890
0.29455 0.89315
0.79262 0.81068
0.49791 0.28755
0.28806 0.16282
0.39492 0.58004
0.71899 0.13485
0.97245 0.52187
0.42345 0.33273
0.99463 0.54486
0.38371 0.22231
0.46974 0.46298
0.90883 0.25595
0.16579 0.90082
0.07873 0.96569
0.48014 0.49421
0.75030 0.93368
0.26589 0.48749
0.54864 0.38118
0.36730 0.86182
0.45113 0.40660
0.03287 0.01779
0.56279 0.28973
0.97448 0.02173
0.85578 0.86254
0.82436 0.05022
0.89238 0.34153
0.00915 0.66232
0.16726 0.46804
0.02704 0.75082
0.87821 0.00595
0.08385 0.72307
0.73134 0.20123
0.31504 0.71274
0.47634 0.02390
0.91557 0.26649
0.40541 0.83646
0.33288 0.24779
0.50215 0.94263
0.64187 0.17738
0.27059 0.05804
0.71060 0.97067
0.49448 0.19761
0.51855 0.22700
0.60018 0.39351
0.54562 0.29487
0.62719 0.90529
0.84967 0.15331
0.95203 0.06440
0.14610 0.36371
0.69721 0.30904
0.65359 0.49925
0.03361 0.33666
0.12518 0.37206
0.77594 0.51013
0.88897 0.20828
0.05569 0.01319
0.91113 0.99875
0.76463 0.16456
0.80532 0.14484
0.39480 0.46389
0.38861 0.71887
0.21166 0.44465
0.68940 0.17128
0.67612 0.12901
0.28470 0.42797
0.09227 0.97518
0.03772 0.91539
0.45031 0.72121
0.47830 0.16612
0.42516 0.17494
0.48134 0.97372
0.25018 0.47464
0.80249 0.36853
0.84300 0.99035
0.60814 0.75735
0.47873 0.46051
0.11273 0.55949
0.93033 0.81379
0.02945 0.87798
0.93207 0.76664
0.76920 0.36486
0.23427 0.34827
0.46324 0.42698
0.60507 0.80285
0.10368 0.59183
0.62875 0.32638
0.52785 0.34000
0.26898 0.59169
0.35934 0.69549
0.51440 0.30989
0.73456 0.98197
0.78124 0.22582
0.79765 0.61819
0.70088 0.29086
0.18705 0.68156
0.68751 0.63297
0.93246 0.10963
0.70821 0.08616
0.79261 0.13009
0.90164 0.13874
0.22491 0.96603
0.18748 0.36021
0.87369 0.64277
0.13794 0.46076
0.01337 0.86236
0.06453 0.52792
0.02682 0.45870
0.45080 0.80035
0.13555 0.80567
0.71734 0.66628
0.30612 0.91847
0.34467 0.42233
0.59418 0.78393
0.23137 0.68974
0.04680 0.27811
0.78593 0.71524
0.80626 0.42934
0.47589 0.81670
0.47548 0.65250
0.40311 0.93436
0.27665 0.63629
0.94772 0.27333
0.42646 0.20712
0.56403 0.30875
0.48910 0.65947
0.72611 0.14328
0.15785 0.81852
0.13684 0.26730
0.56637 0.10051
0.44822 0.44604
0.37783 0.15398
0.44908 0.81249
0.00133 0.42725
0.90743 0.75927
0.59980 0.51718
0.86316 0.76762
0.55980 0.87764
0.52436 0.02192
0.03779 0.71636
0.23850 0.46418
0.08583 0.79185
0.21818 0.32994
0.21343 0.30700
0.14559 0.85073
0.46738 0.65108
0.79640 0.46507
0.46633 0.00939
0.19902 0.56224
0.53285 0.18432
0.64106 0.04927
0.45274 0.56398
0.19952 0.94770
0.94524 0.70759
0.77064 0.95391
0.21979 0.02729
0.88757 0.22202
0.45705 0.73746
0.16541 0.45998
0.10185 0.73092
0.55258 0.90100
0.74284 0.47718
0.45906 0.32211
0.38296 0.09659
0.38918 0.75567
0.75228 0.01894
0.57037 0.85846
0.09833 0.28058
0.15580 0.40944
0.21360 0.98027
0.03631 0.57949
0.97753 0.54965
0.65358 0.24452
0.86574 0.08336
0.02991 0.23211
0.54931 0.12303
0.05597 0.78377
0.82652 0.73340
0.94401 0.50482
0.43110 0.09227
0.42399 0.73202
0.72459 0.73545
0.01518 0.74434
0.29489 0.42074
0.65738 0.58427
0.27895 0.62167
0.39259 0.28506
0.94699 0.27860
0.20755 0.23255
0.81573 0.33271
0.04085 0.82215
0.76227 0.61615
0.51232 0.61014
0.01362 0.26370
0.01784 0.44642
0.63100 0.31027
0.19126 0.79795
0.78350 0.81596
0.47926 0.32502
0.01952 0.20604
0.85837 0.50001
0.66376 0.43727
0.52330 0.20255
0.15558 0.83855
0.84877 0.86383
0.14908 0.01902
0.05291 0.37032
0.18930 0.09089
0.16923 0.32003
0.50261 0.56568
0.75461 0.15631
0.25944 0.11829
