0.72689 0.46592
0.78651 0.90246
0.14665 0.63876
0.85416 0.94992
0.37048 0.09363
0.81725 0.97939
0.86980 0.12387
0.37036 0.70264
0.24944 0.46867
0.23324 0.59739
0.22320 0.72441
0.70453 0.62331
0.65366 0.29549
0.63824 0.08865
0.75665 0.56852
0.89160 0.41665
0.80625 0.85564
0.80096 0.21271
0.15407 0.91689
0.52464 0.95948
0.59182 0.80540
0.66551 0.40665
0.45946 0.10365
0.18363 0.93104
0.24785 0.59854
0.85272 0.45263
0.71452 0.76709
0.13795 0.69645
0.15719 0.95025
0.82760 0.77263
0.52191 0.56347
0.46384 0.21281
0.94304 0.92259
0.90323 0.94871
0.89018 0.87788
0.94744 0.21598
0.10705 0.18446
0.71276 0.54012
0.84378 0.64495
0.54072 0.95119
0.38303 0.35280
0.33864 0.00094
0.71905 0.96506
0.76220 0.71072
0.34224 0.15504
0.99161 0.09903
0.60540 0.31178
0.06469 0.47410
0.75256 0.91909
0.07368 0.83715
0.35553 0.14755
0.82847 0.37824
0.99308 0.49717
0.44413 0.96772
0.87106 0.41970
0.16005 0.55064
0.09656 0.47013
0.49906 0.35687
0.80831 0.66478
0.05088 0.05081
0.74590 0.66240
0.73805 0.65654
0.31686 0.84261
0.36947 0.07780
0.49748 0.25759
0.63890 0.98035
0.45561 0.96868
0.09557 0.99591
0.08011 0.26485
0.45553 0.14443
0.50514 0.41297
0.61634 0.78839
0.03724 0.68873
0.55684 0.15202
0.76913 0.55224
0.70125 0.00222
0.65460 0.63846
0.81132 0.20633
0.44856 0.30191
0.36647 0.75532
0.78950 0.72325
0.20254 0.99890
0.37041 0.07927
0.12525 0.09719
0.44984 0.77043
0.28781 0.45938
0.64844 0.73751
0.86751 0.09517
0.99106 0.46093
0.36448 0.33494
0.77722 0.30382
0.58874 0.11046
0.93514 0.54263
0.02638 0.54744
0.36101 0.18912
0.78037 0.61267
0.81685 0.51476
0.27751 0.50447
0.33036 0.05391
0.98555 0.70586
0.03369 0.72937
0.11910 0.65004
0.38648 0.43892
0.64649 0.21516
0.79998 0.06127
0.56109 0.21340
0.84923 0.05799
0.02303 0.44303
0.10054 0.86018
0.07625 0.41968
0.20136 0.97472
0.49329 0.71311
0.19040 0.19753
0.83009 0.44156
0.20701 0.10976
0.92079 0.96560
0.59948 0.87257
0.96581 0.60294
0.57299 0.78018
0.39024 0.72097
0.80714 0.04312
0.63022 0.79606
0.71064 0.07388
0.24436 0.95154
0.31835 0.83862
0.30283 0.04094
0.21958 0.49668
0.51197 0.63187
0.75069 0.73224
0.92855 0.49450
0.01138 0.18265
0.66882 0.99756
0.77854 0.89156
0.94510 0.62330
0.57257 0.80911
0.46586 0.69877
0.68590 0.00016
0.98664 0.41688
0.40040 0.30584
0.63957 0.45598
0.73080 0.13179
0.17698 0.62973
0.52559 0.20244
0.66678 0.03599
0.36387 0.93907
0.68503 0.81295
0.39861 0.14048
0.63038 0.12299
0.02186 0.94598
0.58653 0.88924
0.69273 0.57017
0.57603 0.14344
0.90902 0.38028
0.97129 0.41878
0.53327 0.52350
0.76507 0.95746
0.96812 0.42406
0.47856 0.28831
0.80697 0.83960
0.38112 0.61782
0.51011 0.52414
0.35961 0.15103
0.55084 0.77082
0.53825 0.67560
0.17252 0.15589
0.68959 0.46663
0.90559 0.33104
0.60578 0.52890
0.00974 0.49238
0.87043 0.84789
0.22275 0.94000
0.72942 0.05857
0.54013 0.83352
0.18957 0.45593
0.85904 0.86725
0.02876 0.82040
0.06121 0.57697
0.96876 0.32757
0.05355 0.85270
0.75721 0.17654
0.72695 0.02146
0.57421 0.33691
0.64934 0.68414
0.10192 0.47057
0.06670 0.06123
0.42182 0.91651
0.50552 0.70640
0.09141 0.34136
0.68980 0.27715
0.93127 0.65824
0.31218 0.03634
0.74472 0.56411
0.50652 0.20405
0.00541 0.81011
0.74151 0.73734
0.69270 0.02718
0.29261 0.42446
0.22353 0.08329
0.62017 0.48592
0.77861 0.62625
0.90386 0.94419
0.55432 0.88024
0.94001 0.72974
0.38871 0.16269
0.76191 0.49042
0.66337 0.06212
0.84168 0.40396
0.79269 0.41429
0.63165 0.00929
0.40085 0.95296
0.72928 0.58142
0.71445 0.11553
0.66926 0.38320
0.44991 0.73456
0.74451 0.53963
0.52535 0.50046
0.99778 0.86691
0.49682 0.66945
0.82079 0.68596
0.76029 0.31287
0.21940 0.85392
0.88134 0.18222
0.71870 0.67434
0.80889 0.48051
0.20975 0.04300
0.80283 0.62235
0.85858 0.49231
0.69101 0.87322
0.77873 0.00049
0.93637 0.74359
0.84600 0.59625
0.99783 0.86687
0.84139 0.15559
0.14493 0.06904
0.80886 0.39148
0.29096 0.32585
0.38942 0.97817
0.77336 0.65486
0.64540 0.46371
0.94196 0.84408
0.13982 0.73566
0.07596 0.09522
0.24269 0.79285
0.47475 0.55797
0.94624 0.51628
0.21313 0.28054
0.93596 0.28241
0.01768 0.72803
0.43785 0.05722
0.77824 0.22566
0.98830 0.57950
0.61622 0.62133
0.98138 0.10747
0.19891 0.52815
0.42358 0.68256
0.88249 0.86656
