0.45179 0.74109
0.79066 0.70352
0.32767 0.48290
0.60160 0.21291
0.69306 0.62985
0.06772 0.48176
0.60743 0.65563
0.01775 0.65558
0.61940 0.22218
0.42936 0.48052
0.82671 0.77181
0.92214 0.82125
0.90474 0.80879
0.42488 0.08601
0.77011 0.05124
0.04988 0.32099
0.04276 0.51613
0.10076 0.88504
0.95687 0.00766
0.83522 0.26307
0.29937 0.30584
0.17852 0.49829
0.98148 0.57690
0.87075 0.88799
0.06057 0.67990
0.76436 0.24288
0.68383 0.27471
0.42116 0.61645
0.60695 0.06915
0.97422 0.56783
0.78205 0.87041
0.31717 0.84136
0.15240 0.01806
0.63406 0.58804
0.41514 0.29111
0.35701 0.06617
0.38972 0.24894
0.81307 0.36744
0.29885 0.81795
0.19755 0.97763
0.60544 0.46821
0.83992 0.55031
0.80458 0.87470
0.37457 0.17981
0.78357 0.18514
0.89174 0.66750
0.50878 0.53324
0.10215 0.48917
0.65339 0.38240
0.77745 0.27538
0.36022 0.09960
0.44389 0.43365
0.66768 0.72450
0.91722 0.10386
0.14067 0.78031
0.15710 0.48865
0.89143 0.34062
0.36454 0.56742
0.40321 0.55184
0.50297 0.60030
0.90942 0.01922
0.84807 0.34292
0.19454 0.49399
0.55968 0.54940
0.34953 0.64326
0.44052 0.02997
0.69224 0.52279
0.02316 0.25949
0.95887 0.14559
0.50560 0.55723
0.46855 0.40700
0.98780 0.42132
0.97929 0.86856
0.10285 0.84660
0.15179 0.45938
0.04080 0.63594
0.23332 0.49303
0.46795 0.53067
0.47751 0.60659
0.69774 0.67215
0.79657 0.99260
0.09776 0.60340
0.23365 0.72518
0.99787 0.88995
0.68991 0.37414
0.64099 0.74162
0.58285 0.46513
0.52011 0.21175
0.19027 0.93898
0.57859 0.82129
0.95027 0.41899
0.59701 0.56267
0.17177 0.66597
0.49577 0.79801
0.39724 0.55671
0.34152 0.70085
0.16319 0.98907
0.12734 0.23266
0.66192 0.11713
0.22936 0.69651
0.52533 0.79430
0.77034 0.03450
0.71490 0.78150
0.26344 0.48088
0.45653 0.42462
0.33576 0.00742
0.84191 0.14578
0.90183 0.58172
0.05187 0.42926
0.28085 0.16394
0.28210 0.91283
0.17819 0.12962
0.69072 0.95484
0.43752 0.78492
0.83350 0.83308
0.38340 0.63331
0.10206 0.12168
0.56635 0.71991
0.57522 0.69104
0.19366 0.37689
0.05487 0.15375
0.68957 0.78585
0.44093 0.31888
0.70336 0.40505
0.04010 0.26477
0.66452 0.94993
0.48380 0.05020
0.25180 0.24204
0.42148 0.37710
0.43039 0.23198
0.57156 0.51238
0.99976 0.66274
0.63909 0.18681
0.84809 0.51964
0.04409 0.43280
0.89401 0.23467
0.41767 0.59000
0.33212 0.07190
0.29654 0.17904
0.87489 0.39824
0.26052 0.47268
0.79713 0.12116
0.21479 0.85402
0.34262 0.99074
0.86312 0.30440
0.82230 0.12239
0.37314 0.87874
0.50333 0.19607
0.87961 0.34984
0.24388 0.08263
0.84509 0.48116
0.62697 0.11811
0.09318 0.19767
0.61305 0.51653
0.50850 0.17917
0.70845 0.32288
0.51669 0.49873
0.80424 0.86548
0.79882 0.87671
0.27423 0.53270
0.67296 0.51998
0.44323 0.04083
0.02905 0.75563
0.50555 0.23933
0.72646 0.95668
0.04369 0.96462
0.30596 0.26482
0.43188 0.80243
0.36845 0.99598
0.43793 0.26319
0.75582 0.41924
0.08402 0.40621
0.16480 0.02694
0.16153 0.29408
0.75808 0.76674
0.12800 0.69988
0.25644 0.15345
0.02681 0.08964
0.35559 0.87865
0.02943 0.64032
0.13352 0.12334
0.62774 0.44239
0.76856 0.39164
0.70142 0.20276
0.52911 0.28216
0.76608 0.64288
0.13432 0.45188
0.39064 0.20766
0.47901 0.33514
0.06337 0.31115
0.44900 0.22972
0.36168 0.51770
0.38245 0.32028
0.78117 0.95370
0.92519 0.13597
0.83176 0.55878
0.38297 0.82667
0.92265 0.59143
0.12422 0.74600
0.60489 0.65131
0.57387 0.71682
0.58199 0.79146
0.16613 0.08901
0.41401 0.84516
0.88741 0.36317
0.70159 0.87287
0.61313 0.21782
0.67011 0.63963
0.17374 0.61486
0.33922 0.32638
0.05129 0.02116
0.05127 0.16318
0.69823 0.96612
0.93180 0.52229
0.83885 0.51881
0.22694 0.43966
0.41715 0.48725
0.79300 0.36268
0.98458 0.69531
0.33007 0.95094
0.83188 0.03147
0.78590 0.28880
0.14671 0.42640
0.12442 0.78602
0.63067 0.98666
0.96980 0.10766
0.14888 0.34186
0.72394 0.90953
0.11227 0.60029
0.13352 0.45768
0.55933 0.79012
0.32284 0.79699
0.71147 0.46900
0.61562 0.09475
0.02830 0.75607
0.56567 0.95443
0.11595 0.53577
0.70552 0.34659
0.69653 0.84742
0.24319 0.89262
0.83471 0.40469
0.79487 0.34634
0.04728 0.11782
0.63679 0.43216
0.44200 0.51203
0.09389 0.71333
0.24881 0.69405
0.43195 0.90926
0.98059 0.15535
0.99595 0.93911
0.19983 0.44500
0.92472 0.82438
0.67482 0.16942
0.34208 0.04245
0.26396 0.28011
0.87684 0.78541
