0.95982 0.94567
0.70456 0.09388
0.12907 0.84099
0.26172 0.88016
0.36596 0.28538
0.52808 0.03078
0.05255 0.40508
0.15738 0.23373
0.56164 0.60350
0.07134 0.52917
0.52459 0.35555
0.53049 0.58412
0.60799 0.35891
0.31156 0.84762
0.63894 0.33077
0.74663 0.90591
0.99589 0.60688
0.35793 0.57642
0.56960 0.62260
0.59078 0.85340
0.84561 0.95866
0.22647 0.77698
0.21044 0.56182
0.77626 0.04181
0.35589 0.50368
0.89740 0.81142
0.34145 0.28704
0.34061 0.24694
0.36985 0.69717
0.24520 0.18043
0.22414 0.99119
0.48624 0.11522
0.01242 0.57436
0.97584 0.40121
0.68599 0.89950
0.08744 0.17343
0.95858 0.07385
0.89029 0.87059
0.03117 0.51439
0.32343 0.75151
0.06139 0.61260
0.40972 0.24865
0.42282 0.70699
0.37961 0.64808
0.31126 0.71467
0.14533 0.34729
0.46007 0.56788
0.30590 0.75311
0.97027 0.17328
0.17966 0.58695
0.23660 0.49675
0.49568 0.56576
0.47451 0.79947
0.99195 0.49843
0.51281 0.54795
0.30939 0.51202
0.17195 0.40545
0.55073 0.38522
0.41879 0.24221
0.35471 0.25903
0.42864 0.02365
0.45422 0.85602
0.15938 0.25526
0.58851 0.10863
0.27053 0.69028
0.03973 0.81583
0.50502 0.21771
0.20651 0.34156
0.59507 0.78121
0.61322 0.24118
0.38333 0.13263
0.87912 0.40257
0.79904 0.75059
0.95687 0.76010
0.07973 0.09249
0.79587 0.57601
0.83544 0.77712
0.69092 0.87533
0.12410 0.20420
0.86038 0.71618
0.41351 0.91150
0.42460 0.43394
0.18385 0.76197
0.43622 0.30724
0.21463 0.64034
0.87849 0.97090
0.69688 0.51041
0.13872 0.36244
0.24623 0.93381
0.16176 0.41278
0.22141 0.70010
0.50300 0.35467
0.99353 0.43242
0.62985 0.57973
0.47907 0.10746
0.20438 0.92367
0.50835 0.60104
0.42850 0.84895
0.94005 0.99306
0.46391 0.36140
0.41078 0.40904
0.58759 0.83095
0.07964 0.90341
0.98869 0.97309
0.60078 0.75780
0.30728 0.11421
0.39667 0.71182
0.29095 0.93766
0.99648 0.17248
0.11248 0.46097
0.56376 0.63670
0.97899 0.93352
0.00680 0.89490
0.53245 0.37449
0.41656 0.08653
0.41535 0.48165
0.32833 0.15946
0.93134 0.97230
0.43074 0.63352
0.62775 0.23811
0.52924 0.78227
0.88117 0.58883
0.44432 0.93048
0.34900 0.20862
0.95655 0.00640
0.40712 0.74360
0.10968 0.47064
0.28625 0.51284
0.15434 0.04367
0.59842 0.79729
0.31460 0.41662
0.71287 0.12128
0.69665 0.41480
0.63097 0.03274
0.95338 0.87218
0.10053 0.94447
0.36528 0.95515
0.92788 0.67462
0.48764 0.75628
0.17133 0.17627
0.93223 0.15981
0.27589 0.48543
0.78053 0.69718
0.26354 0.22552
0.43869 0.12180
0.08689 0.33308
0.01097 0.04571
0.55239 0.38780
0.66519 0.12223
0.90399 0.95830
0.99661 0.38453
0.59791 0.96777
0.81236 0.41705
0.88048 0.46105
0.85486 0.29849
0.75686 0.24202
0.27347 0.76114
0.57144 0.75541
0.49592 0.06409
0.47090 0.18259
0.02042 0.88734
0.89302 0.98673
0.78131 0.74460
0.62758 0.52650
0.32416 0.88296
0.77826 0.19674
0.61308 0.12710
0.90918 0.47157
0.44780 0.27101
0.76357 0.49799
0.12459 0.34888
0.21280 0.83754
0.73771 0.45760
0.21267 0.08891
0.51092 0.84962
0.67753 0.61877
0.44813 0.81978
0.76949 0.45797
0.93474 0.37563
0.52695 0.60449
0.11026 0.28070
0.07652 0.25311
0.42115 0.30312
0.47687 0.96464
0.54057 0.62041
0.12502 0.66061
0.03840 0.31575
0.60948 0.55650
0.51790 0.04337
0.11913 0.19406
0.71440 0.87073
0.13460 0.45974
0.47183 0.94388
0.03797 0.25307
0.36888 0.25946
0.72046 0.09364
0.50791 0.14273
0.10379 0.40402
0.81459 0.25247
0.90816 0.18302
0.28897 0.86650
0.20822 0.63933
0.43660 0.75877
0.51656 0.37539
0.89659 0.76149
0.21174 0.01425
0.13912 0.41586
0.46308 0.25212
0.03335 0.44540
0.87741 0.28087
0.07273 0.24430
0.61833 0.17272
0.75230 0.54403
0.79536 0.44452
0.55719 0.16888
0.72890 0.80252
0.27517 0.88034
0.66095 0.99521
0.68238 0.51832
0.69261 0.74240
0.19583 0.12102
0.48483 0.25353
0.42646 0.23984
0.95989 0.28647
0.44708 0.94770
0.37734 0.33487
0.31109 0.35038
0.97632 0.15464
0.03824 0.37961
0.31598 0.09531
0.55819 0.59330
0.10715 0.06889
0.25357 0.52704
0.74564 0.87681
0.32910 0.11833
0.55177 0.11160
0.08280 0.62046
0.39013 0.12327
0.65047 0.73510
0.05310 0.63048
0.98425 0.43416
0.57710 0.23864
0.67071 0.92189
0.89146 0.29026
0.84970 0.54332
0.39685 0.90138
0.58313 0.22517
0.04297 0.62478
0.84606 0.80272
0.94367 0.94824
0.29515 0.04746
0.77445 0.91920
0.57321 0.29144
0.47971 0.81606
0.17491 0.09488
0.27328 0.93524
