0.18711 0.16951
0.58617 0.97789
0.55630 0.77135
0.47147 0.76626
0.47947 0.18543
0.46481 0.94016
0.58180 0.66326
0.35238 0.36404
0.72775 0.04362
0.99944 0.78175
0.50284 0.18455
0.29205 0.11121
0.38487 0.35369
0.13226 0.19696
0.50699 0.41858
0.17365 0.74821
0.24762 0.31840
0.70974 0.59342
0.29260 0.62811
0.16034 0.31327
0.46884 0.70580
0.03310 0.45130
0.71081 0.19511
0.57157 0.77211
0.64759 0.79132
0.80321 0.70971
0.28376 0.23942
0.96309 0.47029
0.29587 0.09616
0.87378 0.38763
0.38050 0.21223
0.39787 0.53555
0.13753 0.15147
0.50141 0.05236
0.30764 0.72058
0.61134 0.82968
0.70977 0.48754
0.33935 0.01238
0.32106 0.78270
0.80209 0.66056
0.47395 0.57528
0.04782 0.02270
0.03103 0.39376
0.11830 0.78758
0.92702 0.35781
0.05223 0.54524
0.40489 0.33728
0.06087 0.58537
0.34580 0.71346
0.48566 0.27418
0.06382 0.00561
0.88127 0.54452
0.61349 0.70836
0.38455 0.65891
0.05102 0.67147
0.62290 0.72389
0.50220 0.46379
0.66554 0.60626
0.21707 0.61971
0.14743 0.43506
0.83297 0.01847
0.32281 0.04534
0.64873 0.21308
0.58104 0.51144
0.05112 0.73978
0.28640 0.18821
0.39620 0.19575
0.80165 0.15152
0.07561 0.54240
0.57734 0.67405
0.41648 0.47317
0.88105 0.70251
0.51121 0.92507
0.17125 0.14571
0.00540 0.08996
0.72644 0.82909
0.98569 0.24928
0.43579 0.91579
0.59506 0.85341
0.21645 0.11005
0.27439 0.19418
0.04726 0.16359
0.97024 0.42694
0.58254 0.65450
0.89299 0.96968
0.77627 0.68230
0.91866 0.26020
0.06792 0.67334
0.82615 0.62691
0.71026 0.21043
0.65208 0.67824
0.65383 0.48682
0.48767 0.77074
0.82864 0.56353
0.07531 0.24400
0.31177 0.33325
0.07505 0.44919
0.38785 0.69083
0.63464 0.72068
0.94063 0.51326
0.18701 0.72040
0.39026 0.95437
0.34194 0.50491
0.54867 0.56798
0.87787 0.33968
0.33872 0.52294
0.49071 0.74401
0.87003 0.53643
0.80033 0.16212
0.50652 0.80671
0.09847 0.90080
0.83956 0.96539
0.24160 0.81174
0.60657 0.96613
0.37192 0.56925
0.35325 0.62941
0.54172 0.25712
0.03644 0.89148
0.28789 0.89349
0.56046 0.03603
0.81211 0.98739
0.80635 0.99948
0.79042 0.61932
0.11970 0.56757
0.28082 0.12641
0.55078 0.21193
0.59328 0.60123
0.48137 0.21117
0.77341 0.04973
0.74922 0.77685
0.66274 0.14147
0.59163 0.16164
0.13139 0.92678
0.97160 0.38657
0.32710 0.90899
0.01120 0.27870
0.31678 0.05812
0.20787 0.00851
0.34436 0.39589
0.70323 0.51935
0.85123 0.32516
0.86066 0.39905
0.60267 0.27637
0.04458 0.70737
0.37862 0.71861
0.92718 0.03408
0.70746 0.57799
0.57174 0.95231
0.55208 0.52136
0.67520 0.86377
0.54436 0.56479
0.73841 0.50685
0.38051 0.48289
0.89903 0.20894
0.17264 0.56113
0.77935 0.86412
0.55151 0.66649
0.74147 0.91719
0.15872 0.29010
0.18073 0.60380
0.33351 0.27385
0.29720 0.74627
0.39188 0.58345
0.90085 0.94389
0.49223 0.43971
0.11402 0.54678
0.92975 0.43925
0.30596 0.91615
0.19249 0.89160
0.94009 0.68892
0.20527 0.47187
0.30748 0.01212
0.00292 0.67045
0.42815 0.68435
0.08824 0.78111
0.92424 0.04055
0.24740 0.67562
0.28338 0.67123
0.68177 0.75299
0.84411 0.93714
0.94195 0.94178
0.88994 0.90665
0.73144 0.03664
0.14902 0.24994
0.65831 0.81380
0.49837 0.80938
0.27965 0.85734
0.89430 0.71257
0.31612 0.81921
0.15060 0.27397
0.26586 0.01652
0.51769 0.50441
0.22410 0.05528
0.34607 0.27826
0.51905 0.88256
0.24641 0.89657
0.22572 0.48473
0.22954 0.85724
0.18244 0.16098
0.95485 0.09603
0.61460 0.80353
0.37084 0.88671
0.66498 0.17113
0.33425 0.48923
0.88317 0.47422
0.76835 0.07344
0.48222 0.02152
0.52748 0.33888
0.81324 0.23421
0.94439 0.34899
0.87919 0.73306
0.44892 0.74743
0.19678 0.62557
0.85188 0.68166
0.05648 0.49740
0.18278 0.49622
0.36126 0.63497
0.67842 0.41927
0.98960 0.21875
0.51706 0.72646
0.09868 0.91874
0.09186 0.34987
0.03670 0.65285
0.84656 0.76147
0.05105 0.17505
0.92737 0.46676
0.85328 0.71701
0.45850 0.28334
0.69181 0.00607
0.26797 0.59447
0.61008 0.40654
0.41121 0.03625
0.00236 0.20360
0.39653 0.72022
0.61188 0.71021
0.29231 0.25492
0.23611 0.18542
0.50481 0.63473
0.58895 0.31832
0.86421 0.16715
0.22633 0.11945
0.60505 0.59092
0.57660 0.44353
0.15384 0.94526
0.94604 0.37588
0.32575 0.92044
0.39165 0.02679
0.97273 0.18429
0.94117 0.51546
0.43938 0.38769
0.67031 0.13756
0.56830 0.41929
0.94700 0.78129
0.74416 0.32287
0.06825 0.47734
0.91919 0.55613
