0.89226 0.55056
0.08110 0.88209
0.21991 0.87790
0.56332 0.51899
0.91281 0.19644
0.32592 0.25288
0.71371 0.89070
0.51308 0.26365
0.98212 0.88450
0.55651 0.00690
0.48146 0.40460
0.21828 0.50737
0.23631 0.66361
0.16600 0.53228
0.62172 0.35569
0.87471 0.44019
0.43225 0.24809
0.45679 0.89869
0.45895 0.83105
0.35840 0.69244
0.15368 0.95763
0.13256 0.48496
0.14337 0.32060
0.75365 0.03042
0.70003 0.34408
0.65728 0.30356
0.72122 0.21666
0.61542 0.89802
0.67775 0.22808
0.38944 0.71695
0.37566 0.68219
0.79856 0.68802
0.21318 0.12221
0.55909 0.92960
0.77336 0.97322
0.16651 0.16857
0.09906 0.68647
0.83635 0.40872
0.59375 0.43793
0.14876 0.00592
0.37755 0.30477
0.55303 0.77858
0.89181 0.10551
0.55512 0.06617
0.25336 0.93451
0.78922 0.38133
0.19926 0.64078
0.95216 0.76431
0.54063 0.21779
0.73386 0.70428
0.36419 0.84104
0.29106 0.71951
0.37467 0.85164
0.96484 0.23859
0.28719 0.04263
0.10855 0.10059
0.24541 0.90801
0.69896 0.91717
0.72052 0.23598
0.77117 0.04631
0.99480 0.51583
0.67934 0.09131
0.18429 0.77444
0.25339 0.10363
0.36324 0.60622
0.28008 0.16821
0.65011 0.36471
0.94339 0.94538
0.53731 0.45901
0.77889 0.43565
0.26896 0.34382
0.01230 0.93362
0.07355 0.56176
0.88454 0.34357
0.56278 0.25510
0.34452 0.86639
0.40268 0.69128
0.97312 0.34459
0.72792 0.88902
0.62868 0.88378
0.84323 0.15174
0.79083 0.33098
0.93825 0.19969
0.09290 0.46568
0.98900 0.24305
0.79324 0.57151
0.79587 0.24915
0.73949 0.21811
0.25232 0.86892
0.73612 0.26275
0.44717 0.84742
0.58124 0.65104
0.55475 0.55634
0.52907 0.46405
0.20900 0.72668
0.68070 0.52580
0.98548 0.75519
0.41696 0.72080
0.58493 0.62518
0.91826 0.67356
0.07172 0.94419
0.32144 0.74840
0.24500 0.25763
0.39218 0.05660
0.45104 0.21236
0.37788 0.15268
0.78248 0.57043
0.48315 0.32660
0.75927 0.67366
0.27941 0.49364
0.86530 0.26600
0.25689 0.58324
0.79777 0.02873
0.42577 0.20526
0.61116 0.21298
0.79872 0.37738
0.94624 0.26768
0.64888 0.73561
0.65803 0.05773
0.63547 0.08700
0.70354 0.90201
0.91712 0.94602
0.16931 0.33222
0.70545 0.28215
0.09289 0.60982
0.45302 0.67156
0.19023 0.25330
0.26149 0.74159
0.93727 0.53291
0.15064 0.46977
0.73789 0.66757
0.38452 0.99052
0.91065 0.36957
0.83560 0.96446
0.28748 0.16031
0.87562 0.60433
0.56187 0.62025
0.86235 0.96927
0.05889 0.02518
0.43771 0.39647
0.13901 0.11614
0.81031 0.58204
0.06837 0.08154
0.98323 0.73037
0.16535 0.18584
0.74370 0.52372
0.16907 0.51072
0.58288 0.63511
0.38780 0.43671
0.19879 0.54176
0.17445 0.39529
0.69585 0.60729
0.44798 0.24554
0.34068 0.29720
0.11217 0.47058
0.05604 0.68159
0.37348 0.90858
0.05960 0.51191
0.29971 0.16710
0.04397 0.57183
0.48732 0.23842
0.64681 0.98364
0.26442 0.60346
0.05039 0.14550
0.09231 0.33936
0.74637 0.76020
0.37946 0.93411
0.81907 0.01327
0.61921 0.71889
0.03715 0.70247
0.67156 0.80047
0.85234 0.71605
0.89288 0.05720
0.21437 0.68324
0.44647 0.22406
0.98309 0.62608
0.56610 0.18743
0.16428 0.08153
0.69731 0.17790
0.29483 0.78216
0.75509 0.60373
0.04038 0.81689
0.31154 0.84704
0.15719 0.92367
0.55946 0.09378
0.87478 0.43830
0.78853 0.31987
0.24671 0.88937
0.31444 0.63617
0.28573 0.11642
0.76005 0.68121
0.88041 0.89667
0.73131 0.33801
0.85260 0.18319
0.61559 0.87133
0.76040 0.62674
0.90839 0.72804
0.74807 0.75462
0.73393 0.35946
0.22261 0.15738
0.84408 0.82337
0.35269 0.89224
0.83448 0.54244
0.05366 0.20857
0.66376 0.99910
0.28531 0.57291
0.29616 0.14331
0.48825 0.21435
0.31794 0.35090
0.93289 0.39418
0.15199 0.31227
0.50824 0.88585
0.95549 0.05134
0.32135 0.14974
0.87307 0.89079
0.92076 0.65326
0.37426 0.47824
0.09518 0.76079
0.40085 0.63416
0.14889 0.11419
0.27033 0.08246
0.95734 0.54915
0.02010 0.62502
0.37299 0.53956
0.72144 0.97750
0.25148 0.71756
0.74692 0.41671
0.95623 0.48625
0.17657 0.05506
0.36279 0.75264
0.89009 0.25975
0.56216 0.12720
0.97248 0.32101
0.33583 0.34804
0.25141 0.85305
0.70983 0.40467
0.91844 0.57995
0.45390 0.80046
0.99467 0.01001
0.30110 0.73642
0.06057 0.49228
0.15484 0.70232
0.26755 0.68540
0.15257 0.26471
0.71218 0.02268
0.60895 0.55404
0.06481 0.66629
0.23887 0.66148
0.51891 0.61444
0.81573 0.61551
0.31277 0.93761
0.14790 0.35094
0.72902 0.03769
0.09634 0.96024
0.94268 0.56971
0.39866 0.70719
