0.99055 0.17143
0.34937 0.37850
0.39556 0.65243
0.06906 0.69328
0.78024 0.61667
0.26541 0.01235
0.80334 0.35486
0.45055 0.97290
0.28684 0.00648
0.10559 0.89813
0.29551 0.66299
0.86351 0.37502
0.07170 0.45790
0.51001 0.62619
0.72226 0.73325
0.20478 0.83156
0.83653 0.67050
0.31244 0.13287
0.49843 0.07195
0.45254 0.70642
0.01476 0.82298
0.59928 0.59488
0.87271 0.05226
0.75795 0.85391
0.63350 0.56315
0.67984 0.41575
0.27670 0.42819
0.42274 0.47491
0.40340 0.06987
0.24004 0.41915
0.83602 0.19996
0.16678 0.46033
0.91223 0.39299
0.61795 0.85320
0.60374 0.61132
0.83049 0.07875
0.13669 0.47406
0.47797 0.03424
0.29686 0.65751
0.98351 0.03591
0.61013 0.83724
0.17756 0.86941
0.81049 0.33067
0.03850 0.61950
0.88965 0.03424
0.83586 0.54224
0.38041 0.78048
0.85401 0.63693
0.16386 0.37845
0.47689 0.15405
0.20512 0.86415
0.33459 0.73283
0.89667 0.78945
0.56625 0.60881
0.48071 0.32717
0.07906 0.74447
0.34222 0.40163
0.96797 0.46244
0.69249 0.09952
0.01689 0.42821
0.99051 0.50453
0.89032 0.40589
0.37935 0.36290
0.21426 0.46650
0.98694 0.26077
0.43413 0.64424
0.15502 0.35390
0.31149 0.82911
0.78899 0.55029
0.98305 0.83868
0.22517 0.47494
0.94672 0.73891
0.85889 0.34405
0.18795 0.68713
0.89585 0.58115
0.34192 0.90636
0.62014 0.63289
0.34789 0.18892
0.04904 0.72034
0.84736 0.17971
0.15928 0.02565
0.41686 0.04679
0.14129 0.59752
0.65013 0.71087
0.23837 0.24335
0.30014 0.67528
0.55096 0.41962
0.06865 0.30780
0.41177 0.03327
0.90258 0.32789
0.26007 0.92958
0.69964 0.06144
0.65243 0.45685
0.54255 0.35550
0.30821 0.83711
0.54258 0.18114
0.27634 0.39895
0.35066 0.67217
0.98364 0.22631
0.40114 0.99070
0.36683 0.01969
0.43883 0.22972
0.54575 0.82766
0.88549 0.59414
0.95003 0.88936
0.20573 0.27937
0.51502 0.58996
0.24152 0.37955
0.59195 0.33050
0.09541 0.18127
0.69000 0.73137
0.11428 0.23124
0.03651 0.58360
0.01929 0.61483
0.00891 0.21389
0.22906 0.11892
0.81059 0.34738
0.85808 0.72164
0.31132 0.07194
0.77936 0.64589
0.45301 0.90724
0.07436 0.01983
0.02016 0.47044
0.19340 0.63191
0.65812 0.58182
0.32010 0.07582
0.01742 0.00329
0.83054 0.80872
0.74910 0.74061
0.92439 0.58291
0.95938 0.90292
0.17951 0.54687
0.99018 0.04755
0.04442 0.44436
0.24899 0.33045
0.60998 0.67925
0.84241 0.25629
0.57813 0.66110
0.00766 0.70114
0.71555 0.28374
0.21108 0.23498
0.16385 0.52344
0.90569 0.06482
0.57331 0.89882
0.59388 0.83048
0.33482 0.92544
0.49834 0.53244
0.68706 0.70342
0.62979 0.63147
0.42764 0.87726
0.80003 0.40843
0.09159 0.40766
0.88325 0.35436
0.27696 0.48914
0.43180 0.84223
0.95311 0.60504
0.87405 0.69589
0.09565 0.24940
0.11398 0.19873
0.22019 0.45981
0.31793 0.79176
0.02049 0.84231
0.43804 0.89270
0.11229 0.67272
0.63673 0.58378
0.29849 0.55168
0.31115 0.60680
0.56399 0.37112
0.71772 0.29916
0.49965 0.47640
0.28685 0.35371
0.52781 0.00272
0.59999 0.53290
0.58808 0.26559
0.16430 0.11723
0.11878 0.81052
0.52901 0.73759
0.87256 0.86049
0.25475 0.30133
0.87861 0.89593
0.25259 0.66145
0.28947 0.47538
0.19622 0.08856
0.46013 0.61915
0.01193 0.47764
0.35051 0.97272
0.85407 0.47458
0.66686 0.50093
0.67416 0.80304
0.58511 0.85454
0.06511 0.29010
0.07266 0.90980
0.69283 0.72580
0.69057 0.15328
0.23421 0.53500
0.82304 0.58319
0.82012 0.58571
0.62350 0.93690
0.90810 0.78589
0.35401 0.34664
0.34507 0.49494
0.99588 0.98812
0.54100 0.36222
0.79481 0.96541
0.90105 0.10607
0.15312 0.20434
0.18917 0.57545
0.28672 0.03730
0.26456 0.47856
0.16677 0.67645
0.98365 0.77011
0.98683 0.69282
0.95629 0.66907
0.99634 0.79135
0.96919 0.33441
0.59937 0.59394
0.33755 0.14493
0.11882 0.74766
0.95441 0.61302
0.03127 0.21930
0.62984 0.43578
0.77536 0.19778
0.70278 0.08813
0.43121 0.11029
0.63830 0.37393
0.76053 0.49429
0.73411 0.23919
0.26684 0.05772
0.89044 0.53266
0.84644 0.35341
0.80075 0.89249
0.00211 0.55882
0.47476 0.05199
0.90440 0.70747
0.09825 0.43356
0.27750 0.18795
0.11940 0.93085
0.02599 0.71085
0.79623 0.56593
0.46660 0.62634
0.67755 0.94801
0.81924 0.55118
0.39740 0.36978
0.89331 0.94305
0.15437 0.76693
0.22036 0.50344
0.94402 0.40016
0.20228 0.92025
0.08316 0.54331
0.07355 0.03436
0.74190 0.03835
0.71331 0.03741
0.54517 0.18984
0.72250 0.08421
0.96918 0.08228
0.95480 0.69255
