0.00639 0.07745
0.02259 0.78114
0.71104 0.27627
0.41131 0.16697
0.65532 0.17189
0.49400 0.88724
0.70127 0.75844
0.83563 0.01261
0.31708 0.47903
0.82359 0.63233
0.50584 0.06036
0.30847 0.70409
0.37782 0.94434
0.85745 0.85320
0.95821 0.34850
0.64494 0.85606
0.55943 0.98711
0.52940 0.68725
0.66174 0.55146
0.98719 0.67737
0.06069 0.47628
0.10416 0.17652
0.88553 0.26582
0.93157 0.13421
0.56406 0.87056
0.95625 0.93395
0.71315 0.35083
0.01322 0.14153
0.97321 0.67684
0.91933 0.52600
0.66774 0.61127
0.01095 0.88694
0.73618 0.28029
0.87876 0.55553
0.58284 0.79282
0.52135 0.64832
0.79700 0.02709
0.95359 0.72004
0.70348 0.02110
0.37054 0.63803
0.48927 0.58114
0.55982 0.53822
0.54633 0.85193
0.60941 0.28242
0.52448 0.15333
0.91541 0.00778
0.92280 0.66559
0.83221 0.30022
0.26631 0.22564
0.32769 0.08206
0.35533 0.78562
0.41162 0.78923
0.03336 0.69620
0.85662 0.68260
0.80965 0.23235
0.73803 0.53339
0.74163 0.90847
0.17987 0.82424
0.70710 0.08050
0.55707 0.14846
0.54185 0.08281
0.19097 0.49550
0.94307 0.01439
0.10379 0.19170
0.07498 0.19663
0.62302 0.02864
0.54125 0.92818
0.75026 0.16698
0.45354 0.30625
0.57812 0.87696
0.42609 0.49090
0.31819 0.83260
0.86541 0.14503
0.74677 0.51775
0.32410 0.07927
0.29630 0.51369
0.47516 0.76062
0.52752 0.44161
0.67753 0.05099
0.69775 0.67823
0.83275 0.76545
0.78677 0.03654
0.62945 0.20137
0.43790 0.48298
0.58596 0.90536
0.37676 0.06042
0.26978 0.86741
0.20950 0.32818
0.68600 0.43694
0.25575 0.87549
0.90372 0.40060
0.53110 0.95175
0.97817 0.32298
0.69131 0.46455
0.08131 0.66692
0.53719 0.76877
0.22718 0.59892
0.35319 0.31535
0.34173 0.40839
0.99755 0.12480
0.59081 0.42619
0.73023 0.57949
0.71834 0.54987
0.41661 0.88715
0.28827 0.84865
0.10904 0.25869
0.39436 0.97537
0.75235 0.51105
0.54774 0.21218
0.56486 0.37381
0.23520 0.06966
0.88381 0.48657
0.63878 0.78805
0.27411 0.71245
0.26094 0.22423
0.15231 0.84622
0.36991 0.44208
0.00400 0.40645
0.61486 0.02258
0.09549 0.06968
0.40814 0.86033
0.89070 0.58850
0.55488 0.35773
0.54358 0.16100
0.88818 0.74994
0.65393 0.89300
0.11603 0.63876
0.25002 0.04478
0.30236 0.49502
0.04838 0.60714
0.99283 0.00815
0.20242 0.48000
0.91496 0.54193
0.91449 0.13393
0.55020 0.11558
0.81448 0.11380
0.83227 0.42229
0.79355 0.49838
0.70044 0.25040
0.61547 0.18258
0.81185 0.52525
0.48699 0.85001
0.76138 0.64437
0.48496 0.70734
0.67192 0.28612
0.41347 0.23685
0.01169 0.95012
0.70054 0.69745
0.35590 0.59980
0.16579 0.19551
0.35544 0.00353
0.63449 0.35489
0.84156 0.34212
0.84777 0.88883
0.56388 0.61100
0.54421 0.66047
0.32801 0.88398
0.82280 0.69883
0.94291 0.49938
0.89777 0.66394
0.53159 0.48336
0.30550 0.63762
0.16800 0.39977
0.74005 0.92273
0.61224 0.39151
0.09650 0.50471
0.97570 0.77329
0.88414 0.64040
0.50500 0.32268
0.42031 0.47568
0.59902 0.00909
0.53820 0.97112
0.08414 0.92734
0.19830 0.29266
0.12669 0.55304
0.36502 0.73355
0.98684 0.79119
0.46461 0.92484
0.95063 0.34615
0.36234 0.11055
0.28667 0.62205
0.29307 0.57919
0.87814 0.26144
0.95153 0.16223
0.98636 0.90780
0.47453 0.28956
0.34864 0.36663
0.29356 0.40724
0.86238 0.53929
0.12239 0.31919
0.77856 0.61049
0.22629 0.17655
0.16407 0.42469
0.35125 0.36294
0.89311 0.35335
0.02205 0.62537
0.30394 0.65464
0.69547 0.58382
0.84933 0.22971
0.03238 0.40394
0.29297 0.35140
0.82857 0.68363
0.69092 0.90163
0.35823 0.40775
0.38095 0.11793
0.02728 0.91382
0.65513 0.52058
0.87633 0.41294
0.58875 0.42437
0.58247 0.75125
0.53440 0.08063
0.52063 0.33243
0.66966 0.02058
0.92875 0.89736
0.92996 0.91601
0.50441 0.30572
0.55413 0.49757
0.58588 0.20278
0.84479 0.96817
0.17382 0.47418
0.03344 0.42231
0.74334 0.61493
0.46240 0.84075
0.43440 0.00266
0.02520 0.60304
0.39816 0.85818
0.50731 0.47696
0.45932 0.07451
0.22697 0.79204
0.77134 0.27606
0.66694 0.68388
0.86258 0.34175
0.07994 0.67151
0.17735 0.36710
0.26573 0.09813
0.21873 0.43260
0.45478 0.13470
0.62632 0.10223
0.47223 0.00844
0.32774 0.34491
0.20497 0.77980
0.73262 0.48519
0.63552 0.65915
0.50426 0.27693
0.55804 0.82255
0.95000 0.76247
0.11392 0.16256
0.71030 0.50239
0.23865 0.82974
0.39583 0.14011
0.76604 0.72543
0.59404 0.90493
0.94221 0.91734
0.76873 0.62299
0.47440 0.88807
0.54085 0.10963
