0.91407 0.47180
0.11362 0.52212
0.57178 0.50891
0.82438 0.56540
0.33290 0.26277
0.47322 0.42329
0.62621 0.30786
0.91967 0.59888
0.31255 0.50512
0.56155 0.53140
0.47530 0.73144
0.72363 0.12580
0.17607 0.01006
0.92441 0.95181
0.00194 0.33853
0.54160 0.08676
0.12697 0.78665
0.92298 0.11550
0.79939 0.26326
0.78426 0.13594
0.76271 0.63500
0.94737 0.67683
0.63427 0.44402
0.20864 0.81069
0.62021 0.13673
0.43471 0.50664
0.01778 0.28901
0.27643 0.20643
0.52413 0.55529
0.23071 0.96196
0.52215 0.73815
0.15463 0.76837
0.36779 0.46671
0.92407 0.99372
0.86750 0.88937
0.31184 0.19477
0.60728 0.71393
0.52608 0.99523
0.48936 0.74945
0.05936 0.32653
0.43935 0.96980
0.80376 0.21950
0.02422 0.41732
0.91374 0.35136
0.44961 0.12876
0.58788 0.18602
0.80973 0.70923
0.51743 0.85146
0.58749 0.87327
0.44148 0.99795
0.08355 0.87760
0.64917 0.59311
0.73880 0.73568
0.78812 0.39221
0.36929 0.95176
0.46829 0.76833
0.56817 0.96627
0.54247 0.33597
0.30182 0.28518
0.46012 0.03905
0.28160 0.86487
0.97632 0.08950
0.24947 0.18269
0.32625 0.97288
0.09370 0.76696
0.20425 0.25633
0.20523 0.64553
0.08328 0.48581
0.84801 0.81495
0.15584 0.72778
0.70227 0.34359
0.15704 0.50369
0.23915 0.40222
0.58637 0.79815
0.53610 0.17306
0.49212 0.13206
0.11299 0.98743
0.32810 0.99568
0.30085 0.27026
0.40015 0.05633
0.88557 0.75003
0.17600 0.43242
0.81567 0.63631
0.42082 0.07018
0.67439 0.58126
0.35501 0.77971
0.80326 0.18555
0.22563 0.94877
0.82275 0.19949
0.76268 0.19547
0.20055 0.69555
0.68740 0.83139
0.18231 0.39396
0.98460 0.68557
0.82349 0.60105
0.50591 0.73696
0.10456 0.28488
0.07172 0.93393
0.12653 0.27248
0.68717 0.01294
0.43837 0.60234
0.29806 0.79896
0.29139 0.57501
0.88137 0.15045
0.33567 0.45537
0.10151 0.13461
0.92228 0.52618
0.90455 0.49368
0.88996 0.69160
0.76209 0.94837
0.37052 0.87431
0.30344 0.94306
0.56402 0.40906
0.74112 0.18913
0.54341 0.78614
0.31075 0.82656
0.95669 0.43320
0.92672 0.25615
0.60337 0.85257
0.24387 0.18793
0.81098 0.60239
0.54423 0.80289
0.64558 0.29736
0.69003 0.97815
0.73524 0.74603
0.06660 0.12782
0.59164 0.80574
0.41989 0.49715
0.31701 0.36552
0.32697 0.61535
0.76903 0.63010
0.96065 0.89218
0.70698 0.05006
0.63916 0.90518
0.06775 0.46709
0.28436 0.60353
0.16096 0.86880
0.25559 0.02214
0.23391 0.55618
0.98431 0.46368
0.53559 0.78994
0.65048 0.60927
0.50315 0.26357
0.02105 0.09188
0.72945 0.24207
0.51282 0.62825
0.50526 0.64296
0.44763 0.46312
0.62335 0.35161
0.51314 0.74207
0.64937 0.63805
0.79702 0.82660
0.54714 0.34277
0.51710 0.68417
0.95887 0.70565
0.92975 0.31291
0.45033 0.30647
0.27926 0.89278
0.43656 0.61407
0.83771 0.00665
0.45585 0.83936
0.30682 0.71903
0.40213 0.07434
0.01422 0.80757
0.24418 0.67198
0.98364 0.40485
0.08953 0.31126
0.67798 0.07045
0.85433 0.50052
0.55512 0.42904
0.11207 0.40511
0.70571 0.98773
0.56185 0.76191
0.97015 0.98152
0.71934 0.29455
0.60925 0.64916
0.38442 0.93357
0.29380 0.33097
0.88487 0.98249
0.90040 0.34632
0.73211 0.52237
0.53672 0.46526
0.89401 0.01288
0.14798 0.67853
0.50837 0.07644
0.48131 0.30735
0.45260 0.05381
0.80737 0.42010
0.70426 0.22401
0.85343 0.45062
0.34791 0.81072
0.57442 0.92351
0.20875 0.10988
0.22883 0.83024
0.74624 0.12440
0.75129 0.53478
0.57165 0.92399
0.21298 0.72856
0.66988 0.96185
0.56846 0.67147
0.37914 0.01037
0.27525 0.76361
0.21073 0.35646
0.60928 0.18288
0.22171 0.64488
0.80886 0.22693
0.85964 0.16319
0.43447 0.19839
0.89691 0.16708
0.45821 0.98697
0.30124 0.08990
0.52933 0.38920
0.37472 0.66789
0.60951 0.62199
0.57363 0.80162
0.28342 0.15545
0.07861 0.70988
0.77628 0.28360
0.69085 0.90771
0.50929 0.40461
0.76111 0.64703
0.59668 0.59287
0.31631 0.83660
0.76206 0.66041
0.40204 0.70633
0.03675 0.36370
0.50382 0.08527
0.82595 0.47196
0.83170 0.56120
0.52582 0.98477
0.34552 0.50627
0.65481 0.09284
0.64468 0.18293
0.07481 0.64440
0.79448 0.26412
0.41513 0.66509
0.92956 0.35488
0.31766 0.35764
0.26962 0.79898
0.84603 0.07483
0.37208 0.02072
0.82874 0.11609
0.07961 0.50741
0.01057 0.08379
0.89508 0.06974
0.40829 0.77353
0.05570 0.51518
0.67035 0.91120
0.75890 0.09911
0.96104 0.50065
0.86907 0.07139
0.95213 0.68191
0.87141 0.81118
0.41938 0.13698
0.82705 0.78885
0.50974 0.84538
