0.28924 0.38460
0.43280 0.11821
0.29915 0.69783
0.99224 0.53907
0.78313 0.99854
0.82882 0.66252
0.99574 0.23294
0.37760 0.58916
0.05562 0.36555
0.30759 0.35544
0.12143 0.44403
0.54769 0.65306
0.39789 0.07810
0.90313 0.23884
0.01159 0.77521
0.72881 0.92941
0.36382 0.40833
0.36020 0.98475
0.68572 0.96920
0.59693 0.70222
0.16875 0.83380
0.42381 0.04176
0.95818 0.38442
0.08513 0.72209
0.16468 0.50239
0.61315 0.33411
0.23568 0.31980
0.34713 0.41139
0.00111 0.12689
0.50084 0.60772
0.65277 0.35955
0.99963 0.97342
0.33181 0.14747
0.65162 0.63076
0.62594 0.99280
0.42490 0.91538
0.21183 0.27247
0.97846 0.63884
0.57110 0.92425
0.47517 0.03483
0.56381 0.23189
0.36975 0.47178
0.53316 0.24037
0.88907 0.56071
0.45901 0.08750
0.45457 0.22531
0.54255 0.57241
0.28495 0.69150
0.51399 0.52555
0.06657 0.43356
0.53031 0.81903
0.76494 0.68848
0.95076 0.21154
0.05832 0.71235
0.71847 0.51044
0.37144 0.48215
0.80596 0.68044
0.71159 0.61792
0.45049 0.28558
0.70448 0.00254
0.11144 0.20402
0.21602 0.97692
0.74588 0.92084
0.83171 0.99689
0.70051 0.30091
0.56240 0.88713
0.63065 0.09644
0.90569 0.94005
0.35894 0.30113
0.57993 0.90023
0.87499 0.78738
0.02034 0.63368
0.91879 0.58824
0.23529 0.13769
0.38217 0.28207
0.11306 0.68336
0.52129 0.70765
0.56478 0.74003
0.04120 0.40161
0.51182 0.44188
0.12485 0.25937
0.08182 0.97329
0.83211 0.03122
0.40819 0.91774
0.34252 0.15414
0.90706 0.57278
0.33381 0.46662
0.94439 0.21763
0.60950 0.08710
0.22511 0.70199
0.48569 0.02402
0.46463 0.59272
0.93665 0.38550
0.36012 0.54034
0.72622 0.45765
0.10055 0.73813
0.00205 0.52739
0.97000 0.24415
0.59357 0.58532
0.88587 0.86664
0.34740 0.86340
0.74094 0.49528
0.71150 0.73653
0.07772 0.52287
0.34796 0.97635
0.40665 0.47860
0.68248 0.57180
0.47993 0.23895
0.24002 0.89796
0.61712 0.48659
0.76853 0.06664
0.72274 0.70755
0.02611 0.10755
0.23355 0.65418
0.60483 0.74879
0.79831 0.72583
0.41633 0.04685
0.18548 0.63138
0.56525 0.27453
0.97334 0.36674
0.83710 0.36551
0.90818 0.92233
0.39371 0.72527
0.12147 0.17699
0.08506 0.38955
0.61962 0.94189
0.41847 0.17479
0.90683 0.77186
0.98599 0.64136
0.31129 0.08098
0.71430 0.32663
0.43701 0.72906
0.95307 0.77451
0.55436 0.10030
0.89530 0.40763
0.29449 0.10751
0.69909 0.00212
0.77435 0.84910
0.67219 0.21508
0.25053 0.25615
0.29808 0.39769
0.62975 0.24874
0.38377 0.34653
0.36080 0.49569
0.44360 0.22317
0.86138 0.77473
0.93868 0.76875
0.68261 0.72349
0.95785 0.41358
0.67031 0.79347
0.69767 0.18923
0.41347 0.02133
0.64351 0.18497
0.05854 0.28508
0.09323 0.36642
0.78316 0.50432
0.41514 0.55086
0.29591 0.73327
0.81976 0.18609
0.11119 0.26878
0.37811 0.66909
0.07058 0.54165
0.71797 0.38024
0.51087 0.83422
0.94408 0.20205
0.36564 0.80849
0.74150 0.53305
0.95533 0.72081
0.12110 0.74479
0.25778 0.14537
0.39026 0.79935
0.59939 0.55982
0.69995 0.19309
0.39669 0.13038
0.62446 0.60478
0.67042 0.80349
0.71040 0.43529
0.54923 0.40671
0.68502 0.18330
0.25035 0.42889
0.17919 0.65679
0.42797 0.12579
0.56027 0.70652
0.95391 0.99189
0.98332 0.14520
0.34456 0.03636
0.80731 0.28030
0.14439 0.18716
0.98911 0.08859
0.88255 0.24057
0.84986 0.09773
0.28389 0.86756
0.17433 0.90635
0.44604 0.10553
0.72921 0.49030
0.44253 0.81258
0.83704 0.84289
0.93131 0.63395
0.25091 0.58527
0.68087 0.89978
0.66598 0.63405
0.55313 0.88128
0.21881 0.62794
0.89430 0.03524
0.74100 0.45697
0.56529 0.92481
0.54220 0.69210
0.46910 0.81196
0.62412 0.70110
0.57912 0.51506
0.48598 0.91575
0.19472 0.95633
0.44829 0.03929
0.86124 0.81763
0.24833 0.23364
0.49128 0.53083
0.31597 0.89032
0.16711 0.34608
0.18152 0.09101
0.40184 0.96316
0.75360 0.15651
0.52267 0.02276
0.66645 0.85339
0.44231 0.86175
0.17273 0.87222
0.34645 0.06942
0.21814 0.59527
0.62559 0.06793
0.39718 0.93282
0.79972 0.83948
0.33597 0.16698
0.31934 0.56489
0.94877 0.55169
0.54634 0.35223
0.19031 0.66645
0.98400 0.07887
0.72015 0.07952
0.67333 0.43060
0.15603 0.63601
0.80728 0.48295
0.95781 0.60945
0.13261 0.99408
0.11348 0.96057
0.59508 0.09927
0.54298 0.71364
0.98364 0.70923
0.03512 0.28085
0.66228 0.37626
0.22363 0.01536
0.02295 0.53896
0.27188 0.57553
0.64386 0.50189
0.23216 0.18450
0.49656 0.79102
0.42264 0.38828
0.95011 0.81663
