0.59694 0.56078
0.42924 0.42523
0.93779 0.49736
0.11591 0.96456
0.39647 0.39709
0.97067 0.64845
0.35838 0.50708
0.92889 0.17967
0.28030 0.36197
0.75210 0.10712
0.75299 0.76666
0.71368 0.61558
0.96320 0.34226
0.75428 0.05083
0.42415 0.22137
0.07584 0.13272
0.55807 0.77268
0.77104 0.29205
0.95010 0.54565
0.17802 0.21379
0.21394 0.73769
0.74658 0.99337
0.51801 0.30417
0.78615 0.88423
0.82042 0.20610
0.94129 0.95307
0.15923 0.94853
0.01171 0.86300
0.19570 0.00829
0.85744 0.54780
0.83933 0.56409
0.86043 0.73853
0.09464 0.76972
0.37427 0.59359
0.78638 0.16110
0.62198 0.85283
0.17248 0.75239
0.66622 0.29730
0.25642 0.63154
0.67305 0.36463
0.96965 0.99849
0.91607 0.22763
0.67667 0.41614
0.47940 0.44464
0.53332 0.83708
0.97541 0.18159
0.94928 0.90313
0.99448 0.46924
0.74702 0.61683
0.22858 0.71219
0.18556 0.70994
0.36406 0.74470
0.79974 0.48865
0.81279 0.66118
0.61980 0.33417
0.89302 0.42411
0.17598 0.41738
0.53498 0.62871
0.31042 0.57252
0.74296 0.63539
0.76654 0.16021
0.91870 0.98366
0.68473 0.68741
0.17349 0.35325
0.52934 0.08719
0.09235 0.14728
0.34434 0.00145
0.71494 0.05910
0.86247 0.94399
0.52051 0.57071
0.26825 0.93896
0.46209 0.56293
0.60416 0.29011
0.39317 0.66766
0.44864 0.29292
0.23566 0.27255
0.83747 0.18507
0.99936 0.72105
0.82707 0.77279
0.35260 0.18021
0.19038 0.51654
0.60569 0.64317
0.92111 0.75610
0.19534 0.69900
0.41755 0.57191
0.93026 0.75795
0.24770 0.17780
0.74635 0.83809
0.37518 0.78885
0.64489 0.15606
0.31662 0.95509
0.46369 0.79310
0.62199 0.40815
0.92766 0.71349
0.70338 0.58007
0.99745 0.03169
0.95912 0.50813
0.71563 0.49742
0.18818 0.81320
0.43704 0.93034
0.89577 0.07085
0.82638 0.98161
0.65744 0.82463
0.49725 0.32647
0.02921 0.67975
0.08875 0.19852
0.07980 0.35865
0.62976 0.70367
0.49975 0.59681
0.77926 0.19842
0.73873 0.55615
0.63839 0.43069
0.52362 0.94429
0.33289 0.47386
0.78453 0.29642
0.13891 0.41062
0.78768 0.43248
0.54378 0.51040
0.03616 0.16126
0.59841 0.45618
0.25222 0.87616
0.93974 0.27813
0.39455 0.53769
0.05357 0.58867
0.36645 0.21197
0.99819 0.21604
0.28579 0.08894
0.19331 0.74154
0.13162 0.13076
0.58536 0.15291
0.97608 0.31737
0.73681 0.20286
0.43335 0.75695
0.25398 0.02914
0.18366 0.53956
0.42256 0.86927
0.63852 0.37459
0.94737 0.32458
0.92701 0.11288
0.13343 0.12848
0.11231 0.97692
0.49339 0.72085
0.26045 0.56206
0.98485 0.00167
0.84509 0.30580
0.26539 0.16272
0.39826 0.96311
0.28236 0.57821
0.91621 0.10383
0.80356 0.07499
0.09951 0.47540
0.15314 0.58888
0.12776 0.04311
0.17402 0.80230
0.25308 0.40336
0.31790 0.39997
0.79228 0.66763
0.99383 0.81287
0.68861 0.61878
0.59042 0.25734
0.24237 0.34870
0.97100 0.31699
0.22202 0.84203
0.05873 0.28837
0.04083 0.33111
0.98392 0.64914
0.55255 0.25086
0.24592 0.86715
0.78513 0.49214
0.62655 0.11181
0.21469 0.80388
0.52497 0.66297
0.41345 0.30242
0.57143 0.23950
0.24709 0.15377
0.24749 0.20471
0.65041 0.18772
0.36618 0.10190
0.00495 0.09294
0.39273 0.99949
0.41544 0.08010
0.06728 0.51908
0.04545 0.50683
0.71548 0.90044
0.40734 0.22767
0.97242 0.42000
0.03359 0.41208
0.02381 0.19195
0.07448 0.78429
0.68905 0.64971
0.28716 0.71278
0.82711 0.49636
0.15634 0.64528
0.63670 0.53039
0.20806 0.90595
0.72098 0.44010
0.52971 0.16634
0.31230 0.82662
0.28317 0.25015
0.88663 0.84741
0.93016 0.43945
0.89313 0.62012
0.36143 0.95846
0.69526 0.84410
0.66410 0.36777
0.68685 0.28946
0.47740 0.83406
0.26132 0.21331
0.57576 0.44696
0.90891 0.94001
0.25193 0.30908
0.16886 0.30761
0.54570 0.24700
0.43022 0.49865
0.05617 0.99984
0.53722 0.79893
0.10496 0.16212
0.45785 0.70333
0.61008 0.78475
0.90393 0.31278
0.82530 0.63313
0.95420 0.67967
0.34816 0.05044
0.47961 0.42296
0.42016 0.10213
0.53250 0.62657
0.02801 0.13071
0.82915 0.51637
0.29348 0.62993
0.10752 0.93180
0.88869 0.68921
0.52605 0.27264
0.52645 0.30679
0.17110 0.19769
0.11443 0.30929
0.52804 0.50173
0.25343 0.46965
0.84060 0.81973
0.06276 0.23588
0.21878 0.11725
0.05723 0.23219
0.24977 0.07685
0.25775 0.13236
0.82171 0.86345
0.92772 0.23354
0.32874 0.51254
0.38570 0.22536
0.37931 0.85877
0.73738 0.83490
0.63951 0.35176
0.60873 0.33477
0.91837 0.09299
0.52498 0.09204
0.16981 0.73015
0.26968 0.83688
0.48174 0.49758
