0.95721 0.01874
0.28327 0.12901
0.77429 0.76074
0.82141 0.54811
0.14028 0.27404
0.15230 0.16988
0.37793 0.90831
0.94061 0.45005
0.02550 0.54317
0.73012 0.98331
0.49321 0.28152
0.79388 0.79802
0.58034 0.42477
0.29158 0.21855
0.75475 0.10727
0.03575 0.73656
0.80570 0.96691
0.36251 0.88561
0.92827 0.14091
0.19817 0.97439
0.87429 0.52280
0.15587 0.07162
0.25301 0.58105
0.53429 0.46250
0.87965 0.65529
0.20652 0.27945
0.58794 0.55105
0.31364 0.13070
0.78925 0.65853
0.76983 0.72438
0.66878 0.19036
0.40488 0.54777
0.50275 0.42320
0.28221 0.54897
0.16576 0.19006
0.91488 0.48229
0.89515 0.57830
0.81358 0.09359
0.85016 0.79642
0.43717 0.81250
0.92081 0.59253
0.17333 0.96982
0.02931 0.51133
0.69548 0.99318
0.44993 0.83279
0.29563 0.40969
0.21200 0.58394
0.06248 0.44197
0.94368 0.53984
0.60148 0.58133
0.53385 0.08542
0.83921 0.58829
0.24421 0.42627
0.94436 0.82568
0.73282 0.37212
0.67455 0.61188
0.89487 0.86633
0.56477 0.41987
0.56200 0.24690
0.51559 0.85310
0.34389 0.36418
0.95318 0.35445
0.80788 0.46122
0.66613 0.56987
0.47443 0.25426
0.11585 0.95080
0.69073 0.02874
0.24858 0.32232
0.83037 0.14105
0.87804 0.52255
0.69644 0.28439
0.44371 0.62447
0.06177 0.59460
0.73390 0.73086
0.66647 0.35574
0.98760 0.49207
0.92892 0.30439
0.18788 0.21286
0.79443 0.53987
0.33230 0.57560
0.74774 0.32758
0.05129 0.79736
0.24685 0.11455
0.89252 0.96076
0.49795 0.51614
0.63358 0.00245
0.12797 0.68244
0.18395 0.44463
0.62771 0.55946
0.22785 0.82490
0.35405 0.80033
0.06541 0.46472
0.36789 0.67916
0.92621 0.89403
0.04103 0.70486
0.10209 0.95089
0.55693 0.41258
0.99281 0.05643
0.11616 0.55111
0.00456 0.43884
0.64244 0.80484
0.72344 0.14553
0.88023 0.92521
0.29360 0.81295
0.50314 0.78621
0.04176 0.55870
0.22042 0.41764
0.30667 0.10280
0.57791 0.66090
0.54213 0.67112
0.59056 0.26895
0.67001 0.36739
0.95646 0.24347
0.34038 0.57327
0.77189 0.04800
0.26266 0.13829
0.45218 0.26961
0.04357 0.25520
0.32838 0.30578
0.39399 0.28553
0.23130 0.53210
0.94753 0.96160
0.51930 0.73145
0.19779 0.99426
0.75937 0.23533
0.16923 0.97877
0.55614 0.22499
0.13505 0.95194
0.77544 0.12211
0.63527 0.53772
0.47110 0.24730
0.78575 0.81983
0.64463 0.66769
0.19953 0.89701
0.29949 0.45326
0.80762 0.95663
0.85382 0.64248
0.17945 0.80758
0.98206 0.97252
0.06179 0.32626
0.18673 0.78274
0.15076 0.72394
0.31257 0.29634
0.31771 0.84734
0.37313 0.65083
0.12094 0.56897
0.07156 0.21029
0.62093 0.80743
0.60458 0.39813
0.27589 0.37585
0.52621 0.75399
0.99290 0.65966
0.98583 0.06376
0.31638 0.01125
0.28093 0.99118
0.40693 0.38441
0.91868 0.93280
0.03486 0.93554
0.11496 0.53809
0.98048 0.74638
0.06484 0.14253
0.69670 0.93383
0.38572 0.22006
0.02533 0.47452
0.89115 0.05223
0.80899 0.32312
0.20223 0.63977
0.44563 0.64121
0.26376 0.14384
0.51724 0.52466
0.23048 0.88247
0.78513 0.68801
0.07997 0.89758
0.72516 0.73590
0.20418 0.07311
0.43806 0.32188
0.10189 0.43457
0.70236 0.80189
0.34262 0.20921
0.78803 0.50865
0.58046 0.23604
0.70626 0.85714
0.65596 0.59541
0.36875 0.98004
0.67398 0.93815
0.25191 0.72479
0.20524 0.81033
0.07207 0.14083
0.58928 0.27538
0.52940 0.66288
0.86275 0.65563
0.70776 0.97690
0.37466 0.65354
0.34557 0.67386
0.49177 0.85515
0.54899 0.37168
0.52020 0.00677
0.75344 0.15248
0.46294 0.42040
0.83465 0.86676
0.14943 0.92752
0.93163 0.63535
0.35860 0.70755
0.62481 0.15993
0.49748 0.25429
0.19079 0.36722
0.51731 0.14446
0.97332 0.24570
0.93381 0.49835
0.53737 0.78629
0.23186 0.28499
0.85984 0.92579
0.99920 0.97241
0.41222 0.49818
0.66160 0.90373
0.87855 0.11030
0.26009 0.12176
0.63199 0.09617
0.33440 0.10905
0.09325 0.91630
0.22286 0.48152
0.57626 0.95952
0.47204 0.25944
0.52314 0.06447
0.25322 0.34945
0.43013 0.39561
0.41028 0.02926
0.78508 0.37684
0.28061 0.49191
0.13677 0.95437
0.05358 0.50872
0.30911 0.59809
0.82295 0.68709
0.19734 0.78046
0.25264 0.88581
0.78580 0.49501
0.15111 0.78859
0.83070 0.97709
0.59617 0.23945
0.44352 0.53975
0.65521 0.62419
0.75217 0.94655
0.99035 0.68412
0.63407 0.87099
0.02422 0.49007
0.91575 0.47419
0.66458 0.58272
0.95926 0.74828
0.33795 0.34778
0.30725 0.14255
0.60143 0.65774
0.37413 0.90484
0.54080 0.34103
0.74564 0.18721
0.68839 0.67026
0.60179 0.55848
