0.05631 0.59627
0.23206 0.49775
0.32618 0.86376
0.87267 0.04987
0.53024 0.99953
0.15687 0.69107
0.41676 0.87460
0.54651 0.35646
0.17109 0.47434
0.32524 0.91435
0.61327 0.00481
0.38360 0.12379
0.41914 0.05627
0.90710 0.27797
0.55170 0.80776
0.17416 0.10107
0.57381 0.23173
0.26294 0.63629
0.53617 0.81406
0.02208 0.49639
0.70026 0.65764
0.06177 0.31713
0.71129 0.25217
0.28528 0.51345
0.29626 0.06693
0.02360 0.28807
0.37780 0.87414
0.14404 0.23093
0.24656 0.45723
0.03083 0.42314
0.40456 0.40577
0.24758 0.47134
0.80722 0.79580
0.31270 0.69194
0.11214 0.31139
0.08492 0.02603
0.28896 0.50233
0.03609 0.83827
0.90099 0.77893
0.80773 0.93005
0.35436 0.04998
0.60164 0.53119
0.52761 0.74530
0.39916 0.75160
0.60600 0.66703
0.71477 0.82969
0.91013 0.38921
0.73314 0.61342
0.68790 0.62428
0.98779 0.37205
0.13150 0.93864
0.60364 0.42749
0.96283 0.02024
0.83391 0.22726
0.76429 0.81709
0.19288 0.99147
0.26489 0.48175
0.66036 0.54821
0.56305 0.28119
0.65645 0.34687
0.92728 0.44226
0.59114 0.23633
0.50202 0.73545
0.63818 0.56760
0.93497 0.53225
0.88593 0.14442
0.56081 0.68849
0.23986 0.42058
0.64525 0.88250
0.35268 0.49684
0.13095 0.15261
0.92009 0.91687
0.31801 0.24192
0.49691 0.18368
0.37407 0.68673
0.47315 0.90606
0.82642 0.15478
0.36233 0.04686
0.59413 0.52544
0.85116 0.25823
0.20280 0.82501
0.40567 0.67138
0.07924 0.54450
0.26105 0.67707
0.64212 0.61347
0.68808 0.87334
0.24519 0.75541
0.57047 0.69340
0.81268 0.07504
0.00312 0.12905
0.25695 0.18204
0.31586 0.00993
0.46483 0.10386
0.18559 0.50813
0.56346 0.95289
0.39476 0.42263
0.78964 0.33709
0.74818 0.49761
0.49884 0.38040
0.27381 0.52466
0.02511 0.65600
0.08230 0.57763
0.26739 0.77018
0.24222 0.03481
0.26216 0.47323
0.41811 0.28419
0.98237 0.71659
0.83014 0.48408
0.68426 0.62917
0.44630 0.09660
0.62131 0.68636
0.71799 0.21505
0.69726 0.07209
0.81133 0.22918
0.01321 0.18223
0.02976 0.14252
0.90224 0.08314
0.02144 0.20972
0.83575 0.67284
0.34692 0.23920
0.93289 0.73762
0.88166 0.58566
0.64556 0.58271
0.93059 0.37959
0.25073 0.03681
0.73477 0.06842
0.47455 0.99745
0.65171 0.40242
0.91003 0.17724
0.14663 0.28736
0.15600 0.23902
0.87959 0.38190
0.41890 0.72410
0.26825 0.76473
0.18141 0.56837
0.15567 0.67706
0.86024 0.19479
0.06917 0.44720
0.95020 0.76958
0.28685 0.27439
0.83181 0.06685
0.41927 0.28694
0.69901 0.37799
0.30478 0.34761
0.20489 0.53073
0.49537 0.34389
0.10764 0.92736
0.37051 0.73411
0.11319 0.01530
0.70947 0.03162
0.48971 0.87028
0.87080 0.63332
0.02403 0.56458
0.91092 0.74709
0.08939 0.59841
0.80198 0.02226
0.09688 0.29564
0.73513 0.92695
0.75225 0.99483
0.50068 0.65270
0.49638 0.85365
0.97773 0.54993
0.37562 0.35667
0.35603 0.01804
0.44115 0.19905
0.88058 0.99785
0.18363 0.27004
0.47360 0.68585
0.66805 0.51375
0.68868 0.54508
0.50980 0.42742
0.98295 0.51940
0.17398 0.38320
0.86683 0.75967
0.47141 0.28467
0.00211 0.65399
0.02677 0.95355
0.73279 0.88860
0.17119 0.43123
0.24243 0.80706
0.50642 0.31403
0.30365 0.59485
0.29311 0.28173
0.71664 0.87293
0.30795 0.86922
0.59084 0.95541
0.01852 0.10555
0.36684 0.16779
0.80821 0.51031
0.16178 0.15236
0.30417 0.06885
0.81121 0.10746
0.88467 0.27591
0.03735 0.28583
0.15219 0.53352
0.41737 0.13682
0.18760 0.04872
0.18955 0.29460
0.75911 0.15891
0.56044 0.23144
0.26354 0.39602
0.68077 0.01654
0.15115 0.78435
0.50933 0.82656
0.27156 0.14474
0.84816 0.75943
0.01469 0.35723
0.41451 0.28756
0.07925 0.70661
0.36519 0.54726
0.67275 0.46576
0.39393 0.96258
0.84103 0.17194
0.60751 0.60273
0.19055 0.36878
0.33924 0.08463
0.39110 0.14722
0.79101 0.87199
0.03772 0.53422
0.33515 0.44700
0.10227 0.87322
0.82920 0.74505
0.86711 0.29973
0.94063 0.31000
0.48568 0.36769
0.95051 0.01644
0.88206 0.94910
0.58818 0.61516
0.79390 0.74262
0.90819 0.23875
0.09736 0.90016
0.89273 0.11699
0.30182 0.53428
0.89101 0.02208
0.04919 0.72829
0.52604 0.19050
0.47548 0.16136
0.55057 0.13166
0.38220 0.59410
0.34190 0.55696
0.77204 0.25807
0.23975 0.37884
0.70856 0.89065
0.05598 0.69036
0.04299 0.84753
0.29330 0.15428
0.34241 0.68530
0.82815 0.51325
0.45351 0.13682
0.95568 0.86586
0.23511 0.53650
0.26933 0.03730
0.17569 0.40450
0.48913 0.76296
0.01851 0.19844
0.83602 0.36386
