0.38601 0.73002
0.60131 0.90663
0.41923 0.14879
0.83284 0.64960
0.83033 0.33534
0.04607 0.06308
0.19014 0.07683
0.29051 0.68460
0.36304 0.57894
0.51841 0.76900
0.17534 0.12875
0.02490 0.42444
0.10510 0.28817
0.53102 0.58147
0.06927 0.72709
0.28950 0.89191
0.60472 0.90169
0.63562 0.21212
0.60135 0.98813
0.90215 0.88210
0.56741 0.38128
0.31146 0.23504
0.02602 0.50754
0.34377 0.34931
0.40955 0.85064
0.28250 0.84104
0.27800 0.08247
0.68245 0.23061
0.26862 0.28462
0.06207 0.64882
0.26022 0.12873
0.47987 0.32350
0.45830 0.27174
0.27015 0.49400
0.95767 0.66310
0.81067 0.01829
0.68986 0.57139
0.33493 0.88110
0.59622 0.87773
0.38390 0.34884
0.66140 0.70956
0.24577 0.47419
0.15681 0.64023
0.45239 0.80943
0.16872 0.71037
0.47177 0.76580
0.53187 0.74045
0.22747 0.50728
0.44687 0.43922
0.81278 0.35779
0.32885 0.89376
0.12594 0.60346
0.70656 0.30964
0.13930 0.92004
0.16195 0.85438
0.49597 0.26079
0.59199 0.32266
0.91642 0.16349
0.18207 0.16000
0.28854 0.25897
0.46719 0.88647
0.55676 0.59544
0.47957 0.99307
0.90769 0.02893
0.48668 0.49198
0.11182 0.42947
0.24715 0.71944
0.49152 0.66085
0.43824 0.03412
0.38508 0.60717
0.63231 0.44062
0.16392 0.87738
0.20595 0.68927
0.24553 0.35897
0.00522 0.54709
0.11637 0.33007
0.59835 0.48788
0.12259 0.75210
0.16310 0.24206
0.96354 0.41255
0.94677 0.21045
0.56648 0.31756
0.30099 0.44508
0.84190 0.27560
0.55054 0.22265
0.53345 0.04897
0.92847 0.17020
0.45872 0.34564
0.67902 0.28048
0.78403 0.43379
0.56878 0.71038
0.75067 0.05596
0.56526 0.53054
0.66547 0.82130
0.53068 0.71281
0.83452 0.33134
0.02205 0.80689
0.08019 0.71974
0.46969 0.82831
0.02029 0.40635
0.61180 0.84382
0.39498 0.29520
0.04783 0.63015
0.59767 0.71521
0.31212 0.78924
0.56825 0.62671
0.30281 0.93334
0.15458 0.37625
0.35071 0.32082
0.35048 0.71969
0.38316 0.69213
0.89325 0.20331
0.74062 0.40796
0.00844 0.79409
0.62343 0.81271
0.21472 0.13793
0.46444 0.87731
0.36487 0.80522
0.19033 0.70574
0.49237 0.58505
0.92367 0.10058
0.12746 0.50029
0.90555 0.01023
0.60376 0.33834
0.10939 0.17646
0.37578 0.64837
0.70235 0.58074
0.24141 0.58108
0.41444 0.87972
0.30709 0.36189
0.93890 0.01819
0.77404 0.56188
0.52072 0.85789
0.71259 0.06559
0.77936 0.85516
0.45285 0.79726
0.13859 0.71526
0.31063 0.25839
0.40675 0.39578
0.55139 0.19743
0.27954 0.36115
0.30629 0.06451
0.05498 0.92833
0.71005 0.92527
0.02331 0.65427
0.54830 0.12142
0.08843 0.45950
0.76216 0.23733
0.18887 0.72321
0.21497 0.43575
0.70249 0.21446
0.39696 0.81508
0.01209 0.67573
0.26584 0.65577
0.78807 0.02331
0.85803 0.26557
0.80109 0.83615
0.70247 0.91960
0.89864 0.57960
0.03525 0.22412
0.66131 0.03367
0.58900 0.08190
0.75764 0.20717
0.63909 0.09162
0.82034 0.56729
0.75332 0.39278
0.99105 0.72868
0.07209 0.36590
0.38145 0.27630
0.75682 0.60361
0.48562 0.41890
0.71327 0.78337
0.03593 0.39325
0.87527 0.33318
0.94757 0.54000
0.82001 0.92731
0.08077 0.74783
0.29893 0.82938
0.49311 0.59828
0.51963 0.88696
0.70848 0.01687
0.89572 0.62245
0.46175 0.65379
0.77004 0.43049
0.70640 0.01597
0.07163 0.11273
0.09917 0.04628
0.20037 0.75302
0.51472 0.24918
0.21149 0.11385
0.12347 0.71811
0.28605 0.59868
0.23135 0.73853
0.55664 0.78242
0.23397 0.47998
0.51414 0.91449
0.23330 0.55256
0.19387 0.66934
0.31568 0.34840
0.21694 0.22198
0.17084 0.50640
0.83198 0.91602
0.63397 0.78003
0.82923 0.51637
0.52847 0.66886
0.42682 0.17695
0.41924 0.22463
0.86203 0.11147
0.08671 0.56517
0.12377 0.00984
0.77589 0.91978
0.50404 0.12540
0.11201 0.64751
0.54236 0.88438
0.65680 0.45723
0.31834 0.75303
0.33872 0.68653
0.89343 0.66542
0.53580 0.75182
0.32313 0.44022
0.50834 0.26292
0.54312 0.63169
0.34866 0.32121
0.03481 0.60661
0.44256 0.53901
0.22447 0.30967
0.93158 0.94555
0.05794 0.20610
0.29267 0.65668
0.01831 0.99346
0.48636 0.13130
0.36948 0.67712
0.67270 0.00958
0.07728 0.20016
0.82844 0.43252
0.11975 0.21100
0.68171 0.88289
0.84439 0.82945
0.69422 0.45657
0.19435 0.82067
0.50622 0.39797
0.89316 0.11606
0.25834 0.66082
0.41192 0.44422
0.31088 0.65805
0.26295 0.15386
0.22561 0.90563
0.95582 0.62202
0.32281 0.22919
0.43722 0.15915
0.98369 0.98929
0.13227 0.26322
0.37954 0.55303
0.65878 0.38056
0.99014 0.29626
0.36935 0.60597
