0.48676 0.60395
0.94442 0.78927
0.82196 0.90470
0.32990 0.58361
0.32180 0.13987
0.79587 0.88161
0.68530 0.89708
0.52213 0.43934
0.78689 0.15200
0.81500 0.47112
0.28519 0.18598
0.71689 0.07765
0.01694 0.50363
0.08677 0.38432
0.33182 0.31352
0.92554 0.16334
0.14131 0.21425
0.29906 0.48109
0.94194 0.78832
0.47606 0.01057
0.15757 0.57042
0.62430 0.01287
0.08110 0.62947
0.78438 0.25537
0.48391 0.37646
0.63779 0.47962
0.17975 0.77666
0.85047 0.15297
0.62104 0.06691
0.25268 0.98746
0.25181 0.13133
0.63864 0.72298
0.05677 0.70004
0.98254 0.94872
0.50264 0.89877
0.71373 0.10703
0.00328 0.35269
0.64030 0.56516
0.47002 0.18646
0.85201 0.46078
0.15007 0.66295
0.25515 0.20600
0.22173 0.03127
0.79438 0.37642
0.40607 0.30493
0.34380 0.49222
0.87170 0.54792
0.55937 0.42175
0.61205 0.77715
0.05510 0.49362
0.15267 0.37915
0.71437 0.23880
0.46304 0.09543
0.00227 0.80019
0.53591 0.13603
0.38292 0.41472
0.30607 0.92248
0.20992 0.67206
0.18755 0.41847
0.09256 0.66763
0.02221 0.30666
0.85953 0.28578
0.53886 0.25423
0.90162 0.92833
0.49602 0.88111
0.25506 0.52048
0.58825 0.87878
0.66445 0.37129
0.82928 0.60832
0.80162 0.79473
0.03923 0.97845
0.02298 0.84753
0.34259 0.84335
0.72338 0.02462
0.89787 0.76214
0.96722 0.56805
0.41720 0.51208
0.96622 0.44359
0.66654 0.52297
0.40079 0.26561
0.21013 0.39224
0.05073 0.48355
0.48268 0.76102
0.92272 0.30846
0.08461 0.67177
0.61232 0.80533
0.66392 0.43722
0.47369 0.49917
0.15212 0.27626
0.73424 0.04258
0.51972 0.97182
0.13473 0.40796
0.03623 0.62890
0.41038 0.52430
0.78624 0.96572
0.28676 0.57040
0.56491 0.85389
0.08323 0.53388
0.06959 0.75124
0.47348 0.01627
0.38989 0.37198
0.23898 0.01238
0.22265 0.55385
0.14186 0.17746
0.72443 0.02277
0.87837 0.18806
0.97242 0.61238
0.45069 0.27370
0.98472 0.52559
0.66365 0.75336
0.72005 0.88218
0.02000 0.57771
0.20812 0.26163
0.48921 0.45501
0.09996 0.19833
0.94947 0.86604
0.99699 0.39595
0.55533 0.56914
0.20359 0.41688
0.36574 0.25907
0.53730 0.86587
0.26805 0.22514
0.68386 0.65939
0.02805 0.73104
0.60492 0.44587
0.57401 0.23044
0.28468 0.92242
0.33108 0.05416
0.37765 0.04992
0.57276 0.81249
0.60417 0.95986
0.99797 0.06321
0.40129 0.34454
0.51079 0.90442
0.40411 0.07593
0.47831 0.80216
0.04663 0.06626
0.81542 0.24956
0.11219 0.08003
0.63808 0.39255
0.77375 0.31240
0.34810 0.24631
0.97928 0.43981
0.89189 0.38716
0.36767 0.71083
0.32503 0.94230
0.56008 0.37635
0.76707 0.32811
0.50319 0.75904
0.46139 0.04259
0.81985 0.61038
0.49887 0.19832
0.45205 0.30546
0.96191 0.74724
0.05233 0.95974
0.34943 0.44552
0.48257 0.65145
0.48464 0.64147
0.61835 0.25962
0.20817 0.05278
0.82323 0.40534
0.93703 0.12525
0.03251 0.85608
0.81208 0.73050
0.99217 0.63393
0.73263 0.70202
0.84019 0.70426
0.82482 0.78428
0.77385 0.77591
0.17397 0.31517
0.53405 0.42536
0.27964 0.98348
0.29398 0.37023
0.78460 0.27858
0.41792 0.78867
0.64401 0.47901
0.72464 0.65643
0.81463 0.12987
0.04624 0.65843
0.58626 0.09012
0.26992 0.79947
0.00680 0.74304
0.30463 0.08778
0.96722 0.83849
0.74771 0.85560
0.44737 0.04072
0.19748 0.56650
0.73787 0.10912
0.73181 0.33537
0.50561 0.88446
0.57379 0.87237
0.68334 0.12874
0.91328 0.23708
0.60111 0.57782
0.74234 0.36982
0.30604 0.70003
0.20987 0.27155
0.39732 0.13799
0.79403 0.26650
0.11580 0.44653
0.04384 0.24352
0.14689 0.97865
0.39752 0.04561
0.14892 0.67241
0.74848 0.22354
0.74832 0.83768
0.33176 0.38635
0.23420 0.19952
0.66748 0.31279
0.08524 0.50172
0.50181 0.34981
0.09285 0.72720
0.37230 0.85057
0.26002 0.53225
0.96875 0.86286
0.31987 0.46738
0.76187 0.33288
0.12164 0.35782
0.50279 0.11907
0.58390 0.52508
0.44113 0.65305
0.55125 0.99884
0.80673 0.75300
0.19609 0.80883
0.88103 0.72085
0.43547 0.75225
0.30517 0.96467
0.41667 0.69567
0.51584 0.77137
0.11183 0.18401
0.10085 0.72348
0.61867 0.81182
0.71886 0.53240
0.10573 0.28845
0.44062 0.30828
0.66595 0.16186
0.07410 0.19031
0.28756 0.47408
0.98119 0.26672
0.49586 0.85842
0.61009 0.86558
0.42658 0.48715
0.84569 0.31748
0.06413 0.11144
0.74996 0.39536
0.03154 0.51359
0.07507 0.34106
0.90687 0.87020
0.45531 0.86368
0.74612 0.15607
0.78141 0.44793
0.90923 0.33442
0.47927 0.57023
0.84310 0.97688
0.82790 0.52717
0.49607 0.00328
