0.80949 0.83367
0.32381 0.19088
0.63365 0.08924
0.66536 0.10542
0.68308 0.91594
0.90896 0.58884
0.61295 0.68747
0.16601 0.15164
0.45716 0.36333
0.52893 0.98496
0.01565 0.49456
0.43744 0.73325
0.10000 0.87916
0.31257 0.14926
0.61452 0.27856
0.82139 0.30106
0.30337 0.20578
0.66946 0.44191
0.36661 0.75757
0.51309 0.75524
0.03341 0.55879
0.02033 0.63666
0.68937 0.46576
0.93448 0.03540
0.74014 0.93576
0.40073 0.91666
0.64262 0.28435
0.23762 0.36577
0.47545 0.22176
0.14657 0.45732
0.45679 0.32402
0.32140 0.57476
0.43761 0.80115
0.19362 0.30968
0.69890 0.42978
0.64156 0.51955
0.37516 0.13266
0.34875 0.96321
0.40505 0.03152
0.63492 0.64575
0.68893 0.55475
0.04037 0.70505
0.36039 0.64012
0.08814 0.35460
0.06725 0.63401
0.12458 0.24169
0.92386 0.31515
0.11715 0.91848
0.95618 0.69188
0.35695 0.33551
0.30550 0.75821
0.47928 0.20467
0.78497 0.49357
0.15817 0.46014
0.69672 0.93087
0.30034 0.70123
0.99970 0.52090
0.95436 0.23555
0.37535 0.06643
0.86324 0.71050
0.51228 0.67361
0.47393 0.98642
0.29324 0.62566
0.74368 0.55848
0.35058 0.39506
0.19872 0.68259
0.82309 0.07661
0.48651 0.97597
0.15415 0.94894
0.29501 0.40723
0.34146 0.13070
0.23643 0.86299
0.71345 0.38142
0.42628 0.63381
0.62933 0.09473
0.94233 0.10974
0.12784 0.97243
0.38983 0.34620
0.49961 0.40073
0.07853 0.91619
0.25355 0.81105
0.90104 0.83151
0.29371 0.79108
0.31878 0.88736
0.74422 0.22545
0.68827 0.95546
0.94114 0.63359
0.59096 0.65102
0.91065 0.70916
0.48149 0.01999
0.85296 0.75642
0.25769 0.31610
0.34425 0.47062
0.06344 0.50563
0.02378 0.33103
0.17417 0.18628
0.44595 0.47245
0.84146 0.43441
0.69716 0.49359
0.56557 0.86134
0.41675 0.34795
0.93347 0.20851
0.68155 0.97157
0.18374 0.00079
0.08810 0.38828
0.16101 0.68404
0.67930 0.81191
0.41918 0.69159
0.50601 0.79631
0.07756 0.44643
0.68763 0.79308
0.07591 0.80129
0.56565 0.55389
0.92891 0.18382
0.87606 0.33180
0.06650 0.95940
0.65250 0.91428
0.82620 0.33300
0.13387 0.57487
0.61586 0.73611
0.83479 0.65167
0.03506 0.19570
0.78725 0.52837
0.18679 0.75033
0.30657 0.15040
0.78257 0.49564
0.67839 0.09506
0.30961 0.38874
0.78186 0.59549
0.17981 0.54781
0.67959 0.28780
0.20387 0.69936
0.19378 0.48419
0.79686 0.36018
0.32981 0.31257
0.76484 0.00749
0.70533 0.12270
0.05432 0.91138
0.11737 0.72737
0.25459 0.09127
0.29619 0.20294
0.73907 0.45182
0.14916 0.54064
0.12442 0.63235
0.35065 0.81783
0.86087 0.90333
0.50730 0.09788
0.74008 0.23052
0.08671 0.86804
0.29464 0.31822
0.69666 0.25881
0.47993 0.68157
0.04546 0.34867
0.79567 0.01274
0.23220 0.11435
0.15504 0.11959
0.14203 0.74779
0.27918 0.68625
0.98052 0.28293
0.31642 0.44655
0.91722 0.97197
0.16112 0.01762
0.01683 0.06580
0.93998 0.54295
0.83518 0.70314
0.57539 0.87461
0.97606 0.56511
0.87417 0.12963
0.50809 0.50020
0.69720 0.63544
0.55355 0.36726
0.98900 0.15421
0.09578 0.95521
0.31986 0.09853
0.95109 0.51524
0.65461 0.59582
0.65012 0.37017
0.06159 0.15659
0.30850 0.28050
0.32452 0.03615
0.52137 0.56773
0.62410 0.76485
0.88173 0.80917
0.09727 0.32022
0.73986 0.25764
0.51879 0.51819
0.09153 0.80693
0.10539 0.58475
0.87339 0.02284
0.83261 0.92648
0.39192 0.34314
0.27381 0.03894
0.27336 0.66190
0.39466 0.62223
0.15488 0.78264
0.13490 0.19014
0.32147 0.71956
0.91072 0.78668
0.48788 0.60235
0.39332 0.01319
0.09433 0.94344
0.29689 0.86724
0.24676 0.56646
0.13397 0.35988
0.02224 0.38236
0.41559 0.42167
0.85075 0.51226
0.97879 0.28309
0.42128 0.31540
0.07095 0.21145
0.73075 0.29540
0.10961 0.60671
0.37082 0.13351
0.75220 0.87733
0.35946 0.52208
0.21297 0.36873
0.57405 0.28662
0.94196 0.70541
0.90256 0.29710
0.69662 0.24585
0.96635 0.65046
0.68875 0.76280
0.62424 0.83864
0.48348 0.37900
0.53453 0.76399
0.43243 0.49260
0.32812 0.98679
0.28512 0.27591
0.99134 0.65612
0.83626 0.97176
0.52151 0.35761
0.34135 0.47002
0.06836 0.55385
0.69036 0.86142
0.24738 0.02695
0.40553 0.09727
0.03854 0.11712
0.42766 0.53536
0.58157 0.99197
0.79309 0.72543
0.77573 0.25178
0.15642 0.27594
0.18562 0.15542
0.44353 0.26602
0.84308 0.06874
0.53865 0.28523
0.26032 0.34733
0.52939 0.55756
0.14296 0.03243
0.48898 0.91788
0.92146 0.43918
0.13901 0.82313
0.35947 0.93584
0.70620 0.80974
0.17869 0.53951
0.45036 0.40118
