0.34081 0.93627
0.89052 0.45995
0.08684 0.47983
0.20487 0.95579
0.51372 0.02408
0.14252 0.67745
0.59712 0.72493
0.43788 0.14012
0.48978 0.04299
0.58454 0.57796
0.89568 0.13675
0.85261 0.75132
0.74959 0.31484
0.53723 0.62226
0.03733 0.60791
0.18884 0.07843
0.16552 0.29852
0.30441 0.17052
0.83057 0.01990
0.56708 0.89569
0.40483 0.65177
0.53870 0.57435
0.38790 0.18399
0.39015 0.71483
0.25119 0.88830
0.66577 0.34828
0.61193 0.13917
0.48947 0.45232
0.31224 0.58146
0.51738 0.82595
0.93476 0.65009
0.98745 0.95493
0.75063 0.05206
0.17364 0.78010
0.01224 0.88423
0.50612 0.78909
0.93369 0.43732
0.12820 0.39982
0.60397 0.96209
0.77570 0.63348
0.56000 0.90867
0.96769 0.69451
0.62098 0.51423
0.15874 0.19843
0.00348 0.76865
0.21254 0.34675
0.53015 0.04655
0.41587 0.33148
0.53699 0.57262
0.17631 0.85022
0.05293 0.33476
0.81133 0.40800
0.22429 0.64636
0.37407 0.65960
0.82415 0.80946
0.27331 0.28127
0.76135 0.49132
0.34864 0.00733
0.01128 0.59378
0.96418 0.93302
0.65208 0.84460
0.26514 0.24162
0.71867 0.48520
0.53919 0.92441
0.62075 0.33368
0.00265 0.90324
0.12524 0.47612
0.06179 0.37022
0.01737 0.51952
0.46487 0.31894
0.90209 0.82072
0.02604 0.51460
0.08852 0.85366
0.48765 0.21847
0.87282 0.95780
0.44803 0.50708
0.77130 0.58673
0.30396 0.81120
0.62809 0.71565
0.66258 0.23112
0.51135 0.49477
0.74151 0.29519
0.23640 0.98348
0.61396 0.19364
0.11881 0.61994
0.55912 0.82503
0.16220 0.05208
0.69301 0.37880
0.73122 0.49015
0.01687 0.67681
0.93153 0.78157
0.80393 0.07940
0.58608 0.52242
0.50442 0.17248
0.32196 0.41860
0.86927 0.90001
0.86529 0.48087
0.82568 0.06776
0.65060 0.27605
0.15540 0.19093
0.20736 0.68875
0.51719 0.81620
0.69133 0.29186
0.47549 0.71883
0.95863 0.80616
0.98125 0.00512
0.13504 0.72898
0.55748 0.56241
0.37081 0.76233
0.92622 0.40383
0.71295 0.24305
0.08283 0.82162
0.43392 0.76305
0.60195 0.96979
0.41325 0.69509
0.20232 0.14571
0.46513 0.46531
0.13126 0.83924
0.49244 0.22873
0.62793 0.12351
0.89245 0.93541
0.74195 0.27967
0.58299 0.46760
0.60065 0.73067
0.36803 0.04241
0.42650 0.17796
0.27902 0.41316
0.02233 0.23349
0.17423 0.86012
0.70701 0.20944
0.71937 0.53270
0.72312 0.55672
0.89376 0.35970
0.55599 0.41346
0.39533 0.03563
0.35207 0.49817
0.12086 0.92233
0.97999 0.10836
0.65892 0.81487
0.35174 0.90837
0.56296 0.33993
0.55956 0.78199
0.26268 0.58910
0.49276 0.84946
0.11585 0.27442
0.19677 0.19019
0.84548 0.33322
0.16109 0.20856
0.36421 0.51700
0.22567 0.66479
0.65202 0.46943
0.04143 0.89276
0.58173 0.16079
0.77335 0.75449
0.85354 0.95874
0.25390 0.64501
0.73081 0.25885
0.52964 0.88965
0.40421 0.70762
0.96299 0.77178
0.54947 0.30838
0.59325 0.46420
0.43561 0.38914
0.36653 0.75688
0.81264 0.60144
0.93323 0.97219
0.93919 0.70645
0.14686 0.31277
0.83802 0.68100
0.13164 0.36180
0.51027 0.45047
0.37669 0.63019
0.20385 0.48183
0.09752 0.23550
0.05805 0.54986
0.44728 0.47458
0.41084 0.94375
0.78736 0.81259
0.34439 0.81466
0.90897 0.23514
0.90393 0.45072
0.14321 0.26980
0.27381 0.19988
0.27635 0.11314
0.26129 0.64908
0.30295 0.37891
0.33216 0.24335
0.26783 0.51492
0.81420 0.27172
0.81564 0.15399
0.60848 0.95716
0.41438 0.05453
0.35324 0.74715
0.88015 0.16809
0.96444 0.47775
0.21000 0.92047
0.77906 0.68388
0.40625 0.54627
0.31180 0.52760
0.52170 0.53151
0.47554 0.83550
0.02273 0.13955
0.51907 0.73809
0.68896 0.16093
0.58246 0.87511
0.59861 0.09749
0.00497 0.20374
0.36497 0.16571
0.64827 0.52604
0.13228 0.97890
0.63433 0.18371
0.20270 0.57385
0.47038 0.97379
0.34976 0.04316
0.21701 0.86388
0.17928 0.29583
0.39457 0.65646
0.86307 0.81648
0.83295 0.97251
0.34270 0.01547
0.47691 0.62305
0.78020 0.02256
0.30877 0.99930
0.31553 0.41234
0.75454 0.96422
0.72870 0.61827
0.57908 0.06497
0.35541 0.97840
0.88843 0.35177
0.41634 0.48290
0.92205 0.15177
0.77650 0.22853
0.25915 0.84706
0.33596 0.06657
0.88060 0.49579
0.41270 0.87234
0.49550 0.09401
0.86968 0.87942
0.07257 0.88774
0.84634 0.73406
0.52058 0.18711
0.10878 0.46364
0.80462 0.54732
0.68133 0.68247
0.11835 0.98457
0.63005 0.61977
0.02612 0.31093
0.10411 0.53681
0.40880 0.35404
0.08028 0.73253
0.30511 0.44371
0.96295 0.58687
0.74430 0.26969
0.18358 0.70807
0.25480 0.60502
0.22720 0.95404
