0.55547 0.62628
0.50552 0.81337
0.29374 0.41714
0.65292 0.94831
0.97446 0.97344
0.70208 0.93135
0.99789 0.71813
0.82901 0.87578
0.44147 0.04590
0.52508 0.16686
0.07160 0.87962
0.43913 0.07963
0.00717 0.32996
0.99454 0.84899
0.72148 0.08226
0.85778 0.31785
0.57987 0.25349
0.13339 0.57094
0.62486 0.90264
0.77418 0.66971
0.87374 0.66535
0.10822 0.42422
0.50520 0.05729
0.29639 0.60763
0.18414 0.51533
0.69038 0.69347
0.85281 0.42451
0.96495 0.20965
0.51624 0.09767
0.87091 0.31152
0.94593 0.29623
0.80409 0.80684
0.43293 0.60966
0.01437 0.69637
0.69423 0.81251
0.74462 0.18506
0.75903 0.73209
0.22251 0.33659
0.74006 0.71152
0.07402 0.13284
0.79455 0.80882
0.94547 0.17124
0.51815 0.27726
0.42952 0.45348
0.91644 0.14393
0.01100 0.11297
0.41546 0.88192
0.40390 0.02871
0.16539 0.53125
0.56955 0.25409
0.60517 0.57866
0.20392 0.90133
0.36714 0.40880
0.97988 0.22309
0.84992 0.99352
0.23011 0.09163
0.73992 0.23279
0.72179 0.35620
0.94710 0.98049
0.29056 0.12391
0.91980 0.52545
0.18745 0.77812
0.97662 0.33255
0.65658 0.78609
0.72679 0.23322
0.18825 0.19828
0.09809 0.05256
0.47259 0.83719
0.18753 0.51711
0.67858 0.52641
0.50896 0.60066
0.04971 0.63595
0.55976 0.44504
0.68151 0.13995
0.99168 0.56940
0.11513 0.46988
0.27437 0.02536
0.28559 0.71358
0.59606 0.03942
0.39782 0.06460
0.82686 0.89536
0.54565 0.75461
0.50249 0.56602
0.24422 0.74027
0.55168 0.08912
0.61561 0.49366
0.13859 0.41725
0.27464 0.20459
0.30928 0.43353
0.49067 0.67112
0.15971 0.42939
0.76077 0.17344
0.75298 0.02658
0.40073 0.76893
0.82063 0.33835
0.40887 0.52730
0.90552 0.08410
0.76180 0.14621
0.46703 0.98430
0.70339 0.78537
0.41503 0.63706
0.99533 0.40385
0.41599 0.88416
0.49547 0.52027
0.72752 0.06908
0.96351 0.31407
0.09563 0.59646
0.11388 0.77195
0.76741 0.52968
0.71179 0.38800
0.84671 0.40082
0.18045 0.92126
0.08415 0.09332
0.54631 0.77540
0.01044 0.97256
0.37759 0.02749
0.00650 0.61052
0.44699 0.74641
0.04209 0.04442
0.67311 0.51835
0.29763 0.62250
0.65706 0.52771
0.00602 0.64995
0.30693 0.11096
0.78447 0.56698
0.93829 0.73809
0.22477 0.16659
0.64641 0.19998
0.92143 0.99083
0.88424 0.10902
0.15986 0.53418
0.80243 0.89076
0.18790 0.99464
0.04984 0.53678
0.12039 0.33148
0.32923 0.42534
0.09535 0.09724
0.08239 0.07217
0.17318 0.90573
0.45200 0.87533
0.04033 0.53821
0.63335 0.74229
0.14721 0.06588
0.59323 0.90633
0.53318 0.65338
0.47917 0.96123
0.45409 0.74614
0.78610 0.43869
0.86444 0.57178
0.36224 0.80215
0.71431 0.30449
0.01208 0.38488
0.29530 0.11484
0.68862 0.78389
0.03032 0.90394
0.04588 0.08320
0.68769 0.53825
0.34710 0.91414
0.09596 0.86433
0.43090 0.88760
0.37068 0.07354
0.83617 0.18783
0.65653 0.99044
0.40600 0.99140
0.16897 0.01931
0.58172 0.98504
0.95133 0.00157
0.37078 0.56545
0.95409 0.33236
0.46555 0.77510
0.01726 0.12853
0.24618 0.09370
0.60471 0.64664
0.63721 0.55894
0.23563 0.44939
0.57843 0.84486
0.52021 0.17309
0.47656 0.43630
0.70433 0.93476
0.13191 0.97267
0.25473 0.89287
0.05989 0.31414
0.63467 0.49530
0.55778 0.76738
0.11695 0.63148
0.55915 0.56361
0.41014 0.34078
0.28842 0.33267
0.33178 0.44499
0.19392 0.30316
0.72006 0.67673
0.27528 0.21331
0.32813 0.36822
0.12612 0.68393
0.39477 0.47497
0.85806 0.91404
0.61795 0.09906
0.69945 0.64655
0.37744 0.90373
0.11587 0.18338
0.53501 0.98700
0.14246 0.54535
0.92307 0.95320
0.97205 0.40965
0.55048 0.34120
0.79127 0.08061
0.90462 0.90996
0.44208 0.28063
0.80163 0.74002
0.21512 0.94649
0.13752 0.77277
0.55217 0.90366
0.21266 0.67110
0.21347 0.22070
0.32136 0.42998
0.30629 0.23102
0.29865 0.10446
0.52041 0.65105
0.35290 0.39618
0.23499 0.71145
0.58085 0.04386
0.26663 0.07109
0.68755 0.13425
0.88380 0.77897
0.64873 0.18730
0.10792 0.22290
0.92281 0.03824
0.39515 0.88759
0.84857 0.45143
0.71228 0.21661
0.51155 0.96446
0.63803 0.29313
0.89863 0.62942
0.73082 0.10853
0.50117 0.93952
0.61624 0.37137
0.77396 0.67018
0.48760 0.35083
0.52260 0.45940
0.51509 0.98881
0.70345 0.67252
0.58820 0.68999
0.76280 0.80209
0.69717 0.69656
0.17302 0.30916
0.36426 0.07086
0.62733 0.31857
0.81549 0.45053
0.27871 0.32101
0.94982 0.53440
0.04864 0.50626
0.06552 0.93292
0.21453 0.89013
0.68939 0.40765
0.96685 0.81804
0.20734 0.28839
