0.17980 0.81123
0.18435 0.65127
0.65064 0.65253
0.15592 0.01248
0.66195 0.12192
0.85720 0.03652
0.25128 0.66758
0.87110 0.69270
0.31274 0.09209
0.75320 0.48780
0.84785 0.28834
0.56237 0.15348
0.68340 0.92665
0.24103 0.53596
0.32124 0.50249
0.22342 0.66059
0.87409 0.79556
0.71351 0.64899
0.62099 0.08467
0.42794 0.58525
0.23943 0.80210
0.19798 0.69611
0.87841 0.30005
0.70475 0.33006
0.74948 0.19731
0.02935 0.62043
0.45787 0.52653
0.86815 0.06991
0.16011 0.96548
0.33178 0.37384
0.51327 0.76858
0.51568 0.39965
0.43041 0.11712
0.91058 0.49609
0.64104 0.75125
0.69856 0.32976
0.58689 0.04927
0.79529 0.64919
0.09319 0.84687
0.84938 0.31208
0.44627 0.31053
0.44535 0.60052
0.55158 0.96797
0.77387 0.57449
0.30600 0.97855
0.99083 0.29595
0.26544 0.49901
0.40126 0.60098
0.23955 0.15758
0.64037 0.38569
0.72010 0.81102
0.88990 0.60279
0.65796 0.15848
0.69609 0.91246
0.20421 0.86413
0.55583 0.29840
0.88341 0.77629
0.24924 0.03430
0.45359 0.31921
0.07233 0.16970
0.20819 0.18759
0.02632 0.93469
0.87627 0.53784
0.73531 0.37514
0.25216 0.68135
0.53032 0.86302
0.79078 0.61399
0.45793 0.82467
0.58384 0.39170
0.86558 0.48961
0.77187 0.74581
0.07916 0.83466
0.62777 0.29830
0.54761 0.32956
0.56241 0.55702
0.20411 0.63813
0.41001 0.06624
0.05980 0.16631
0.99752 0.58927
0.94777 0.24173
0.85962 0.74251
0.88375 0.94593
0.71093 0.41826
0.87140 0.33040
0.90359 0.81762
0.02058 0.85330
0.52297 0.68400
0.94583 0.79208
0.17716 0.57847
0.74789 0.50459
0.44191 0.57724
0.28261 0.32048
0.19056 0.64490
0.28398 0.57355
0.96687 0.94089
0.45940 0.60519
0.87808 0.32653
0.95249 0.48612
0.46048 0.61666
0.97130 0.34128
0.25168 0.16900
0.64268 0.22410
0.21518 0.68667
0.43677 0.33781
0.31917 0.98129
0.08240 0.28289
0.68671 0.68536
0.33370 0.10716
0.28649 0.30195
0.30010 0.67473
0.53570 0.06650
0.24711 0.98052
0.51196 0.64837
0.85063 0.29958
0.31034 0.56129
0.03714 0.07755
0.67071 0.40589
0.54813 0.09593
0.77607 0.75550
0.17959 0.02427
0.49693 0.53143
0.05657 0.23185
0.01694 0.66660
0.83766 0.18612
0.15957 0.40071
0.67686 0.56353
0.88383 0.69068
0.47664 0.35578
0.33215 0.67603
0.36092 0.53263
0.87685 0.66636
0.51850 0.83038
0.14935 0.33086
0.27955 0.18060
0.26249 0.98498
0.27059 0.44137
0.59846 0.70436
0.65672 0.91398
0.10371 0.69203
0.24376 0.79699
0.23808 0.63054
0.47611 0.43451
0.75370 0.55363
0.24973 0.19764
0.81309 0.53736
0.31822 0.88914
0.89508 0.76941
0.12626 0.64966
0.65841 0.35001
0.69198 0.79562
0.29887 0.03298
0.85411 0.15414
0.26842 0.58959
0.10901 0.52388
0.01188 0.49243
0.60859 0.05564
0.53363 0.02050
0.81101 0.02209
0.26607 0.99998
0.44372 0.70667
0.04683 0.79434
0.59180 0.48650
0.58656 0.29212
0.37367 0.76482
0.25665 0.13151
0.69686 0.94309
0.44965 0.01586
0.59531 0.36804
0.88119 0.88676
0.32197 0.51487
0.53266 0.41561
0.39602 0.82103
0.36972 0.22187
0.17740 0.80243
0.91431 0.68102
0.15716 0.74319
0.85511 0.45751
0.58596 0.93170
0.68449 0.16712
0.66409 0.83420
0.90729 0.56402
0.17190 0.05106
0.34366 0.93610
0.72661 0.07830
0.30573 0.54294
0.00485 0.24607
0.27823 0.98054
0.24651 0.66950
0.85444 0.22429
0.85393 0.11492
0.52324 0.06799
0.64459 0.09923
0.78857 0.89104
0.45685 0.57607
0.97577 0.70963
0.63010 0.20661
0.71610 0.38893
0.19732 0.07585
0.72566 0.55592
0.69037 0.44394
0.95078 0.99254
0.87125 0.52844
0.54114 0.26685
0.02361 0.42842
0.90100 0.96713
0.31128 0.17044
0.04999 0.53950
0.45835 0.96785
0.14804 0.59577
0.25886 0.29616
0.40006 0.85418
0.59006 0.49050
0.48550 0.74773
0.33239 0.22756
0.00559 0.22251
0.06935 0.86127
0.87079 0.73511
0.69099 0.25829
0.38747 0.81430
0.51713 0.01275
0.32629 0.09640
0.17007 0.19115
0.02717 0.04645
0.57504 0.99384
0.40045 0.98816
0.36311 0.86483
0.92828 0.18454
0.91326 0.07024
0.70161 0.63105
0.85473 0.79421
0.21122 0.52237
0.68915 0.31401
0.73448 0.74216
0.41665 0.57337
0.90649 0.59177
0.00119 0.07263
0.49946 0.68195
0.44642 0.99271
0.74619 0.01541
0.82464 0.11778
0.82207 0.45563
0.18767 0.72242
0.49892 0.45214
0.42284 0.90299
0.88145 0.10786
0.35246 0.01190
0.78228 0.91286
0.41911 0.08748
0.89075 0.49326
0.16442 0.04376
0.71669 0.24344
0.88940 0.82979
0.97523 0.60355
0.67625 0.19746
0.60347 0.14538
0.39808 0.76937
