0.73405 0.35879
0.46626 0.43231
0.02974 0.12751
0.15041 0.70890
0.61561 0.72527
0.79352 0.38168
0.49368 0.48809
0.90206 0.99666
0.76260 0.59859
0.28353 0.05238
0.52233 0.71335
0.68804 0.90154
0.59733 0.11486
0.51622 0.26726
0.19743 0.60816
0.51695 0.48047
0.71448 0.42197
0.19189 0.87854
0.01643 0.85616
0.04866 0.38851
0.16635 0.59869
0.51001 0.92093
0.44399 0.55416
0.36222 0.95659
0.50447 0.85758
0.69655 0.78170
0.63550 0.29879
0.80055 0.63011
0.12307 0.92809
0.66877 0.10508
0.04819 0.85334
0.45159 0.68097
0.52595 0.17922
0.60296 0.99231
0.56633 0.59112
0.60591 0.86935
0.63116 0.15959
0.63779 0.30847
0.24722 0.79557
0.51982 0.63462
0.71593 0.64575
0.19620 0.92475
0.66046 0.49304
0.98113 0.28070
0.78228 0.13532
0.34679 0.79042
0.68753 0.25230
0.63035 0.80834
0.29417 0.60545
0.10721 0.46906
0.60981 0.42204
0.01766 0.69727
0.43720 0.26884
0.41851 0.74419
0.04959 0.89380
0.28527 0.79183
0.83704 0.59074
0.98844 0.10948
0.17669 0.35278
0.72955 0.16046
0.63580 0.81327
0.29883 0.04350
0.23922 0.78623
0.50900 0.57401
0.41596 0.90761
0.26593 0.65267
0.60824 0.06400
0.68453 0.25800
0.21867 0.00270
0.66753 0.77097
0.22400 0.78369
0.05975 0.30029
0.69718 0.06108
0.71401 0.41123
0.37241 0.49030
0.23423 0.98185
0.75075 0.94006
0.21074 0.81186
0.25136 0.22298
0.72643 0.67701
0.04355 0.13578
0.96005 0.17753
0.10820 0.70129
0.47844 0.15992
0.62970 0.43268
0.66506 0.94329
0.31212 0.11224
0.61338 0.32474
0.99633 0.28904
0.30932 0.14284
0.42648 0.86911
0.16011 0.52110
0.90201 0.71626
0.09180 0.02556
0.84417 0.52222
0.29185 0.92705
0.35469 0.59310
0.63716 0.28604
0.43125 0.82675
0.69924 0.42215
0.96635 0.14993
0.40805 0.61044
0.28852 0.89130
0.69908 0.03580
0.26440 0.62818
0.20552 0.01079
0.54812 0.38102
0.59291 0.18611
0.21869 0.72635
0.02396 0.13398
0.33532 0.11071
0.53282 0.18445
0.87411 0.92040
0.59428 0.64145
0.34508 0.67178
0.52629 0.71508
0.07984 0.62577
0.35950 0.60798
0.79667 0.90157
0.32825 0.65693
0.02910 0.59469
0.49646 0.91776
0.06911 0.79043
0.50957 0.43444
0.52411 0.44036
0.68535 0.22883
0.37073 0.19661
0.98438 0.99292
0.09473 0.82338
0.29625 0.10724
0.28581 0.33805
0.27929 0.37243
0.02790 0.40901
0.20410 0.92751
0.47426 0.19489
0.26122 0.83767
0.32042 0.75822
0.61869 0.04761
0.01676 0.11940
0.67112 0.58360
0.94927 0.03272
0.33632 0.59150
0.75248 0.95564
0.59604 0.99555
0.45374 0.18467
0.72619 0.47633
0.42611 0.05293
0.91768 0.59625
0.06623 0.60519
0.72531 0.46223
0.69945 0.51983
0.47125 0.38153
0.73314 0.79402
0.65327 0.71995
0.23133 0.82771
0.05361 0.47887
0.82653 0.67563
0.14743 0.23528
0.45125 0.93667
0.96192 0.32241
0.87441 0.89442
0.93116 0.07128
0.63645 0.72534
0.94792 0.82472
0.18002 0.34169
0.38997 0.86385
0.32340 0.56813
0.58954 0.26541
0.44363 0.97544
0.49370 0.53738
0.80465 0.16099
0.54758 0.59471
0.46210 0.88844
0.71456 0.85151
0.08500 0.21955
0.81431 0.91800
0.89491 0.27589
0.96437 0.24591
0.31683 0.97120
0.03674 0.26738
0.97681 0.71237
0.65114 0.98998
0.92568 0.82347
0.29667 0.60316
0.55521 0.13380
0.87431 0.53419
0.06292 0.12420
0.48440 0.80364
0.78026 0.97095
0.37940 0.47460
0.01994 0.90307
0.01688 0.44704
0.95400 0.38706
0.33014 0.30175
0.55144 0.35030
0.14544 0.59749
0.05099 0.43893
0.52156 0.45763
0.19977 0.72061
0.75321 0.06772
0.67292 0.46420
0.34244 0.19659
0.35095 0.92384
0.52722 0.72552
0.28167 0.67599
0.18597 0.09778
0.63678 0.38051
0.80385 0.32893
0.01439 0.26412
0.46915 0.55773
0.87434 0.22967
0.14417 0.82366
0.43116 0.04968
0.42913 0.74607
0.56738 0.91851
0.49162 0.89614
0.53154 0.38911
0.82213 0.11338
0.15905 0.24461
0.62969 0.72510
0.99166 0.29105
0.38582 0.70252
0.98990 0.32097
0.39137 0.95408
0.40438 0.24079
0.67638 0.04297
0.79214 0.18125
0.02508 0.50194
0.17300 0.91315
0.79998 0.30605
0.31077 0.35402
0.95733 0.65675
0.17789 0.37651
0.52864 0.59375
0.87189 0.33557
0.89565 0.94947
0.65376 0.69091
0.58208 0.33175
0.81836 0.29673
0.81866 0.82391
0.26372 0.55504
0.52868 0.33769
0.56680 0.68717
0.56637 0.88033
0.70006 0.93669
0.90085 0.33008
0.82916 0.22987
0.46203 0.66356
0.91412 0.25050
0.07342 0.76798
0.14400 0.21653
0.37641 0.00016
0.73616 0.94184
0.83879 0.08462
0.15566 0.99623
0.81576 0.98242
