0.57487 0.90423
0.96885 0.83180
0.88408 0.44534
0.92354 0.32162
0.01537 0.40371
0.25877 0.59579
0.22639 0.27216
0.65813 0.16710
0.99476 0.57442
0.64217 0.41012
0.62713 0.08176
0.03838 0.37898
0.33817 0.58465
0.01464 0.56581
0.50514 0.75073
0.90909 0.07739
0.09730 0.40316
0.10878 0.08630
0.06248 0.00197
0.01766 0.07563
0.14551 0.00449
0.16099 0.33109
0.40847 0.82514
0.99642 0.29213
0.93122 0.43293
0.30155 0.63673
0.10346 0.04478
0.32658 0.53753
0.16639 0.01572
0.44523 0.67489
0.08500 0.34683
0.44175 0.43117
0.99968 0.23750
0.82104 0.01123
0.38573 0.76886
0.02557 0.23853
0.57797 0.38558
0.77928 0.43540
0.88284 0.91745
0.86990 0.67573
0.97264 0.92122
0.93471 0.45475
0.40195 0.55590
0.70608 0.54747
0.97106 0.39267
0.65465 0.39758
0.68358 0.14338
0.89679 0.37162
0.96589 0.82235
0.64086 0.40725
0.08811 0.95730
0.13029 0.54951
0.35752 0.66465
0.89389 0.53276
0.22893 0.51312
0.45211 0.87581
0.03214 0.54627
0.46622 0.87473
0.60776 0.08044
0.47045 0.94108
0.61656 0.03020
0.80246 0.31377
0.94831 0.11649
0.24961 0.91047
0.81164 0.13545
0.07867 0.04212
0.49429 0.87732
0.76991 0.86043
0.63608 0.18990
0.02103 0.15453
0.16951 0.96059
0.11544 0.44811
0.24401 0.23081
0.65907 0.93907
0.14338 0.21373
0.75835 0.00169
0.83900 0.63286
0.89551 0.44004
0.58418 0.87002
0.83051 0.59352
0.41598 0.68287
0.01840 0.76242
0.42939 0.55113
0.78162 0.08208
0.26419 0.21232
0.04570 0.23245
0.22790 0.11029
0.60838 0.97065
0.76272 0.36103
0.57090 0.35000
0.02171 0.86023
0.10466 0.29983
0.02067 0.99810
0.45148 0.51625
0.86892 0.51649
0.60992 0.24612
0.86914 0.21692
0.50999 0.43866
0.26407 0.22491
0.38403 0.66329
0.86926 0.59094
0.77791 0.49308
0.77482 0.29515
0.79262 0.50141
0.99767 0.24252
0.23573 0.70700
0.69376 0.83817
0.16054 0.20365
0.45662 0.39557
0.55079 0.36334
0.97912 0.48623
0.34346 0.92528
0.59520 0.19140
0.77511 0.33302
0.55660 0.58665
0.35244 0.02127
0.93323 0.15218
0.86803 0.31926
0.00107 0.16311
0.40111 0.00029
0.26714 0.28124
0.76354 0.90450
0.16901 0.45199
0.61635 0.54319
0.98897 0.41118
0.57348 0.29552
0.42686 0.21921
0.71581 0.50383
0.36263 0.71054
0.01793 0.76359
0.40915 0.21795
0.40571 0.36949
0.66287 0.86574
0.53005 0.25556
0.93337 0.61505
0.32348 0.25373
0.98002 0.17342
0.26788 0.18982
0.55517 0.02639
0.87358 0.19641
0.56375 0.08291
0.12786 0.35815
0.35216 0.95415
0.97994 0.24067
0.12157 0.70418
0.13941 0.07186
0.13933 0.00118
0.51438 0.57138
0.09918 0.42210
0.71316 0.51127
0.48065 0.47162
0.64822 0.46796
0.78993 0.54041
0.77839 0.50701
0.87890 0.22444
0.91972 0.87143
0.81968 0.08671
0.39533 0.13590
0.35823 0.57388
0.42174 0.09669
0.22818 0.85135
0.24792 0.72646
0.29126 0.77357
0.90705 0.21114
0.99046 0.41726
0.10704 0.67846
0.45608 0.45921
0.28013 0.51376
0.50096 0.06878
0.86698 0.61363
0.62292 0.49337
0.61047 0.72914
0.41987 0.20011
0.57666 0.86564
0.78365 0.75902
0.16341 0.22913
0.44670 0.88342
0.76289 0.74177
0.64345 0.81988
0.75667 0.63271
0.62450 0.74699
0.77480 0.68429
0.61556 0.96721
0.60476 0.37274
0.97651 0.38837
0.59540 0.84433
0.51055 0.95861
0.50189 0.83776
0.10751 0.83502
0.89421 0.92324
0.57746 0.21851
0.48568 0.42092
0.81100 0.45387
0.56589 0.26548
0.21920 0.76613
0.23006 0.74765
0.55230 0.62696
0.89432 0.48972
0.58786 0.59889
0.68453 0.44373
0.62051 0.88566
0.00623 0.06948
0.06029 0.53585
0.81608 0.42545
0.59873 0.98205
0.76693 0.17657
0.23124 0.85038
0.05461 0.48409
0.17723 0.21668
0.42237 0.57057
0.64837 0.64785
0.71672 0.96113
0.64469 0.54555
0.04341 0.44229
0.55412 0.18432
0.80112 0.69146
0.61729 0.37119
0.47796 0.98063
0.50763 0.67798
0.33744 0.73569
0.27288 0.51635
0.75152 0.93272
0.43385 0.25155
0.72878 0.60876
0.03644 0.65309
0.62680 0.69573
0.13938 0.71536
0.26524 0.45243
0.90738 0.39520
0.49547 0.73510
0.88422 0.86331
0.71635 0.98210
0.48475 0.81822
0.80783 0.47165
0.30266 0.27622
0.90366 0.45081
0.07447 0.50990
0.47684 0.31698
0.46614 0.00750
0.17503 0.04005
0.86728 0.36112
0.31318 0.48141
0.63387 0.83437
0.09846 0.53005
0.75310 0.44466
0.06197 0.99452
0.96440 0.51516
0.78960 0.02280
0.18882 0.10158
0.03748 0.74847
0.39321 0.37378
0.41505 0.38493
0.78968 0.65562
0.38220 0.78480
0.48332 0.53803
0.00522 0.21768
