0.76282 0.03252
0.03933 0.77006
0.15556 0.73049
0.81761 0.39295
0.76935 0.54715
0.73288 0.23733
0.36766 0.76974
0.50495 0.27439
0.08192 0.67892
0.97751 0.10753
0.71788 0.41065
0.29552 0.55436
0.08303 0.96258
0.42249 0.84959
0.79962 0.35377
0.37811 0.13160
0.17147 0.88121
0.91391 0.19324
0.83295 0.51998
0.04130 0.18378
0.06751 0.06135
0.72241 0.52266
0.09741 0.71834
0.37697 0.23561
0.04184 0.58502
0.01122 0.00180
0.89503 0.09405
0.93128 0.23651
0.94512 0.42106
0.60813 0.18932
0.02869 0.69488
0.70550 0.66632
0.79599 0.98136
0.96531 0.01744
0.58949 0.55023
0.48743 0.15420
0.84263 0.87193
0.37127 0.13726
0.32490 0.48767
0.62566 0.87751
0.61489 0.74773
0.72852 0.66468
0.29671 0.88605
0.01499 0.36672
0.70711 0.54491
0.37088 0.60676
0.86769 0.33989
0.92071 0.24337
0.06837 0.82852
0.42760 0.67107
0.63760 0.19872
0.73869 0.02505
0.01633 0.78514
0.07237 0.29514
0.39402 0.83918
0.31649 0.65333
0.41099 0.21943
0.32609 0.20367
0.61775 0.66585
0.99610 0.24756
0.80474 0.88113
0.63058 0.87695
0.16389 0.07211
0.24404 0.91725
0.82945 0.45639
0.00499 0.26821
0.07133 0.38052
0.16046 0.08037
0.95160 0.86849
0.80682 0.49050
0.23795 0.16810
0.13023 0.51357
0.62925 0.55559
0.46430 0.66701
0.49600 0.50621
0.03678 0.57123
0.60259 0.15595
0.11884 0.81079
0.28895 0.36405
0.80797 0.25233
0.37184 0.91172
0.96223 0.57653
0.78440 0.15460
0.69647 0.35949
0.31983 0.29188
0.74224 0.36373
0.02657 0.59206
0.83453 0.43788
0.03568 0.50428
0.52229 0.63362
0.78845 0.56439
0.68887 0.14740
0.31060 0.53795
0.68260 0.82028
0.26150 0.86439
0.42883 0.52751
0.70037 0.87803
0.68345 0.85924
0.53590 0.04262
0.31635 0.62751
0.47826 0.12751
0.16377 0.80359
0.21818 0.05373
0.32742 0.54728
0.87312 0.95554
0.51074 0.04086
0.17219 0.93156
0.50437 0.44906
0.60710 0.90219
0.00168 0.12789
0.47145 0.77120
0.37834 0.08558
0.13204 0.17114
0.42892 0.79541
0.54838 0.55755
0.12304 0.50126
0.26488 0.04070
0.12923 0.76462
0.47470 0.35515
0.27503 0.14735
0.14547 0.90257
0.26399 0.68270
0.52514 0.99007
0.48120 0.57570
0.96782 0.11798
0.91350 0.54373
0.78379 0.01066
0.82600 0.24707
0.88983 0.49925
0.74637 0.62709
0.06060 0.85423
0.50856 0.33237
0.64045 0.91719
0.56483 0.97878
0.29593 0.21576
0.34079 0.41799
0.24339 0.86230
0.82719 0.73680
0.93062 0.59596
0.58023 0.84362
0.63126 0.68796
0.59367 0.55254
0.19190 0.66640
0.50351 0.54174
0.49985 0.62394
0.35911 0.90335
0.45841 0.42182
0.67871 0.77222
0.79358 0.88332
0.62731 0.29685
0.67152 0.29854
0.23596 0.83651
0.10836 0.60949
0.62479 0.71387
0.64369 0.57878
0.45258 0.84578
0.97147 0.61005
0.34546 0.24531
0.08112 0.98689
0.64988 0.49550
0.90794 0.47140
0.38556 0.12266
0.52904 0.62180
0.30245 0.35721
0.88102 0.96727
0.58132 0.12090
0.35335 0.88886
0.97984 0.88803
0.79319 0.78419
0.88195 0.96238
0.20430 0.42344
0.58584 0.54303
0.61458 0.86738
0.27265 0.06524
0.26177 0.92019
0.13506 0.49899
0.13926 0.24370
0.87548 0.45652
0.15169 0.82731
0.81749 0.92455
0.29893 0.48349
0.25008 0.98852
0.25256 0.61836
0.38968 0.03331
0.16104 0.92618
0.47437 0.38351
0.59852 0.94402
0.67743 0.77886
0.10439 0.69932
0.53222 0.88499
0.45962 0.32104
0.23488 0.96817
0.28822 0.19713
0.47729 0.75103
0.27300 0.61396
0.65504 0.54869
0.65366 0.29156
0.90557 0.50874
0.84268 0.16001
0.92379 0.21194
0.10229 0.68417
0.28956 0.94481
0.79555 0.25242
0.19955 0.41022
0.58286 0.53680
0.37730 0.00901
0.00360 0.45728
0.93750 0.08690
0.67069 0.21158
0.48038 0.95985
0.32667 0.93180
0.67711 0.64841
0.74292 0.63403
0.24130 0.95896
0.68991 0.35680
0.24250 0.41820
0.30050 0.69459
0.78386 0.54032
0.32040 0.79039
0.96001 0.45617
0.16647 0.37276
0.12378 0.00761
0.57471 0.32651
0.29657 0.74125
0.47609 0.43160
0.16091 0.81177
0.62273 0.80429
0.72234 0.15574
0.10150 0.07055
0.08686 0.28316
0.87033 0.48005
0.47955 0.36159
0.43262 0.69596
0.27343 0.25188
0.43093 0.59473
0.28028 0.38341
0.50952 0.29107
0.93023 0.98522
0.65952 0.63413
0.65750 0.57661
0.06379 0.94694
0.16430 0.06962
0.37322 0.97774
0.88921 0.40782
0.06546 0.61734
0.31896 0.97510
0.98133 0.61644
0.86087 0.21630
0.25276 0.72660
0.47338 0.85572
0.27060 0.34927
0.37954 0.94533
0.36322 0.67150
0.25012 0.52908
0.82396 0.16500
0.57610 0.34858
