0.54455 0.00830
0.66137 0.88959
0.35769 0.98408
0.11723 0.80050
0.98351 0.16438
0.90925 0.99693
0.26253 0.25822
0.37707 0.48330
0.95730 0.93677
0.89207 0.92967
0.21046 0.86723
0.03491 0.07879
0.32367 0.88086
0.59441 0.24872
0.17019 0.88784
0.27033 0.35788
0.14663 0.56330
0.51207 0.15819
0.40315 0.44395
0.54802 0.83729
0.49986 0.67893
0.32101 0.24047
0.91017 0.26579
0.17900 0.20795
0.45136 0.53359
0.83897 0.03878
0.81208 0.78506
0.71517 0.90468
0.84183 0.35910
0.02387 0.73677
0.36405 0.16539
0.04632 0.35798
0.79841 0.93658
0.05404 0.94319
0.28930 0.35840
0.92287 0.60715
0.23558 0.43471
0.37327 0.41003
0.75423 0.71025
0.38111 0.98328
0.07911 0.22191
0.01579 0.51128
0.20502 0.93067
0.41820 0.00204
0.73272 0.50165
0.66813 0.13113
0.94057 0.13385
0.30268 0.31563
0.71392 0.94630
0.99632 0.12015
0.74400 0.60789
0.05258 0.74070
0.08716 0.25736
0.00352 0.35280
0.18840 0.43162
0.42985 0.45463
0.19669 0.30928
0.76070 0.27548
0.84626 0.97699
0.41067 0.11711
0.97869 0.29837
0.73138 0.37414
0.26034 0.87165
0.08480 0.14008
0.63294 0.26964
0.82856 0.90748
0.22987 0.55221
0.16310 0.66311
0.57721 0.04860
0.06702 0.32067
0.00641 0.39415
0.43892 0.25655
0.64965 0.25467
0.50610 0.41149
0.05276 0.10520
0.44340 0.32176
0.09698 0.87264
0.06490 0.81124
0.85017 0.66028
0.06630 0.13130
0.19074 0.02581
0.03190 0.50719
0.07603 0.26061
0.86926 0.23919
0.55381 0.53915
0.35494 0.07127
0.08411 0.85949
0.94634 0.17773
0.64116 0.55457
0.80693 0.21109
0.57041 0.12343
0.98819 0.10256
0.21176 0.60071
0.18276 0.17460
0.56197 0.08873
0.66697 0.71973
0.38232 0.92738
0.66314 0.16324
0.90667 0.11200
0.65007 0.71808
0.48081 0.24237
0.17910 0.30500
0.29626 0.10897
0.72331 0.18713
0.77732 0.49254
0.33840 0.55395
0.42959 0.19224
0.39364 0.46324
0.62536 0.50424
0.00796 0.78471
0.28747 0.26818
0.64049 0.16340
0.37855 0.70203
0.71977 0.46400
0.18122 0.96793
0.70168 0.56512
0.72626 0.78796
0.15127 0.88653
0.96190 0.11448
0.95299 0.84948
0.52743 0.42719
0.18687 0.57317
0.59757 0.78195
0.52194 0.91977
0.79847 0.28889
0.79652 0.40824
0.46661 0.65468
0.51611 0.50605
0.02128 0.39004
0.71916 0.37547
0.91656 0.65501
0.41828 0.81960
0.44861 0.58708
0.97913 0.07532
0.49673 0.33507
0.21206 0.63834
0.22298 0.69771
0.33966 0.68336
0.66881 0.94711
0.32925 0.89334
0.88896 0.82244
0.06394 0.44325
0.36650 0.26544
0.83629 0.10192
0.90401 0.93691
0.03613 0.63796
0.23987 0.41050
0.23927 0.73403
0.30440 0.04711
0.11530 0.61077
0.43183 0.81265
0.49596 0.35211
0.19461 0.24967
0.93848 0.74038
0.91238 0.81409
0.08544 0.89039
0.92342 0.61724
0.83218 0.90242
0.41387 0.88370
0.12658 0.20284
0.84839 0.59939
0.34236 0.16601
0.12857 0.62729
0.72636 0.86655
0.76220 0.35242
0.06685 0.48018
0.22309 0.92628
0.65250 0.64658
0.68232 0.51221
0.25471 0.99224
0.32133 0.57569
0.34205 0.15236
0.89925 0.01805
0.18587 0.46600
0.65786 0.36621
0.62746 0.21332
0.54521 0.66848
0.53079 0.95066
0.42546 0.53733
0.96762 0.45848
0.48843 0.12634
0.01370 0.12968
0.71586 0.43318
0.27293 0.37381
0.05411 0.89684
0.51032 0.61669
0.34551 0.31887
0.97090 0.30169
0.07859 0.77332
0.50594 0.13288
0.72020 0.12972
0.74934 0.88285
0.97965 0.08932
0.47268 0.70465
0.43228 0.88859
0.94004 0.95281
0.09244 0.80081
0.34652 0.18580
0.14243 0.97800
0.49943 0.97135
0.86206 0.65906
0.46020 0.27814
0.88606 0.20349
0.84544 0.44843
0.14915 0.46886
0.29473 0.80963
0.90969 0.19692
0.03651 0.19851
0.87253 0.94149
0.74297 0.30524
0.05073 0.23670
0.59249 0.05840
0.66229 0.95221
0.15410 0.79310
0.30827 0.46483
0.23757 0.08827
0.71532 0.86600
0.14580 0.64963
0.93442 0.25691
0.25498 0.26785
0.37483 0.67601
0.40638 0.78719
0.97274 0.72862
0.08027 0.85300
0.97575 0.77973
0.92966 0.08461
0.52839 0.21315
0.45071 0.47834
0.84008 0.29108
0.86041 0.14720
0.77510 0.50389
0.21777 0.94917
0.48692 0.62471
0.62385 0.65432
0.59488 0.07264
0.47083 0.37582
0.13715 0.82713
0.61908 0.32315
0.79748 0.52908
0.28248 0.32519
0.34238 0.09879
0.59156 0.37482
0.10571 0.17465
0.49698 0.26088
0.20718 0.09160
0.23988 0.85967
0.44566 0.44312
0.30877 0.25986
0.44917 0.95895
0.73592 0.85585
0.50454 0.76403
0.16760 0.12082
0.37540 0.23848
0.10952 0.49597
0.93810 0.12187
0.50075 0.01071
