0.18117 0.31242
0.04048 0.64849
0.85657 0.72381
0.30629 0.95452
0.60167 0.70894
0.97473 0.45296
0.06719 0.52463
0.27933 0.25117
0.21486 0.42819
0.75952 0.89203
0.92605 0.29533
0.08481 0.00794
0.36570 0.91557
0.59810 0.73996
0.01335 0.05801
0.36189 0.70290
0.40039 0.16614
0.19597 0.53266
0.59446 0.02759
0.51416 0.74115
0.56822 0.08769
0.54588 0.38523
0.98326 0.05520
0.94439 0.31716
0.39846 0.00006
0.59763 0.22236
0.23521 0.89111
0.69732 0.61202
0.35966 0.13611
0.85841 0.09754
0.40610 0.66422
0.57056 0.09543
0.13667 0.32442
0.04888 0.78875
0.22472 0.49981
0.90300 0.31245
0.36138 0.07764
0.23691 0.61664
0.19729 0.26499
0.50812 0.57737
0.43127 0.14108
0.49993 0.83033
0.52425 0.63873
0.31554 0.01570
0.98425 0.48998
0.80709 0.68364
0.96886 0.30014
0.83657 0.32951
0.37294 0.23518
0.86197 0.19671
0.90275 0.61088
0.76397 0.62458
0.56460 0.75182
0.90561 0.23007
0.34353 0.82101
0.97059 0.55080
0.64652 0.56579
0.44806 0.39790
0.25668 0.04906
0.46401 0.30098
0.78094 0.64647
0.76543 0.81822
0.87080 0.84156
0.26868 0.37049
0.21439 0.49511
0.19766 0.12348
0.26422 0.06825
0.09803 0.38989
0.02716 0.64728
0.62629 0.65786
0.96044 0.65757
0.21438 0.79911
0.42109 0.08681
0.77636 0.64427
0.88069 0.39306
0.98129 0.21332
0.36786 0.41168
0.41191 0.40266
0.68311 0.36562
0.23708 0.01175
0.98181 0.48123
0.11177 0.09582
0.05606 0.10936
0.54853 0.35344
0.77144 0.62222
0.23884 0.46493
0.51040 0.03248
0.45474 0.59015
0.57642 0.58759
0.42452 0.19548
0.69087 0.81059
0.26390 0.30436
0.47544 0.10599
0.76291 0.32611
0.02522 0.94059
0.93152 0.05230
0.89691 0.74862
0.68477 0.60075
0.47363 0.09748
0.89191 0.59677
0.10641 0.23341
0.62327 0.00872
0.56191 0.17619
0.43815 0.74684
0.66863 0.95227
0.19495 0.12405
0.58867 0.02932
0.10559 0.54872
0.23726 0.01572
0.19340 0.56229
0.23267 0.39998
0.09920 0.38404
0.03887 0.73740
0.48305 0.04913
0.88621 0.94110
0.00227 0.19533
0.10697 0.84854
0.08253 0.22780
0.88106 0.94796
0.44036 0.95688
0.37494 0.16485
0.25098 0.68397
0.57498 0.55185
0.57899 0.09346
0.71419 0.26331
0.88653 0.23118
0.82095 0.99820
0.82957 0.17306
0.39298 0.12684
0.73845 0.64364
0.75917 0.34149
0.49602 0.31402
0.84240 0.56944
0.03608 0.71681
0.42049 0.20841
0.87867 0.51738
0.55001 0.77858
0.35191 0.66078
0.25459 0.02968
0.22162 0.22365
0.97662 0.53710
0.68656 0.24927
0.77313 0.65667
0.09246 0.11815
0.86378 0.80688
0.57692 0.30947
0.15205 0.76443
0.91059 0.66642
0.25713 0.88439
0.84956 0.35547
0.31090 0.69105
0.66709 0.56092
0.32425 0.91973
0.11476 0.77742
0.13506 0.99811
0.79509 0.49855
0.26458 0.56960
0.51524 0.71327
0.82837 0.57654
0.03055 0.89012
0.08944 0.11553
0.82064 0.24631
0.01592 0.61171
0.86540 0.54727
0.96882 0.80009
0.39623 0.47474
0.23729 0.77711
0.32680 0.39467
0.05327 0.05074
0.55163 0.45586
0.25981 0.75758
0.46330 0.85270
0.82158 0.82476
0.03020 0.40907
0.57598 0.01643
0.12786 0.53036
0.05414 0.13142
0.89905 0.92599
0.35810 0.50843
0.86385 0.99357
0.14292 0.78007
0.65858 0.45937
0.96351 0.16778
0.00842 0.60578
0.79570 0.95690
0.46653 0.87197
0.83372 0.55818
0.91510 0.07156
0.10904 0.43292
0.34049 0.27501
0.08400 0.59701
0.43372 0.88309
0.29856 0.10726
0.12982 0.18994
0.30366 0.85926
0.73799 0.24724
0.16196 0.65271
0.63627 0.45703
0.93512 0.65362
0.71343 0.92249
0.61132 0.91210
0.00341 0.15673
0.54953 0.80220
0.65336 0.18243
0.69367 0.55625
0.40717 0.78803
0.35011 0.32030
0.91492 0.74241
0.59193 0.88845
0.53786 0.72134
0.48392 0.75580
0.67409 0.58601
0.96852 0.12574
0.67204 0.64228
0.60931 0.25310
0.76782 0.43274
0.11527 0.50965
0.39846 0.88325
0.14581 0.69382
0.49655 0.76872
0.10879 0.43871
0.84369 0.24281
0.33913 0.69334
0.32763 0.71752
0.57504 0.19980
0.26350 0.91755
0.71075 0.59045
0.84788 0.80564
0.47285 0.79196
0.35909 0.51218
0.42988 0.84334
0.01592 0.22406
0.67943 0.21596
0.74740 0.67488
0.54541 0.36009
0.80675 0.27065
0.07531 0.67700
0.20458 0.54798
0.38238 0.32979
0.10101 0.62372
0.94540 0.15439
0.88645 0.11504
0.13741 0.99042
0.01880 0.01551
0.26135 0.41209
0.28216 0.02220
0.52033 0.25324
0.02487 0.44651
0.15864 0.05278
0.71096 0.43085
0.13056 0.96794
0.07421 0.78268
0.72171 0.91858
0.33949 0.61423
0.04413 0.85948
0.97934 0.41487
