0.78645 0.21585
0.60504 0.69152
0.59069 0.47395
0.92295 0.87550
0.93129 0.05476
0.62183 0.99434
0.21997 0.62721
0.30129 0.12033
0.64225 0.39908
0.77282 0.39431
0.90971 0.32348
0.06493 0.02954
0.81532 0.26975
0.70365 0.54670
0.60832 0.27826
0.44804 0.75778
0.38443 0.25675
0.27429 0.28990
0.24417 0.67294
0.87257 0.00905
0.51411 0.90777
0.10939 0.75735
0.68150 0.24215
0.18636 0.80096
0.90820 0.02588
0.69201 0.86916
0.68814 0.11417
0.34469 0.27704
0.01290 0.33030
0.37283 0.95489
0.00922 0.20765
0.92350 0.23943
0.19355 0.49160
0.19266 0.39277
0.19222 0.09575
0.30598 0.61322
0.05567 0.42467
0.71246 0.60001
0.08794 0.67926
0.18727 0.16823
0.85023 0.23826
0.48530 0.65758
0.19897 0.08417
0.33146 0.75086
0.05765 0.82816
0.44855 0.31690
0.12650 0.04804
0.12417 0.89044
0.06128 0.95242
0.43692 0.88509
0.17921 0.87640
0.06502 0.34104
0.07557 0.95497
0.94320 0.09286
0.81172 0.50209
0.11928 0.06672
0.61507 0.70415
0.15664 0.77038
0.54838 0.57406
0.87966 0.61083
0.38912 0.83042
0.18181 0.49615
0.91357 0.01791
0.30570 0.52333
0.06066 0.74422
0.15515 0.70277
0.67581 0.97009
0.12723 0.15871
0.98141 0.55000
0.72677 0.93974
0.49650 0.01904
0.55969 0.03538
0.03012 0.63965
0.93451 0.59502
0.70472 0.95575
0.55352 0.79594
0.28520 0.74527
0.11659 0.92075
0.58033 0.21046
0.05807 0.05176
0.68032 0.91471
0.74216 0.17725
0.90084 0.73151
0.16467 0.74907
0.18023 0.70183
0.00314 0.26263
0.78292 0.88082
0.14711 0.76576
0.75047 0.89323
0.44211 0.25208
0.37888 0.46929
0.24406 0.14502
0.82517 0.34151
0.90527 0.28435
0.89297 0.33613
0.99045 0.77516
0.55848 0.85146
0.94201 0.20958
0.63616 0.98271
0.99727 0.12038
0.73207 0.90220
0.89434 0.26218
0.37016 0.35688
0.70743 0.37961
0.47087 0.25120
0.11783 0.96056
0.99058 0.91034
0.67425 0.85093
0.61190 0.42567
0.56913 0.92250
0.71397 0.21978
0.82763 0.49238
0.39086 0.23697
0.28846 0.17509
0.81048 0.87048
0.87111 0.41914
0.01883 0.66853
0.26893 0.76649
0.42715 0.22053
0.35517 0.43229
0.99221 0.97411
0.42245 0.85302
0.83813 0.52006
0.81748 0.24316
0.81641 0.76346
0.20501 0.46507
0.94317 0.51994
0.33938 0.29271
0.90449 0.09611
0.44609 0.27129
0.19139 0.55033
0.47943 0.18497
0.22432 0.31055
0.97230 0.40689
0.71662 0.68764
0.63368 0.66507
0.42834 0.47510
0.51324 0.45698
0.82255 0.09764
0.20482 0.90154
0.26595 0.95791
0.58309 0.89684
0.92435 0.98328
0.89687 0.28346
0.41976 0.60242
0.52413 0.09264
0.67008 0.28736
0.95135 0.23105
0.05273 0.50667
0.97422 0.85131
0.94631 0.68707
0.73224 0.77343
0.99194 0.13632
0.85497 0.83898
0.33207 0.78837
0.92233 0.84822
0.90193 0.10395
0.09693 0.57230
0.50513 0.62830
0.53563 0.17433
0.96111 0.08152
0.11542 0.42794
0.36830 0.73738
0.59644 0.74717
0.05619 0.50636
0.96692 0.36081
0.02120 0.63058
0.21585 0.22353
0.09263 0.25373
0.01112 0.94663
0.75989 0.52593
0.93205 0.46805
0.41678 0.18023
0.46829 0.51195
0.08414 0.24664
0.84705 0.46552
0.25725 0.24465
0.24973 0.04154
0.76952 0.78391
0.95394 0.75469
0.25149 0.76955
0.20658 0.61037
0.29154 0.65912
0.98480 0.74358
0.75410 0.68291
0.21614 0.43709
0.98219 0.28541
0.15920 0.99947
0.32241 0.36797
0.18052 0.43055
0.79550 0.69006
0.01347 0.41896
0.50620 0.72466
0.38753 0.50001
0.39468 0.78734
0.96493 0.34590
0.04718 0.24270
0.27787 0.24687
0.09030 0.02787
0.34993 0.41267
0.53456 0.40971
0.86390 0.97639
0.32183 0.94088
0.47917 0.68403
0.94123 0.17758
0.05392 0.54178
0.36282 0.02339
0.88788 0.79648
0.31705 0.63172
0.24724 0.43271
0.67128 0.08520
0.09811 0.57683
0.52705 0.93011
0.44222 0.78275
0.18005 0.87119
0.08690 0.34792
0.53810 0.17657
0.96874 0.99247
0.53660 0.21227
0.73082 0.76855
0.88819 0.07636
0.13747 0.11940
0.49688 0.52167
0.76988 0.19353
0.03060 0.85965
0.19141 0.17258
0.13481 0.54506
0.17997 0.12895
0.44074 0.13649
0.32625 0.57496
0.47003 0.60326
0.83787 0.90437
0.50020 0.41627
0.94246 0.52974
0.01800 0.72856
0.15116 0.98218
0.39216 0.38770
0.20689 0.27245
0.01793 0.98236
0.99167 0.26053
0.30344 0.33728
0.17368 0.83147
0.56131 0.10019
0.69251 0.49907
0.50909 0.38567
0.58173 0.96166
0.37085 0.22234
0.37884 0.60996
0.94913 0.91128
0.48568 0.22704
0.26120 0.31271
0.26511 0.62217
0.50339 0.39113
0.63682 0.95290
0.48268 0.37001
0.11164 0.55850
