0.40509 0.30821
0.58257 0.69717
0.40666 0.23449
0.28538 0.67568
0.52888 0.97242
0.71972 0.82761
0.35148 0.84464
0.85172 0.53649
0.29245 0.11676
0.81646 0.42403
0.49178 0.73110
0.92027 0.65147
0.78671 0.13025
0.84087 0.53630
0.14175 0.44275
0.01618 0.57158
0.97582 0.29638
0.26892 0.26085
0.43777 0.54894
0.97721 0.95341
0.86572 0.37786
0.73849 0.41587
0.40789 0.26358
0.54802 0.79665
0.21274 0.11572
0.14858 0.85088
0.10552 0.14813
0.22358 0.18942
0.21911 0.50591
0.05197 0.14403
0.89618 0.40155
0.31995 0.62550
0.13058 0.26571
0.50097 0.58894
0.98477 0.57919
0.85707 0.54342
0.26546 0.22365
0.09179 0.82745
0.68838 0.48630
0.32277 0.35356
0.61145 0.95007
0.26012 0.66942
0.17353 0.87048
0.44268 0.70365
0.97311 0.67995
0.12154 0.16258
0.57183 0.52825
0.40172 0.13084
0.68606 0.91229
0.87283 0.88500
0.34848 0.73718
0.06468 0.20076
0.86911 0.05101
0.17122 0.94511
0.47119 0.15114
0.04888 0.95672
0.81042 0.33794
0.02033 0.11552
0.76151 0.86087
0.00848 0.66576
0.83022 0.41834
0.00085 0.30295
0.35347 0.08320
0.14879 0.12851
0.19539 0.47325
0.21311 0.09908
0.70687 0.07830
0.78135 0.79044
0.53814 0.89780
0.98482 0.71410
0.52676 0.99680
0.03965 0.02827
0.18912 0.23610
0.85551 0.14934
0.98434 0.69313
0.92887 0.81836
0.93175 0.25846
0.62388 0.54960
0.39634 0.12153
0.00916 0.33482
0.30690 0.99730
0.93886 0.56002
0.53132 0.28996
0.90978 0.27108
0.27837 0.51093
0.85105 0.38836
0.96586 0.21886
0.75294 0.77824
0.85876 0.36451
0.53987 0.52282
0.16326 0.92583
0.98948 0.84035
0.88548 0.75855
0.76195 0.20605
0.45214 0.50925
0.75259 0.34427
0.41777 0.35172
0.09344 0.76679
0.16857 0.11712
0.77518 0.16778
0.07797 0.07822
0.77085 0.36537
0.40469 0.87255
0.89411 0.86123
0.58848 0.21085
0.13656 0.83936
0.44237 0.05471
0.59515 0.26057
0.99680 0.75658
0.97985 0.07421
0.26987 0.68610
0.95008 0.70069
0.32897 0.95976
0.64809 0.61182
0.65611 0.39787
0.84124 0.29806
0.60403 0.13900
0.80278 0.10805
0.24373 0.28240
0.80106 0.32791
0.18566 0.99690
0.73708 0.76567
0.30341 0.32038
0.24851 0.16260
0.37111 0.05389
0.81706 0.17321
0.41354 0.82086
0.87462 0.75250
0.61502 0.70202
0.71144 0.67684
0.74727 0.33409
0.60173 0.54146
0.81977 0.28325
0.23469 0.07571
0.31792 0.77925
0.97466 0.53326
0.25384 0.10062
0.81586 0.09129
0.18011 0.75809
0.10854 0.35259
0.31126 0.97192
0.43907 0.12770
0.82924 0.41230
0.47730 0.31987
0.93361 0.97085
0.10474 0.73280
0.37233 0.96206
0.22915 0.94504
0.73328 0.92966
0.44616 0.41954
0.60387 0.15024
0.02892 0.49867
0.59603 0.50740
0.92455 0.71595
0.32918 0.87851
0.66543 0.04872
0.70959 0.07427
0.84214 0.37843
0.22974 0.07448
0.59251 0.98066
0.78197 0.30609
0.22416 0.94987
0.70503 0.58789
0.06917 0.72586
0.80769 0.10556
0.61690 0.69041
0.60802 0.39343
0.37215 0.44453
0.12541 0.52534
0.88254 0.45066
0.20427 0.98399
0.19253 0.63577
0.21629 0.62024
0.37714 0.23010
0.46586 0.73824
0.54925 0.03020
0.59935 0.39878
0.71308 0.00902
0.80060 0.19328
0.74881 0.53688
0.63966 0.27934
0.19373 0.53171
0.92863 0.15666
0.47634 0.08346
0.59403 0.68558
0.21459 0.10698
0.09153 0.84701
0.36263 0.23113
0.54371 0.22855
0.86137 0.32007
0.56828 0.58577
0.26056 0.36059
0.28970 0.67867
0.57789 0.23419
0.34735 0.10291
0.03470 0.96799
0.58445 0.37765
0.30721 0.15823
0.43219 0.04841
0.45931 0.03576
0.93871 0.99629
0.75592 0.96006
0.41264 0.21539
0.61419 0.53419
0.79539 0.98130
0.80059 0.17775
0.82319 0.50659
0.28451 0.38994
0.02692 0.64239
0.57694 0.13375
0.88835 0.87239
0.70178 0.30950
0.49846 0.95484
0.74525 0.07656
0.83405 0.17096
0.12395 0.30941
0.55169 0.58433
0.18044 0.03960
0.41822 0.21616
0.89394 0.51963
0.98864 0.94587
0.33678 0.59031
0.25918 0.37523
0.62625 0.55590
0.22672 0.49715
0.47291 0.21515
0.23951 0.96688
0.05186 0.19256
0.78209 0.89482
0.15727 0.83260
0.39189 0.59732
0.23502 0.42141
0.09064 0.34322
0.18774 0.46793
0.04312 0.83864
0.30027 0.33736
0.37725 0.78260
0.80272 0.58393
0.15440 0.02004
0.65944 0.99176
0.13807 0.09215
0.89979 0.32601
0.27967 0.24642
0.85086 0.21584
0.29524 0.97630
0.51926 0.53785
0.85284 0.03515
0.09587 0.08704
0.30926 0.74725
0.36546 0.00180
0.77693 0.74038
0.17679 0.52185
0.90534 0.77817
0.17812 0.30033
0.05775 0.77085
0.49220 0.25557
