0.50571 0.37616
0.91650 0.57100
0.61595 0.67664
0.74850 0.00307
0.05747 0.75281
0.32901 0.25109
0.39068 0.87120
0.90756 0.89464
0.99875 0.29492
0.47798 0.70504
0.77386 0.05922
0.06013 0.85824
0.28208 0.87270
0.22615 0.96413
0.80720 0.78099
0.39965 0.69734
0.64874 0.19670
0.51029 0.36184
0.69262 0.25126
0.52868 0.99735
0.05208 0.90703
0.21930 0.79125
0.10415 0.81603
0.23650 0.66836
0.04628 0.97760
0.95357 0.32816
0.45204 0.72899
0.81966 0.00646
0.86277 0.34969
0.41449 0.70057
0.54101 0.72039
0.56925 0.79848
0.45635 0.12048
0.42814 0.88286
0.94783 0.75220
0.94464 0.84495
0.25890 0.96689
0.01346 0.80265
0.20344 0.79894
0.90665 0.78700
0.35901 0.34684
0.14048 0.69053
0.06941 0.92790
0.56566 0.54471
0.30214 0.00534
0.63687 0.63294
0.94256 0.14052
0.21518 0.43066
0.17859 0.93889
0.61206 0.06518
0.01354 0.42073
0.26094 0.28999
0.42584 0.54654
0.60055 0.84763
0.31154 0.80285
0.17108 0.17313
0.36731 0.41723
0.99350 0.01200
0.42710 0.13672
0.96755 0.89594
0.58038 0.21002
0.13034 0.98333
0.15402 0.95654
0.03042 0.36809
0.75978 0.72962
0.70211 0.46220
0.95972 0.76039
0.99900 0.54346
0.35671 0.73197
0.10634 0.81685
0.42519 0.66439
0.83244 0.94094
0.03854 0.30167
0.12783 0.95390
0.49161 0.11389
0.84270 0.05551
0.94592 0.03377
0.07350 0.01012
0.22245 0.10326
0.95471 0.24813
0.37614 0.99253
0.77388 0.64669
0.71670 0.07381
0.20854 0.64058
0.43232 0.38455
0.12357 0.76023
0.10833 0.93591
0.70916 0.36005
0.29213 0.30629
0.46489 0.47994
0.04866 0.49452
0.88566 0.37480
0.08068 0.21212
0.04554 0.51649
0.30597 0.73488
0.55287 0.50620
0.16884 0.10686
0.30795 0.05856
0.62673 0.80976
0.26924 0.29294
0.75651 0.06349
0.74046 0.18701
0.33022 0.30319
0.78737 0.20249
0.37793 0.23387
0.91717 0.91244
0.35601 0.84973
0.71548 0.69333
0.13009 0.81514
0.00477 0.51753
0.40029 0.59775
0.13970 0.81686
0.68233 0.66036
0.02607 0.71515
0.34230 0.90920
0.03175 0.52210
0.81386 0.88367
0.28169 0.91808
0.96343 0.96317
0.92261 0.39575
0.74569 0.31921
0.68109 0.24663
0.09243 0.71869
0.80118 0.70935
0.10585 0.94968
0.20935 0.04258
0.53250 0.43250
0.92637 0.86205
0.79187 0.78709
0.56887 0.56503
0.76277 0.95295
0.33057 0.18752
0.26982 0.68539
0.02210 0.01753
0.37379 0.76713
0.81231 0.30232
0.03942 0.32454
0.59440 0.75423
0.62545 0.93994
0.25592 0.69850
0.40033 0.91589
0.83260 0.86814
0.71643 0.59004
0.56545 0.39406
0.94079 0.58214
0.41317 0.38397
0.80388 0.40527
0.10793 0.90724
0.36902 0.31076
0.76224 0.40903
0.17967 0.08878
0.03610 0.80051
0.63544 0.91378
0.36739 0.25701
0.88727 0.89820
0.66357 0.95335
0.29699 0.32399
0.84082 0.15841
0.41210 0.62258
0.31317 0.66003
0.10417 0.28431
0.20992 0.08397
0.53915 0.16813
0.77026 0.07087
0.90933 0.62885
0.92832 0.97673
0.53808 0.77802
0.55409 0.72631
0.90413 0.53236
0.74466 0.03790
0.67734 0.13348
0.31631 0.66797
0.54193 0.86647
0.93904 0.08170
0.73579 0.08424
0.94271 0.07128
0.50244 0.61517
0.60660 0.25220
0.44616 0.07554
0.48750 0.81050
0.61016 0.90852
0.75014 0.25365
0.15199 0.39446
0.78653 0.74019
0.95604 0.95184
0.25258 0.28168
0.24768 0.13172
0.84336 0.20994
0.23158 0.83675
0.27612 0.98956
0.53756 0.20168
0.85047 0.89487
0.55801 0.16623
0.35393 0.59600
0.45908 0.20458
0.06477 0.96204
0.32456 0.23243
0.79745 0.48461
0.31547 0.42677
0.17895 0.70818
0.55104 0.14601
0.36649 0.96925
0.73530 0.61006
0.48471 0.49097
0.97696 0.11101
0.09145 0.27081
0.39484 0.77977
0.97773 0.00738
0.39497 0.10398
0.97804 0.58378
0.86430 0.95117
0.20240 0.23913
0.89257 0.79637
0.73215 0.86365
0.71709 0.50223
0.93136 0.87656
0.20338 0.32440
0.77715 0.20330
0.97837 0.17950
0.85186 0.66119
0.25847 0.60201
0.70743 0.52310
0.03563 0.39984
0.51895 0.05538
0.20220 0.46991
0.17026 0.80275
0.43946 0.64000
0.45839 0.23701
0.35446 0.15236
0.73874 0.98924
0.33750 0.08218
0.04069 0.82779
0.59551 0.62152
0.14016 0.43416
0.64240 0.87361
0.09586 0.99442
0.90012 0.05983
0.39609 0.28105
0.58980 0.40390
0.68245 0.75928
0.82202 0.41294
0.76342 0.29389
0.63677 0.66873
0.20302 0.89586
0.38651 0.82711
0.34852 0.82660
0.18649 0.09849
0.12853 0.36325
0.21071 0.93830
0.82195 0.80564
0.39447 0.84849
0.21703 0.98755
0.56464 0.84933
0.60209 0.93931
0.94348 0.72492
0.73704 0.71503
