0.20619 0.75313
0.66353 0.50668
0.61603 0.34564
0.93033 0.27928
0.91075 0.20901
0.33764 0.21733
0.00006 0.43254
0.84525 0.71191
0.52397 0.39667
0.35483 0.72441
0.00281 0.30556
0.07460 0.94954
0.94473 0.43309
0.48012 0.19775
0.92397 0.61679
0.43185 0.56243
0.72207 0.54341
0.79676 0.83198
0.39100 0.54041
0.67689 0.32793
0.76308 0.94328
0.40101 0.97342
0.88599 0.05346
0.05930 0.30625
0.76725 0.36135
0.37358 0.27254
0.25700 0.94580
0.87424 0.09545
0.25703 0.74757
0.69798 0.90944
0.61420 0.03690
0.16717 0.19587
0.16491 0.78918
0.39136 0.36386
0.08446 0.85103
0.76101 0.57986
0.01622 0.48506
0.34788 0.53737
0.26342 0.89796
0.01191 0.98554
0.10900 0.23162
0.60397 0.18230
0.69385 0.57980
0.99193 0.02473
0.91822 0.08360
0.53752 0.88987
0.43979 0.59103
0.12870 0.02138
0.02415 0.23921
0.83973 0.06178
0.99096 0.65731
0.11079 0.13961
0.08032 0.92916
0.05464 0.43743
0.42125 0.69943
0.27421 0.71673
0.24836 0.36930
0.24395 0.42350
0.08637 0.97913
0.79051 0.90013
0.51768 0.30699
0.48219 0.46434
0.80891 0.59338
0.67816 0.43120
0.98519 0.42651
0.72347 0.96559
0.33663 0.43502
0.76743 0.23813
0.89410 0.38085
0.11038 0.65400
0.99007 0.22276
0.06367 0.42120
0.30540 0.24349
0.21493 0.27386
0.64804 0.78056
0.15811 0.54096
0.28410 0.94709
0.20668 0.56250
0.04159 0.38102
0.64862 0.59598
0.59458 0.19384
0.90411 0.35764
0.99832 0.54945
0.06461 0.34579
0.39857 0.68536
0.44380 0.92363
0.54469 0.95166
0.52933 0.74212
0.08265 0.37262
0.49956 0.54822
0.01493 0.99362
0.70958 0.74512
0.49930 0.67440
0.03866 0.70755
0.66360 0.05393
0.56885 0.46995
0.94526 0.77950
0.47135 0.55075
0.97507 0.84680
0.43307 0.19831
0.08379 0.52468
0.13891 0.46681
0.10614 0.68027
0.83416 0.21239
0.05103 0.14176
0.52188 0.91256
0.69561 0.70576
0.82104 0.72708
0.52221 0.32929
0.61382 0.20049
0.16322 0.20335
0.72327 0.94656
0.51980 0.76877
0.93952 0.91094
0.04590 0.02346
0.98230 0.25335
0.29206 0.75253
0.83857 0.48471
0.28781 0.22236
0.94467 0.53655
0.69302 0.31404
0.25901 0.21481
0.15617 0.73994
0.64834 0.92428
0.79077 0.05426
0.48666 0.84325
0.80337 0.17368
0.05784 0.72550
0.24739 0.88467
0.01916 0.73008
0.98984 0.42989
0.98289 0.74185
0.52830 0.87714
0.85151 0.62942
0.90398 0.69527
0.45437 0.51074
0.29880 0.67563
0.57244 0.25346
0.12081 0.16702
0.02901 0.24057
0.13776 0.47748
0.72490 0.13957
0.04347 0.07897
0.51436 0.67295
0.77616 0.85473
0.57659 0.08936
0.08011 0.55170
0.56098 0.93412
0.58766 0.19358
0.98834 0.76270
0.56514 0.01998
0.52847 0.71875
0.89483 0.90250
0.17543 0.11827
0.87749 0.83207
0.39370 0.89745
0.35919 0.40308
0.21273 0.21067
0.15536 0.57814
0.90677 0.13091
0.18577 0.49888
0.58402 0.83291
0.42097 0.53168
0.48443 0.26713
0.96563 0.50635
0.00744 0.20427
0.49814 0.63863
0.23676 0.68669
0.38556 0.43913
0.30395 0.58850
0.17794 0.16677
0.95566 0.60925
0.45271 0.22061
0.17988 0.67719
0.64121 0.91175
0.62194 0.73133
0.01181 0.22125
0.19172 0.55959
0.45242 0.23679
0.75623 0.83124
0.45918 0.13825
0.70910 0.09451
0.88824 0.81382
0.89739 0.86156
0.10240 0.55413
0.33585 0.48851
0.05009 0.21203
0.08113 0.05897
0.17370 0.70824
0.93045 0.52305
0.82565 0.17001
0.13921 0.57186
0.03369 0.90774
0.40959 0.55537
0.76782 0.71401
0.94178 0.96460
0.67589 0.45594
0.32928 0.30366
0.70903 0.63069
0.01298 0.92237
0.71776 0.51767
0.88674 0.72082
0.57083 0.19773
0.75293 0.83505
0.28977 0.42107
0.37832 0.23253
0.72429 0.67441
0.84294 0.27035
0.81628 0.22969
0.03923 0.74091
0.87291 0.77518
0.10489 0.40554
0.26375 0.59288
0.06577 0.59369
0.66589 0.23852
0.53988 0.66476
0.15592 0.21867
0.47787 0.80838
0.96458 0.09908
0.24256 0.93330
0.17916 0.50655
0.32498 0.92884
0.89757 0.91698
0.75730 0.95205
0.59021 0.65285
0.50927 0.04302
0.07777 0.69949
0.50179 0.24264
0.48048 0.59710
0.11797 0.36701
0.29640 0.13741
0.27306 0.89333
0.74267 0.16010
0.97153 0.76170
0.88942 0.61024
0.04614 0.63499
0.79589 0.99646
0.99221 0.76950
0.46934 0.87258
0.70959 0.95628
0.46704 0.18470
0.99792 0.78602
0.31772 0.71049
0.65928 0.59424
0.27288 0.07719
0.72332 0.28805
0.07035 0.77088
0.46748 0.00055
0.82190 0.28034
0.39599 0.43480
0.50249 0.18533
0.58024 0.95765
0.16731 0.46099
0.94448 0.45669
0.67138 0.92784
0.71073 0.69409
