0.27216 0.50859
0.08806 0.30909
0.97278 0.42908
0.14851 0.02101
0.19984 0.00306
0.57436 0.32440
0.91242 0.42227
0.22804 0.09301
0.26387 0.96144
0.60892 0.21425
0.41967 0.45215
0.84552 0.18352
0.57224 0.79246
0.34506 0.15613
0.21002 0.94530
0.94139 0.68145
0.35148 0.21001
0.59827 0.99747
0.24399 0.07594
0.51437 0.28709
0.58352 0.16579
0.00331 0.46987
0.07775 0.41104
0.03458 0.10595
0.84684 0.50338
0.16791 0.43289
0.03797 0.47816
0.85928 0.12434
0.24816 0.27604
0.18280 0.36099
0.18832 0.72790
0.90003 0.17468
0.35528 0.00466
0.56782 0.57906
0.47441 0.52716
0.92269 0.25068
0.54416 0.01755
0.45747 0.99536
0.37341 0.84856
0.80384 0.52443
0.02596 0.55555
0.55003 0.31278
0.90441 0.53332
0.37484 0.65631
0.04366 0.64228
0.91786 0.13582
0.28964 0.61475
0.04572 0.37653
0.66560 0.25152
0.32343 0.61118
0.61748 0.71614
0.70386 0.47182
0.39388 0.72427
0.67744 0.50443
0.87923 0.98386
0.38932 0.63848
0.92926 0.22280
0.07660 0.14627
0.81516 0.89244
0.33904 0.28565
0.19250 0.35905
0.90040 0.14192
0.34410 0.92683
0.30421 0.02280
0.15782 0.55822
0.11755 0.35761
0.24899 0.53482
0.71866 0.30581
0.30353 0.67396
0.76038 0.10893
0.85702 0.33340
0.46979 0.12869
0.99783 0.56773
0.44525 0.11374
0.17272 0.58678
0.94761 0.66624
0.37802 0.26694
0.90730 0.43685
0.68812 0.38944
0.90716 0.43180
0.63291 0.27282
0.30091 0.48588
0.99234 0.98749
0.83116 0.74415
0.48583 0.27859
0.88333 0.94051
0.94228 0.92218
0.17933 0.61837
0.09720 0.63656
0.82526 0.08076
0.82534 0.68750
0.62366 0.04333
0.72369 0.00450
0.48313 0.96506
0.27580 0.52401
0.41797 0.69558
0.37217 0.91306
0.46371 0.86362
0.31151 0.20305
0.13604 0.14564
0.93646 0.50697
0.61797 0.06279
0.18708 0.73682
0.54434 0.67612
0.42331 0.31660
0.06883 0.64315
0.83185 0.58845
0.39826 0.18796
0.79209 0.98133
0.43458 0.84658
0.35598 0.87129
0.75277 0.58683
0.12843 0.62706
0.97024 0.62321
0.58415 0.42449
0.58794 0.37343
0.92803 0.24112
0.77555 0.16617
0.40510 0.67758
0.56447 0.86666
0.18499 0.83637
0.91221 0.36208
0.08867 0.01692
0.53278 0.28673
0.47047 0.19919
0.31731 0.19685
0.97344 0.06114
0.33991 0.50083
0.30807 0.01160
0.30276 0.15932
0.96475 0.83031
0.48121 0.64000
0.00784 0.24192
0.72324 0.33661
0.17480 0.21886
0.54637 0.79692
0.20328 0.15573
0.05130 0.38643
0.80537 0.48630
0.79089 0.13543
0.22275 0.96262
0.32765 0.55825
0.08132 0.49432
0.42581 0.39314
0.30785 0.59734
0.73544 0.06910
0.03450 0.58988
0.18991 0.06171
0.48588 0.78227
0.32575 0.99106
0.52009 0.02371
0.80788 0.25147
0.40755 0.69313
0.25498 0.26610
0.67953 0.77366
0.20143 0.46595
0.60559 0.05237
0.37321 0.78221
0.41463 0.01447
0.74067 0.07867
0.45709 0.76239
0.48563 0.32895
0.83468 0.38368
0.38265 0.66855
0.10418 0.91187
0.39830 0.78412
0.78113 0.25895
0.98218 0.26913
0.70799 0.48023
0.78007 0.34361
0.29512 0.06221
0.36799 0.30771
0.76477 0.45295
0.48831 0.28154
0.35841 0.93013
0.34706 0.99354
0.23677 0.50980
0.33920 0.53147
0.13362 0.60141
0.37385 0.70538
0.97769 0.75476
0.23190 0.05852
0.36295 0.31616
0.85691 0.38383
0.29485 0.42606
0.74685 0.90676
0.53839 0.01872
0.28476 0.42686
0.12376 0.13137
0.86745 0.15413
0.42178 0.91980
0.40204 0.08462
0.47689 0.71988
0.45495 0.09722
0.32551 0.48144
0.53529 0.94455
0.50464 0.56758
0.83148 0.71051
0.07479 0.26647
0.39758 0.34661
0.34107 0.02662
0.37334 0.82571
0.47095 0.46167
0.77516 0.47133
0.08678 0.51081
0.38358 0.57879
0.19942 0.21022
0.88130 0.24597
0.46200 0.53768
0.95858 0.97636
0.39882 0.28334
0.40920 0.63626
0.65842 0.80023
0.91638 0.51304
0.22091 0.59443
0.95863 0.89457
0.95033 0.69788
0.21836 0.10204
0.01710 0.41662
0.99392 0.79991
0.44814 0.70213
0.17778 0.57515
0.92348 0.45583
0.69108 0.22428
0.64691 0.27924
0.66078 0.63884
0.41135 0.09772
0.60053 0.00033
0.18965 0.53506
0.50075 0.62168
0.24620 0.90868
0.64643 0.90894
0.63303 0.39488
0.92879 0.22282
0.39566 0.35570
0.59790 0.23124
0.79735 0.08242
0.22970 0.55333
0.33128 0.80391
0.50506 0.10506
0.72934 0.56860
0.38817 0.53552
0.00640 0.89206
0.72835 0.07907
0.55287 0.07077
0.02029 0.97346
0.75427 0.68347
0.19149 0.61281
0.41574 0.92260
0.57768 0.73927
0.02266 0.73595
0.88637 0.82441
0.72922 0.36965
0.84416 0.17012
0.00160 0.95843
0.11537 0.64313
