0.28782 0.48780
0.00554 0.15355
0.84627 0.13128
0.27066 0.68005
0.16897 0.65815
0.24485 0.62309
0.42989 0.41598
0.10737 0.32912
0.70113 0.25631
0.45181 0.10731
0.61282 0.27514
0.71982 0.84343
0.74199 0.25251
0.09537 0.23521
0.63333 0.13134
0.22268 0.53293
0.33060 0.04151
0.31264 0.09397
0.61119 0.31530
0.01043 0.50942
0.18613 0.19178
0.61065 0.74059
0.35638 0.06715
0.31420 0.70414
0.04096 0.96194
0.57310 0.05748
0.50575 0.87938
0.56101 0.49336
0.84859 0.78296
0.30461 0.35550
0.75646 0.76970
0.13823 0.04241
0.52962 0.77775
0.44531 0.76257
0.76498 0.97462
0.96298 0.20119
0.25233 0.29353
0.09213 0.63191
0.13708 0.30057
0.08390 0.76527
0.54666 0.12633
0.15003 0.51207
0.83984 0.81277
0.48523 0.10805
0.86520 0.26904
0.98330 0.68957
0.88121 0.36984
0.64768 0.45773
0.38053 0.84349
0.99068 0.67169
0.94683 0.70884
0.28564 0.77595
0.55277 0.94841
0.56256 0.70225
0.29768 0.77783
0.95449 0.41317
0.00715 0.47495
0.95440 0.49350
0.21267 0.10947
0.49686 0.61872
0.07756 0.85710
0.58963 0.14020
0.45858 0.28474
0.40087 0.36826
0.01491 0.94535
0.20913 0.10607
0.92459 0.48508
0.02990 0.05524
0.65054 0.67731
0.18385 0.70376
0.31218 0.09520
0.62118 0.85633
0.62465 0.90775
0.70436 0.64200
0.90924 0.36223
0.76578 0.29763
0.01791 0.93477
0.51753 0.41133
0.42709 0.78582
0.62280 0.89312
0.24545 0.70710
0.10297 0.37999
0.92317 0.78362
0.27788 0.21921
0.49044 0.41448
0.64369 0.20526
0.01452 0.97924
0.49339 0.50548
0.57800 0.03857
0.02804 0.26552
0.99562 0.86482
0.01274 0.05355
0.43147 0.84220
0.42880 0.94148
0.69151 0.52634
0.62962 0.80790
0.57002 0.97444
0.91290 0.77077
0.84482 0.85283
0.77675 0.97835
0.29456 0.34244
0.12945 0.48039
0.71169 0.87274
0.98747 0.78649
0.65264 0.30247
0.31905 0.26200
0.29588 0.41609
0.15480 0.13292
0.11917 0.45811
0.21940 0.28544
0.07844 0.09066
0.50844 0.90908
0.68087 0.78446
0.67316 0.54070
0.49868 0.78333
0.57721 0.22681
0.70944 0.93282
0.95305 0.13151
0.04976 0.71303
0.01938 0.89822
0.46600 0.19515
0.49196 0.14601
0.29198 0.23577
0.24669 0.13380
0.98926 0.09462
0.17096 0.96176
0.08349 0.06924
0.75125 0.29855
0.85719 0.92301
0.25789 0.54066
0.27659 0.90313
0.27611 0.26381
0.86343 0.02292
0.48349 0.11944
0.09439 0.76967
0.80355 0.06404
0.46803 0.87478
0.40200 0.71847
0.32588 0.08960
0.36692 0.70271
0.22098 0.90120
0.64712 0.71770
0.17713 0.23748
0.78862 0.39918
0.59696 0.73917
0.81208 0.86927
0.95100 0.25909
0.05012 0.61420
0.74295 0.81619
0.68211 0.82166
0.94427 0.63322
0.70551 0.97057
0.85573 0.36541
0.04064 0.18892
0.83698 0.24345
0.01133 0.72914
0.51924 0.55538
0.53088 0.20792
0.54740 0.78251
0.01214 0.77243
0.05765 0.79090
0.39123 0.61835
0.45341 0.96466
0.65666 0.33015
0.92320 0.18953
0.08731 0.84449
0.60158 0.90020
0.54466 0.45514
0.29958 0.88666
0.22511 0.03869
0.76715 0.50211
0.18499 0.84218
0.83923 0.81024
0.75445 0.63599
0.00967 0.25756
0.68776 0.73330
0.83255 0.49044
0.98288 0.99187
0.94076 0.34443
0.39778 0.16416
0.99740 0.77925
0.41902 0.93957
0.63175 0.39454
0.54504 0.74404
0.00601 0.50744
0.91936 0.02229
0.47909 0.07812
0.01745 0.11893
0.95932 0.04168
0.70911 0.32264
0.13917 0.38486
0.77901 0.97834
0.67191 0.31939
0.08260 0.84922
0.67016 0.21530
0.94536 0.67919
0.46862 0.59712
0.24304 0.56470
0.42960 0.50706
0.91386 0.75479
0.27765 0.16149
0.35203 0.55031
0.71955 0.89669
0.91781 0.05947
0.08212 0.50112
0.18709 0.85057
0.18990 0.00097
0.88170 0.28426
0.05901 0.85541
0.44902 0.19924
0.47746 0.09535
0.92627 0.01847
0.72115 0.17783
0.69386 0.63766
0.35064 0.87365
0.06649 0.73840
0.11462 0.85100
0.29480 0.33959
0.20817 0.11691
0.61038 0.92296
0.30788 0.82341
0.97025 0.96105
0.12801 0.95101
0.98285 0.18590
0.68399 0.32272
0.30864 0.40597
0.72264 0.30175
0.24356 0.71633
0.56954 0.48502
0.68342 0.43399
0.77844 0.70759
0.64716 0.43538
0.77348 0.24682
0.71710 0.39654
0.97781 0.01660
0.42815 0.40802
0.39903 0.86233
0.39706 0.14321
0.77371 0.82781
0.85195 0.24639
0.02969 0.50806
0.83631 0.44333
0.49301 0.37658
0.89618 0.33073
0.38654 0.59734
0.45111 0.30404
0.08650 0.89367
0.15947 0.79388
0.85184 0.46191
0.58910 0.81606
0.99560 0.74320
0.36938 0.84129
0.92588 0.72204
0.57858 0.19094
0.14682 0.93054
0.27496 0.52158
