0.41957 0.17446
0.20207 0.50539
0.33429 0.49495
0.06224 0.55436
0.79618 0.41887
0.11967 0.54295
0.03529 0.71255
0.00106 0.91323
0.41231 0.71034
0.36594 0.16497
0.00460 0.75439
0.07660 0.77703
0.84430 0.09160
0.89825 0.78400
0.84228 0.33341
0.69823 0.39142
0.94726 0.15342
0.85863 0.04060
0.86792 0.50520
0.19523 0.69756
0.51907 0.08230
0.93534 0.26882
0.34972 0.82329
0.79212 0.19707
0.32606 0.82252
0.53116 0.57641
0.03970 0.71689
0.04092 0.19688
0.82256 0.82048
0.00680 0.33981
0.32916 0.39415
0.40142 0.53924
0.91742 0.60484
0.02450 0.86837
0.13525 0.31294
0.12027 0.21718
0.47488 0.09306
0.27736 0.15904
0.87358 0.80595
0.59277 0.41389
0.74908 0.44455
0.76051 0.15196
0.30160 0.61220
0.74951 0.91398
0.79259 0.78982
0.53117 0.09606
0.69882 0.92255
0.71147 0.07673
0.50242 0.31632
0.58944 0.62223
0.36246 0.24465
0.05843 0.72550
0.90193 0.36221
0.26820 0.86738
0.91712 0.16078
0.37163 0.27504
0.07314 0.17897
0.78581 0.86679
0.49592 0.60187
0.31818 0.57541
0.99438 0.70966
0.30151 0.40673
0.91957 0.36022
0.63837 0.41195
0.08302 0.17728
0.66639 0.24464
0.57951 0.87522
0.27353 0.08731
0.59287 0.29767
0.54580 0.00917
0.10066 0.34425
0.08374 0.60833
0.15969 0.50928
0.36422 0.24690
0.37489 0.78410
0.40413 0.71186
0.23667 0.04336
0.02196 0.09292
0.82039 0.48878
0.91798 0.72546
0.39221 0.25984
0.10860 0.42342
0.60864 0.08301
0.39551 0.89968
0.62808 0.73190
0.52666 0.64223
0.92125 0.56558
0.59158 0.14701
0.88672 0.22106
0.62742 0.05359
0.71444 0.65806
0.76920 0.05772
0.23909 0.10014
0.15525 0.26656
0.80652 0.36724
0.71127 0.63619
0.13210 0.23634
0.73988 0.26290
0.11226 0.00261
0.51191 0.47738
0.36486 0.99626
0.74279 0.06797
0.53133 0.94157
0.47367 0.52853
0.67850 0.38163
0.14518 0.44221
0.15659 0.47632
0.57493 0.98273
0.22718 0.20727
0.68648 0.94878
0.62488 0.31190
0.91644 0.20323
0.62647 0.96886
0.46379 0.41317
0.82038 0.30940
0.87773 0.24874
0.25652 0.47255
0.71711 0.98341
0.20092 0.34007
0.15510 0.99974
0.00673 0.75238
0.00836 0.25897
0.22329 0.14966
0.39645 0.80384
0.59591 0.20274
0.69412 0.43771
0.31361 0.45626
0.70805 0.63476
0.00142 0.78666
0.37395 0.53969
0.48562 0.68171
0.10195 0.38155
0.62560 0.86058
0.20110 0.07768
0.52713 0.77750
0.50072 0.49221
0.13849 0.36107
0.23593 0.24844
0.31952 0.75494
0.04026 0.53039
0.29161 0.36498
0.01303 0.60845
0.04953 0.08009
0.81747 0.68591
0.70903 0.91216
0.04100 0.05840
0.90886 0.91258
0.95541 0.87376
0.27589 0.58986
0.86171 0.17245
0.74588 0.04313
0.33503 0.45812
0.34619 0.34930
0.28398 0.92528
0.86572 0.08436
0.13607 0.77565
0.54675 0.59100
0.08147 0.34579
0.39066 0.91464
0.98237 0.24797
0.34500 0.16888
0.96721 0.71868
0.27006 0.12907
0.50611 0.61023
0.14299 0.09706
0.70819 0.35275
0.84583 0.38787
0.10624 0.25249
0.19233 0.47027
0.01323 0.85488
0.10801 0.33810
0.52435 0.83067
0.31804 0.95894
0.48281 0.32032
0.04589 0.47492
0.60816 0.13192
0.12370 0.26809
0.40227 0.40085
0.97210 0.65352
0.56294 0.41503
0.28422 0.84006
0.89243 0.87755
0.39094 0.82256
0.72350 0.87604
0.46259 0.42000
0.41897 0.13623
0.04197 0.68522
0.39120 0.60182
0.11025 0.87069
0.46822 0.55336
0.36216 0.07752
0.29603 0.07330
0.48074 0.95485
0.26922 0.16755
0.74520 0.65511
0.89705 0.14474
0.32548 0.72048
0.47802 0.12383
0.35904 0.79203
0.85204 0.49891
0.67918 0.34918
0.15796 0.34891
0.47746 0.96030
0.56612 0.31049
0.17096 0.76673
0.07981 0.67831
0.08988 0.03008
0.71951 0.85475
0.03938 0.89629
0.90003 0.64794
0.94077 0.30297
0.39348 0.73796
0.87970 0.84543
0.44664 0.00591
0.20914 0.08180
0.05359 0.15143
0.41527 0.26313
0.39400 0.72156
0.86908 0.53633
0.85004 0.14558
0.68870 0.29321
0.32168 0.87784
0.14270 0.63039
0.64532 0.85731
0.89322 0.54978
0.95063 0.22196
0.75906 0.35825
0.89374 0.60761
0.29685 0.38484
0.16199 0.87742
0.22798 0.83930
0.47678 0.42985
0.31223 0.94273
0.49754 0.89125
0.22221 0.91479
0.64692 0.76543
0.21394 0.85254
0.48699 0.25926
0.22488 0.62241
0.03762 0.44873
0.36043 0.45397
0.48450 0.37300
0.13533 0.18213
0.56938 0.54755
0.95439 0.03295
0.50900 0.99604
0.92759 0.39545
0.85843 0.57981
0.89518 0.39267
0.19130 0.91863
0.47136 0.48891
0.75220 0.10244
0.04344 0.89122
0.43739 0.25885
0.25167 0.36831
0.73406 0.14036
