0.04942 0.89852
0.40317 0.77611
0.66194 0.03279
0.40351 0.64746
0.22411 0.05409
0.45576 0.15361
0.07132 0.54353
0.94434 0.39491
0.46298 0.30814
0.24869 0.18525
0.28573 0.26261
0.88241 0.21584
0.94617 0.91402
0.53242 0.26045
0.08600 0.67220
0.56277 0.65990
0.96160 0.11553
0.31215 0.74386
0.38697 0.66491
0.20445 0.53692
0.86639 0.80566
0.91765 0.49888
0.35672 0.97334
0.59797 0.60605
0.96610 0.30135
0.17840 0.99737
0.98495 0.07963
0.30964 0.38108
0.22860 0.33972
0.65154 0.44487
0.18081 0.94715
0.65442 0.29605
0.57665 0.06213
0.01390 0.12327
0.08311 0.99448
0.62727 0.27085
0.89919 0.33190
0.69471 0.55176
0.12577 0.04556
0.53036 0.15246
0.37194 0.26510
0.66097 0.03597
0.00328 0.55398
0.02029 0.69215
0.96675 0.70970
0.87269 0.89853
0.14242 0.54489
0.23874 0.95436
0.50466 0.51726
0.54690 0.53127
0.34950 0.42812
0.21471 0.62655
0.36855 0.24150
0.78130 0.94411
0.49450 0.93637
0.71961 0.93632
0.43390 0.12464
0.20718 0.88763
0.72060 0.58227
0.04932 0.19556
0.79804 0.58146
0.15810 0.94219
0.11012 0.44553
0.39071 0.60999
0.41331 0.90830
0.25147 0.06471
0.88158 0.34019
0.73713 0.56226
0.35062 0.94845
0.80016 0.61409
0.74441 0.97463
0.27273 0.68683
0.57010 0.31603
0.16169 0.86977
0.57392 0.81876
0.62334 0.21958
0.87814 0.48219
0.91697 0.35095
0.71143 0.56846
0.38219 0.00566
0.41247 0.55899
0.91473 0.81954
0.01709 0.79154
0.63347 0.35829
0.06421 0.52859
0.37559 0.53572
0.01566 0.90343
0.64073 0.00903
0.65806 0.48558
0.28977 0.65292
0.32446 0.03608
0.88749 0.43759
0.42548 0.37758
0.57185 0.37832
0.97752 0.91035
0.98039 0.37178
0.56962 0.76379
0.75724 0.08925
0.37580 0.08236
0.98264 0.48609
0.50571 0.13896
0.74045 0.15702
0.34838 0.94881
0.42739 0.08738
0.70729 0.60802
0.06499 0.10455
0.98110 0.95414
0.69508 0.70843
0.79928 0.91229
0.26445 0.26077
0.43436 0.92077
0.21505 0.26099
0.54292 0.71485
0.10106 0.56698
0.87497 0.76426
0.54064 0.62879
0.69827 0.98802
0.06691 0.93312
0.87638 0.03847
0.60959 0.72153
0.93827 0.82841
0.26009 0.15493
0.66402 0.70100
0.13898 0.93811
0.98216 0.97188
0.11547 0.37926
0.47589 0.61404
0.35810 0.08287
0.51847 0.26819
0.08485 0.74073
0.59773 0.96783
0.35920 0.67091
0.75308 0.17108
0.70227 0.15664
0.13882 0.32024
0.04331 0.75125
0.85073 0.21297
0.91389 0.52129
0.52200 0.27238
0.11838 0.19604
0.05171 0.19301
0.48414 0.18668
0.92091 0.06040
0.29919 0.58596
0.98723 0.26184
0.92250 0.10166
0.81006 0.10311
0.34124 0.78933
0.39354 0.86463
0.82967 0.51340
0.10199 0.43911
0.82550 0.09947
0.63484 0.87700
0.80666 0.11983
0.72136 0.72962
0.76060 0.23957
0.03211 0.98796
0.05836 0.47649
0.97087 0.70818
0.29357 0.43345
0.27529 0.37469
0.71772 0.97976
0.15097 0.60374
0.06794 0.12221
0.28877 0.32621
0.64377 0.73769
0.36313 0.60081
0.40103 0.93038
0.83116 0.44809
0.31900 0.13809
0.63087 0.49759
0.42913 0.00439
0.68587 0.30879
0.23476 0.33148
0.40640 0.48732
0.28365 0.75840
0.11212 0.74167
0.63328 0.94758
0.26328 0.16898
0.83833 0.53513
0.74513 0.28165
0.17013 0.43941
0.15175 0.63169
0.38781 0.61886
0.17856 0.77584
0.54350 0.05023
0.51686 0.76993
0.52014 0.68555
0.26675 0.62604
0.44955 0.07106
0.28721 0.66680
0.16533 0.15436
0.26059 0.71551
0.38256 0.90635
0.63754 0.18307
0.30962 0.14228
0.38402 0.21262
0.52814 0.24863
0.08485 0.24789
0.39437 0.82067
0.94311 0.26834
0.99787 0.79091
0.75479 0.73365
0.24987 0.67378
0.71948 0.44282
0.48648 0.71035
0.31139 0.02826
0.34486 0.02093
0.74154 0.69335
0.34707 0.65832
0.22033 0.77705
0.41115 0.24732
0.88950 0.85315
0.05200 0.35395
0.05261 0.95698
0.06494 0.94920
0.04399 0.08420
0.19192 0.19875
0.74843 0.57752
0.99764 0.09872
0.84136 0.28377
0.16269 0.44838
0.46076 0.30161
0.55960 0.76479
0.28434 0.60384
0.92836 0.90465
0.67406 0.74816
0.54639 0.67845
0.80859 0.34431
0.39834 0.08914
0.81330 0.36027
0.67752 0.31502
0.08708 0.26445
0.55479 0.87183
0.13425 0.19771
0.21964 0.99316
0.14553 0.18192
0.32555 0.40579
0.11089 0.62461
0.05226 0.49881
0.90565 0.69538
0.89141 0.16908
0.93136 0.69743
0.97528 0.13045
0.79232 0.12312
0.40037 0.47113
0.96941 0.41857
0.20754 0.18042
0.32275 0.35020
0.75982 0.41700
0.32819 0.00028
0.20882 0.70842
0.35227 0.15670
0.79166 0.52402
0.01019 0.99630
0.91301 0.97393
