0.95474 0.49886
0.07149 0.73192
0.21426 0.07498
0.40877 0.62133
0.34940 0.75031
0.93906 0.80258
0.68385 0.24761
0.62419 0.48796
0.00265 0.44866
0.46619 0.01239
0.07093 0.14097
0.11005 0.14726
0.43679 0.78203
0.28718 0.16720
0.74846 0.99108
0.77222 0.15164
0.33430 0.16053
0.50383 0.43781
0.74612 0.91421
0.37389 0.46427
0.80735 0.69587
0.32156 0.41968
0.22899 0.59761
0.17157 0.34249
0.06423 0.09439
0.14768 0.92475
0.29769 0.88187
0.78448 0.44291
0.22571 0.35633
0.63375 0.72915
0.27650 0.18090
0.20408 0.38610
0.48808 0.10030
0.21220 0.13101
0.99195 0.30477
0.06525 0.80640
0.88775 0.14998
0.08581 0.87222
0.05001 0.07989
0.88941 0.80125
0.90025 0.29444
0.81049 0.99954
0.87493 0.53727
0.96154 0.04752
0.79754 0.87916
0.37543 0.46599
0.54614 0.19586
0.28322 0.90347
0.29639 0.55069
0.53074 0.76241
0.85433 0.75141
0.92388 0.89762
0.99792 0.19889
0.21430 0.76936
0.10519 0.45025
0.89207 0.08800
0.95784 0.93266
0.01694 0.71949
0.55743 0.18606
0.08927 0.93214
0.96674 0.20412
0.43585 0.72549
0.61803 0.24127
0.86447 0.97375
0.78508 0.78110
0.41847 0.78851
0.08027 0.76642
0.60035 0.67032
0.29607 0.54459
0.26451 0.40116
0.79105 0.72442
0.39251 0.71849
0.54267 0.37654
0.10008 0.29133
0.07926 0.35907
0.06217 0.60900
0.44358 0.99566
0.61639 0.77594
0.16376 0.63909
0.88035 0.66755
0.47277 0.19554
0.64229 0.38390
0.24970 0.18553
0.98062 0.11452
0.19508 0.42566
0.02350 0.02631
0.68822 0.22161
0.14358 0.25785
0.12205 0.08131
0.08686 0.74986
0.16108 0.13691
0.57554 0.41014
0.99461 0.97639
0.77435 0.93032
0.08575 0.92681
0.64473 0.48464
0.01445 0.29664
0.58772 0.46897
0.79659 0.30680
0.12204 0.52367
0.20278 0.81709
0.63410 0.98570
0.57067 0.46655
0.76382 0.51025
0.32806 0.77289
0.69504 0.24187
0.32841 0.51770
0.24909 0.33430
0.18367 0.74057
0.83148 0.56668
0.66135 0.39968
0.75549 0.86822
0.58612 0.10490
0.33293 0.74351
0.67060 0.32836
0.99674 0.79563
0.13887 0.44555
0.46481 0.99331
0.91862 0.81749
0.50282 0.48476
0.96977 0.23361
0.98075 0.31544
0.35570 0.03668
0.12791 0.22222
0.26636 0.80471
0.29695 0.92074
0.02124 0.29299
0.85575 0.82878
0.98325 0.88209
0.10132 0.85653
0.04175 0.55077
0.27330 0.09916
0.81006 0.56733
0.01557 0.02065
0.97423 0.55543
0.29262 0.61283
0.31714 0.25940
0.68401 0.76447
0.58864 0.17023
0.51033 0.90717
0.53757 0.49452
0.63933 0.09140
0.17085 0.10170
0.19511 0.43673
0.44270 0.17074
0.80389 0.10098
0.69379 0.02059
0.19765 0.50130
0.62483 0.07331
0.87599 0.77355
0.75555 0.73124
0.55946 0.17307
0.44993 0.75038
0.37462 0.16194
0.93281 0.68544
0.75497 0.56253
0.26612 0.66979
0.12895 0.95652
0.40671 0.00317
0.96154 0.28422
0.46022 0.79718
0.88973 0.89157
0.61889 0.20790
0.21020 0.15345
0.64838 0.96985
0.79312 0.62334
0.11779 0.29995
0.86676 0.28412
0.18536 0.11603
0.92942 0.26028
0.09930 0.59637
0.81879 0.73788
0.88404 0.49031
0.86842 0.09092
0.24828 0.71497
0.65719 0.83733
0.46857 0.77590
0.79576 0.68781
0.07915 0.55614
0.35355 0.77441
0.59273 0.11279
0.62374 0.79736
0.98813 0.77182
0.86088 0.58121
0.11098 0.46695
0.14728 0.98213
0.29313 0.69334
0.95924 0.19511
0.00172 0.72301
0.33352 0.13132
0.33692 0.98846
0.86949 0.44281
0.92446 0.84406
0.73515 0.83697
0.92552 0.11159
0.61507 0.63543
0.31410 0.43926
0.01503 0.99324
0.85525 0.89042
0.46055 0.61099
0.17778 0.35744
0.13141 0.40836
0.28907 0.34095
0.07821 0.00083
0.32817 0.14812
0.37431 0.45537
0.70240 0.54503
0.83562 0.46468
0.86073 0.67550
0.74098 0.96867
0.42489 0.37871
0.12240 0.97501
0.03799 0.93070
0.08219 0.57055
0.42974 0.76247
0.61902 0.35435
0.33559 0.48521
0.08350 0.32020
0.66863 0.43533
0.99867 0.77976
0.78335 0.67464
0.37767 0.55844
0.75358 0.82307
0.58948 0.06000
0.46793 0.17642
0.44710 0.18860
0.56148 0.69570
0.66852 0.27771
0.56510 0.46931
0.84504 0.69712
0.60126 0.00948
0.69769 0.55623
0.00216 0.35549
0.22710 0.02589
0.42329 0.14316
0.70347 0.18586
0.13228 0.85855
0.91425 0.79984
0.39431 0.18136
0.07386 0.27706
0.47973 0.47510
0.83756 0.09622
0.39535 0.35536
0.02566 0.09592
0.86762 0.01135
0.82475 0.08681
0.10880 0.80489
0.46928 0.75533
0.01576 0.22206
0.22451 0.91503
0.14484 0.20892
0.87128 0.10342
0.43788 0.02391
0.16080 0.84938
0.04831 0.46000
0.63576 0.15502
