0.28104 0.99063
0.76296 0.20522
0.63422 0.02985
0.90840 0.10946
0.63872 0.39207
0.31452 0.00237
0.87470 0.02957
0.55484 0.84995
0.15627 0.37196
0.65052 0.69042
0.03532 0.17250
0.38695 0.60215
0.05166 0.25572
0.40869 0.42576
0.44787 0.08164
0.21860 0.48587
0.25678 0.53053
0.89558 0.88933
0.60532 0.63847
0.74064 0.09520
0.33082 0.62612
0.64191 0.67565
0.42197 0.78273
0.31434 0.28836
0.44591 0.90997
0.98017 0.84091
0.41206 0.16791
0.96228 0.50846
0.76130 0.56872
0.98426 0.59045
0.45846 0.97531
0.14484 0.86555
0.24433 0.86810
0.67565 0.50105
0.54068 0.84389
0.16715 0.78459
0.23899 0.06726
0.77893 0.95705
0.36029 0.17907
0.58689 0.80676
0.41802 0.52914
0.84520 0.73009
0.32657 0.07992
0.21040 0.47620
0.42813 0.05711
0.42220 0.04938
0.53493 0.86108
0.25755 0.94128
0.49287 0.98160
0.76096 0.42505
0.61305 0.55988
0.70149 0.65753
0.09537 0.64215
0.96992 0.30108
0.91746 0.23049
0.16299 0.21425
0.05581 0.79444
0.34724 0.36976
0.00762 0.57139
0.10932 0.91410
0.41123 0.49182
0.97752 0.90498
0.51774 0.72118
0.65316 0.01990
0.81992 0.56614
0.63475 0.30431
0.06520 0.80018
0.64134 0.52579
0.55432 0.39073
0.84601 0.19437
0.15632 0.88564
0.51860 0.48336
0.33878 0.33768
0.50996 0.40630
0.95827 0.76684
0.78329 0.32646
0.22154 0.39402
0.34908 0.11660
0.88510 0.10747
0.61559 0.26666
0.96002 0.70176
0.46781 0.85174
0.76632 0.90001
0.19737 0.29476
0.74110 0.79080
0.44828 0.93594
0.49921 0.28279
0.95276 0.88460
0.76009 0.31084
0.56104 0.39422
0.13360 0.15331
0.04572 0.71249
0.08914 0.01505
0.87079 0.33460
0.18581 0.91677
0.66498 0.78420
0.80038 0.96382
0.87300 0.59112
0.29067 0.43868
0.29069 0.35308
0.84004 0.55535
0.16797 0.99713
0.43193 0.07177
0.68031 0.95099
0.06617 0.62624
0.94584 0.46843
0.72057 0.78686
0.18512 0.98520
0.89249 0.81258
0.33426 0.76582
0.13670 0.63051
0.92211 0.08741
0.92023 0.54722
0.81238 0.34235
0.17222 0.63820
0.27358 0.84643
0.54547 0.67494
0.35906 0.54093
0.83153 0.90187
0.76571 0.74703
0.40320 0.67465
0.79733 0.58329
0.52093 0.09745
0.46059 0.51863
0.71290 0.53035
0.98503 0.46584
0.41920 0.73401
0.42865 0.64532
0.15575 0.04718
0.18373 0.94635
0.97225 0.89440
0.87660 0.45997
0.66273 0.12334
0.56242 0.74446
0.68116 0.78977
0.64103 0.19372
0.61931 0.89042
0.73310 0.22783
0.40435 0.08381
0.45876 0.41959
0.22128 0.84181
0.31212 0.01440
0.43680 0.41965
0.96922 0.24015
0.55428 0.75428
0.40973 0.58241
0.72034 0.32103
0.78023 0.28630
0.29406 0.20836
0.31353 0.60794
0.58406 0.64107
0.90031 0.20456
0.02797 0.00112
0.18278 0.98741
0.35948 0.19957
0.98828 0.79889
0.95949 0.17312
0.07565 0.43479
0.09377 0.00265
0.47702 0.86399
0.09208 0.12723
0.91903 0.14308
0.76031 0.38777
0.13218 0.10039
0.12063 0.35727
0.32584 0.71910
0.88523 0.90597
0.82689 0.46464
0.47772 0.69083
0.30666 0.13616
0.29560 0.77158
0.82335 0.95614
0.86603 0.94684
0.64553 0.41483
0.99661 0.68467
0.64711 0.23775
0.78048 0.52799
0.85896 0.97175
0.25584 0.22977
0.02222 0.62683
0.53964 0.37333
0.52733 0.46668
0.68073 0.63254
0.84817 0.50723
0.14359 0.43802
0.26844 0.23164
0.74801 0.96442
0.23315 0.05679
0.30482 0.01658
0.97905 0.05871
0.50945 0.54477
0.72427 0.18072
0.08981 0.57840
0.44110 0.01559
0.38076 0.78326
0.28613 0.76890
0.99557 0.98439
0.68503 0.62476
0.74267 0.41385
0.91380 0.01128
0.58279 0.03284
0.16956 0.54370
0.58883 0.04288
0.22705 0.79052
0.37705 0.52206
0.22794 0.55189
0.04402 0.91982
0.70994 0.38059
0.98782 0.15111
0.54174 0.36766
0.96798 0.47432
0.33245 0.42170
0.87560 0.55274
0.08602 0.74948
0.19524 0.44867
0.80997 0.37204
0.48327 0.53032
0.63112 0.76127
0.68583 0.47220
0.28344 0.36378
0.31601 0.63133
0.67221 0.84085
0.93909 0.17462
0.81060 0.31082
0.42960 0.47488
0.07701 0.12668
0.63947 0.35354
0.72538 0.67064
0.60230 0.85031
0.31318 0.04911
0.09823 0.07775
0.02670 0.07145
0.44128 0.95729
0.04995 0.46120
0.83548 0.45778
0.91611 0.07435
0.05203 0.51975
0.19805 0.77088
0.20026 0.41361
0.12738 0.96405
0.39179 0.66441
0.58855 0.41549
0.70198 0.84579
0.05102 0.56063
0.60937 0.18141
0.64108 0.31915
0.87751 0.15959
0.57408 0.36167
0.84742 0.39520
0.95008 0.71602
0.71772 0.94090
0.26466 0.92153
0.84805 0.08597
0.64299 0.66648
0.03152 0.25179
0.40214 0.22154
