0.41304 0.61801
0.06341 0.17621
0.59911 0.78811
0.18389 0.52146
0.28739 0.69157
0.37654 0.88959
0.67142 0.13655
0.73900 0.44716
0.02188 0.23547
0.16087 0.40936
0.65869 0.57534
0.43389 0.27249
0.66342 0.70759
0.94092 0.97759
0.39923 0.36774
0.94436 0.01907
0.83986 0.93487
0.89038 0.64036
0.09414 0.78458
0.21643 0.73139
0.34653 0.44277
0.29768 0.50206
0.40243 0.34969
0.03303 0.06493
0.68681 0.04759
0.82998 0.86114
0.30463 0.88090
0.67179 0.50671
0.17823 0.92560
0.57946 0.51466
0.19563 0.46800
0.90821 0.60059
0.77040 0.02567
0.79226 0.83542
0.30912 0.51431
0.71157 0.29125
0.61191 0.47707
0.46948 0.48697
0.40229 0.32182
0.46713 0.54278
0.76504 0.80497
0.35773 0.35132
0.65468 0.77532
0.33218 0.46135
0.41536 0.30237
0.14344 0.87469
0.70667 0.87372
0.14689 0.41692
0.41187 0.31348
0.34311 0.21319
0.80961 0.48016
0.65317 0.81199
0.60722 0.99798
0.78124 0.71218
0.00694 0.04093
0.29145 0.30484
0.56334 0.56718
0.39099 0.35551
0.37369 0.66089
0.61379 0.57665
0.70787 0.98230
0.01544 0.92745
0.73390 0.07610
0.26233 0.28492
0.81335 0.70749
0.09355 0.06224
0.58953 0.11621
0.64508 0.62219
0.82414 0.92055
0.29052 0.76907
0.38017 0.93303
0.16105 0.99903
0.70845 0.76724
0.69242 0.94665
0.35987 0.05439
0.85382 0.42892
0.50743 0.28231
0.99680 0.08565
0.78639 0.53968
0.96945 0.33738
0.86092 0.26722
0.74778 0.60791
0.36455 0.72713
0.28531 0.51486
0.16476 0.42184
0.92963 0.34831
0.52781 0.05108
0.60947 0.65489
0.25104 0.77442
0.98782 0.46287
0.63753 0.42196
0.09195 0.73768
0.05200 0.00605
0.69724 0.69824
0.00360 0.06929
0.95592 0.70697
0.39811 0.35584
0.99768 0.34117
0.74130 0.02074
0.42037 0.18107
0.00546 0.17402
0.11430 0.35464
0.97353 0.76121
0.82162 0.99859
0.51296 0.43645
0.89795 0.88322
0.08627 0.23846
0.26560 0.50766
0.42819 0.53891
0.05761 0.97304
0.31080 0.22352
0.56544 0.01747
0.44350 0.69840
0.00213 0.23115
0.90330 0.51111
0.19538 0.52494
0.44221 0.16369
0.35541 0.45205
0.34127 0.42158
0.82151 0.78663
0.02303 0.98994
0.57012 0.33942
0.18848 0.01900
0.78365 0.29119
0.42279 0.61346
0.90401 0.74118
0.55303 0.49068
0.65335 0.14751
0.20811 0.96237
0.03951 0.29909
0.56798 0.46192
0.97969 0.22991
0.82797 0.12021
0.64594 0.24266
0.33166 0.52274
0.14598 0.59395
0.15134 0.03745
0.41314 0.82888
0.45666 0.59634
0.49324 0.76375
0.47601 0.88251
0.47621 0.85701
0.98293 0.62301
0.21417 0.45009
0.14238 0.95316
0.27564 0.47280
0.41126 0.44980
0.13358 0.36560
0.29263 0.08437
0.70718 0.04236
0.92394 0.59052
0.72315 0.77988
0.12368 0.38666
0.01039 0.63154
0.66503 0.98577
0.21811 0.64893
0.47750 0.33466
0.89322 0.43300
0.53527 0.70278
0.29188 0.51793
0.61392 0.70751
0.16635 0.04709
0.37850 0.24328
0.41417 0.72549
0.92510 0.89798
0.35149 0.16535
0.68603 0.66696
0.27954 0.85459
0.32393 0.59199
0.99107 0.13492
0.73662 0.66449
0.58805 0.66331
0.58341 0.05464
0.03886 0.72228
0.43423 0.92684
0.54957 0.59874
0.83359 0.63868
0.26489 0.26216
0.32422 0.53354
0.85392 0.22990
0.59501 0.65205
0.19630 0.01354
0.97210 0.30919
0.45877 0.91768
0.38006 0.96671
0.85135 0.73326
0.39518 0.87053
0.36144 0.04496
0.80447 0.56126
0.95678 0.18069
0.87933 0.29652
0.80251 0.64745
0.67144 0.64315
0.59298 0.00619
0.23602 0.02467
0.60666 0.91538
0.83530 0.86867
0.36371 0.39715
0.23092 0.99821
0.54840 0.87210
0.33455 0.15136
0.89239 0.76204
0.65005 0.58761
0.23754 0.38283
0.45442 0.01590
0.87758 0.90565
0.18090 0.51770
0.41580 0.27032
0.89255 0.07397
0.27726 0.39751
0.24737 0.60275
0.45043 0.53797
0.98246 0.56831
0.07592 0.77617
0.69014 0.20566
0.87758 0.10212
0.75209 0.47211
0.83002 0.92748
0.16760 0.91858
0.09687 0.78381
0.77003 0.18526
0.77499 0.72149
0.55893 0.36580
0.37113 0.20049
0.26093 0.05045
0.92515 0.76277
0.70678 0.82316
0.34558 0.75708
0.52432 0.49804
0.13980 0.97144
0.51863 0.68644
0.91119 0.20102
0.36372 0.06172
0.13993 0.39599
0.35392 0.78004
0.73865 0.77144
0.04678 0.14620
0.34645 0.48158
0.72273 0.17102
0.03535 0.21360
0.38301 0.55885
0.73376 0.69826
0.60061 0.19326
0.02809 0.70424
0.78837 0.43230
0.32797 0.35969
0.68974 0.45789
0.68347 0.56455
0.17689 0.93175
0.77476 0.29104
0.01104 0.50003
0.39688 0.56782
0.17546 0.80172
0.13411 0.19855
0.88373 0.80896
0.65270 0.21064
