0.16047 0.65887
0.75115 0.93213
0.12027 0.21466
0.79389 0.94696
0.89196 0.62219
0.28976 0.06901
0.14942 0.83898
0.99463 0.44066
0.36841 0.05786
0.13015 0.63987
0.50407 0.48242
0.42397 0.73617
0.34591 0.09802
0.01938 0.35025
0.97972 0.69938
0.27397 0.35955
0.67317 0.78301
0.74394 0.80331
0.02054 0.38105
0.42667 0.48684
0.66941 0.25423
0.79371 0.00255
0.35321 0.94080
0.04350 0.03677
0.33890 0.83641
0.22742 0.31114
0.38935 0.88674
0.46743 0.55967
0.14661 0.29874
0.41457 0.72324
0.88917 0.33271
0.94493 0.33529
0.89029 0.00756
0.70416 0.87470
0.97289 0.23496
0.61982 0.06079
0.65955 0.25239
0.18852 0.12638
0.85327 0.55197
0.91385 0.10163
0.97610 0.63511
0.17399 0.18676
0.95353 0.32595
0.38141 0.54947
0.23704 0.97078
0.07026 0.58842
0.67803 0.31474
0.00971 0.88381
0.74801 0.15400
0.23934 0.19347
0.37527 0.30579
0.46372 0.28571
0.93126 0.53748
0.25853 0.28908
0.70563 0.74703
0.61842 0.39053
0.08639 0.09661
0.96167 0.48498
0.44834 0.26395
0.65550 0.36873
0.71091 0.86482
0.34451 0.63092
0.22322 0.45630
0.85356 0.80390
0.64678 0.18897
0.48325 0.41799
0.84946 0.69411
0.42762 0.35791
0.33028 0.71922
0.05915 0.63514
0.60740 0.19773
0.87077 0.75296
0.93318 0.07310
0.67613 0.80677
0.52813 0.98422
0.73407 0.79370
0.56438 0.15157
0.52121 0.36208
0.77280 0.03460
0.36671 0.71732
0.59522 0.99788
0.49639 0.13013
0.48027 0.01648
0.17166 0.56110
0.42728 0.64005
0.96275 0.53739
0.71550 0.14341
0.81839 0.00004
0.26424 0.11260
0.39699 0.74867
0.25379 0.99992
0.48409 0.89193
0.48627 0.84351
0.95618 0.24067
0.03300 0.76524
0.61701 0.31600
0.71174 0.16206
0.88098 0.87118
0.16829 0.54626
0.18242 0.91711
0.30169 0.89274
0.69609 0.94091
0.94058 0.29334
0.63436 0.10102
0.83284 0.05705
0.52414 0.47783
0.97504 0.08899
0.14575 0.27618
0.77994 0.54612
0.75581 0.72910
0.67053 0.44554
0.27780 0.58119
0.76151 0.72895
0.80859 0.55998
0.08698 0.99881
0.53658 0.89960
0.47748 0.08812
0.27230 0.45142
0.30431 0.55717
0.16607 0.85701
0.06442 0.30020
0.71853 0.09577
0.63213 0.75299
0.70579 0.28847
0.19277 0.73413
0.57647 0.34492
0.29305 0.37202
0.23677 0.73862
0.52823 0.82000
0.88830 0.17067
0.49406 0.09766
0.07709 0.15812
0.65982 0.39826
0.49394 0.37844
0.98385 0.31185
0.33585 0.03284
0.00110 0.74762
0.37562 0.32609
0.22689 0.78282
0.94336 0.32143
0.60980 0.68328
0.69718 0.50686
0.13038 0.90895
0.96202 0.20341
0.25274 0.11334
0.50133 0.40672
0.12555 0.15975
0.97261 0.62602
0.69679 0.45507
0.12408 0.98617
0.05478 0.44887
0.89815 0.17916
0.74465 0.53644
0.36999 0.52129
0.01737 0.20599
0.10523 0.47158
0.05426 0.22548
0.60406 0.67053
0.90530 0.84674
0.69066 0.40861
0.49770 0.81188
0.54935 0.34066
0.47302 0.96672
0.63297 0.17995
0.92346 0.79422
0.86439 0.22278
0.60193 0.17616
0.16714 0.95407
0.18611 0.61236
0.92835 0.78199
0.17585 0.89282
0.70720 0.76622
0.92392 0.34145
0.71416 0.31576
0.57723 0.75920
0.25572 0.19427
0.09982 0.08716
0.15285 0.16481
0.20960 0.37742
0.88939 0.74765
0.54280 0.49988
0.24799 0.12293
0.57849 0.27857
0.41787 0.22441
0.22049 0.48108
0.55152 0.50596
0.77862 0.34705
0.58113 0.18262
0.71903 0.90606
0.82308 0.14169
0.06608 0.53700
0.82360 0.34169
0.69378 0.72216
0.26806 0.65195
0.61336 0.08287
0.80255 0.70472
0.07225 0.78583
0.08778 0.94275
0.74272 0.48853
0.12283 0.53794
0.55529 0.11863
0.69919 0.85752
0.76951 0.92429
0.26539 0.12417
0.33855 0.08942
0.92627 0.09396
0.23381 0.91989
0.82369 0.26782
0.36402 0.59404
0.57229 0.67529
0.83431 0.72227
0.13099 0.26632
0.37185 0.70690
0.31197 0.67550
0.09702 0.99323
0.82400 0.59996
0.77868 0.21981
0.90678 0.76634
0.26239 0.83438
0.84987 0.10129
0.04606 0.16269
0.74152 0.29413
0.05813 0.95353
0.51936 0.56133
0.03723 0.78747
0.13132 0.34267
0.36888 0.08920
0.56294 0.94046
0.00509 0.40299
0.97042 0.22791
0.68848 0.39702
0.08970 0.20083
0.47028 0.36421
0.52631 0.83501
0.54999 0.35683
0.67495 0.36218
0.45215 0.15037
0.90483 0.72558
0.67623 0.44431
0.65348 0.68873
0.54712 0.69021
0.87878 0.53284
0.34353 0.69748
0.39755 0.19540
0.18068 0.68433
0.32392 0.51326
0.57268 0.03567
0.72374 0.18705
0.09824 0.54040
0.39862 0.02627
0.36181 0.75964
0.23342 0.52984
0.24857 0.21075
0.34779 0.60202
0.00379 0.25161
0.39683 0.15430
