0.46801 0.85202
0.07704 0.25606
0.11770 0.97775
0.97730 0.18838
0.89685 0.16882
0.36237 0.03548
0.16219 0.91489
0.35542 0.98291
0.93356 0.37829
0.20955 0.34028
0.43195 0.72172
0.55527 0.67898
0.46506 0.59353
0.68053 0.88168
0.51841 0.53348
0.61063 0.18079
0.69258 0.80211
0.92136 0.40271
0.22375 0.33499
0.13950 0.75868
0.97771 0.21916
0.22989 0.63556
0.73198 0.08194
0.28041 0.72692
0.46487 0.87133
0.85407 0.92164
0.78367 0.90178
0.39177 0.53732
0.08602 0.71013
0.77788 0.69184
0.88079 0.34762
0.95472 0.87330
0.91384 0.57713
0.71793 0.46900
0.12768 0.35537
0.87082 0.11351
0.71670 0.32177
0.44176 0.92918
0.22365 0.44508
0.55737 0.37343
0.15771 0.16576
0.18127 0.91664
0.05903 0.53482
0.60614 0.65405
0.52013 0.25127
0.32588 0.02505
0.07134 0.97338
0.21933 0.46206
0.06745 0.00903
0.02396 0.22097
0.76903 0.62934
0.39565 0.02916
0.64142 0.88499
0.12662 0.38418
0.20684 0.25377
0.04528 0.43175
0.99799 0.28808
0.24228 0.40515
0.94611 0.97600
0.13147 0.00548
0.01817 0.22310
0.25548 0.72358
0.51248 0.66507
0.56395 0.62816
0.60569 0.90231
0.66531 0.86145
0.14818 0.95620
0.33402 0.70850
0.13767 0.18370
0.83719 0.37357
0.86742 0.40875
0.66511 0.28653
0.46151 0.42099
0.74710 0.54764
0.32197 0.37989
0.39592 0.46066
0.86477 0.88949
0.65845 0.27825
0.71955 0.11979
0.40320 0.78551
0.61441 0.91643
0.14216 0.75623
0.03549 0.23527
0.23154 0.54471
0.77874 0.03062
0.27327 0.66730
0.10859 0.69922
0.14657 0.15219
0.79177 0.54631
0.80785 0.72677
0.08686 0.40993
0.08821 0.54322
0.52839 0.90024
0.38020 0.24506
0.37678 0.09591
0.99426 0.92407
0.67559 0.01022
0.58727 0.87608
0.95798 0.11604
0.51738 0.89148
0.23814 0.85746
0.33212 0.04214
0.04470 0.22943
0.79539 0.87642
0.86557 0.49062
0.35644 0.29780
0.82799 0.30000
0.19366 0.73976
0.27555 0.06736
0.63467 0.47311
0.94803 0.67886
0.79379 0.59945
0.29874 0.88187
0.43967 0.06404
0.76248 0.08076
0.36958 0.84147
0.21552 0.36311
0.83175 0.09394
0.59178 0.15680
0.71863 0.79561
0.16429 0.86808
0.17473 0.07125
0.89488 0.36612
0.55599 0.84926
0.10751 0.68105
0.45575 0.93046
0.27804 0.18055
0.91564 0.54386
0.45186 0.45248
0.04107 0.36554
0.89436 0.81390
0.28140 0.63817
0.58194 0.27536
0.07511 0.70304
0.00556 0.88461
0.09607 0.25303
0.03600 0.30890
0.62784 0.02126
0.44972 0.72611
0.62660 0.95373
0.28247 0.98956
0.76399 0.18222
0.46618 0.21276
0.08686 0.82897
0.08120 0.40574
0.37302 0.27053
0.88657 0.83439
0.31244 0.49152
0.73543 0.51357
0.51062 0.29348
0.66448 0.55455
0.12166 0.97093
0.27811 0.72990
0.01808 0.30410
0.20550 0.42911
0.29668 0.21330
0.68906 0.65066
0.05924 0.11496
0.61822 0.83520
0.09508 0.02909
0.21669 0.19156
0.25275 0.39921
0.93633 0.06339
0.98243 0.24396
0.98090 0.34748
0.66434 0.30645
0.52319 0.18001
0.96468 0.23418
0.24104 0.85066
0.58871 0.82443
0.73360 0.30069
0.68462 0.75173
0.01930 0.90318
0.67251 0.36308
0.57399 0.55830
0.18625 0.80018
0.96904 0.33690
0.96206 0.68607
0.99096 0.16159
0.89036 0.80455
0.22161 0.62726
0.81326 0.44281
0.92616 0.95594
0.17310 0.52009
0.55210 0.70679
0.88175 0.35768
0.30078 0.70521
0.43833 0.49866
0.35581 0.10529
0.32853 0.39418
0.41027 0.18123
0.84442 0.61220
0.52295 0.15075
0.48422 0.47452
0.71433 0.43472
0.64444 0.76296
0.78789 0.95808
0.55843 0.33361
0.78743 0.43468
0.62994 0.45346
0.74666 0.10632
0.52744 0.73381
0.01065 0.14901
0.46044 0.91934
0.85522 0.90788
0.34709 0.36292
0.11957 0.91819
0.52941 0.40967
0.74628 0.13491
0.85290 0.40400
0.83602 0.46141
0.34783 0.88203
0.54139 0.45548
0.17633 0.85970
0.75717 0.83427
0.74213 0.54841
0.11943 0.23199
0.67624 0.88176
0.11112 0.45679
0.84742 0.06205
0.56769 0.19909
0.01278 0.88204
0.30843 0.41435
0.70800 0.89304
0.49101 0.99825
0.15869 0.95322
0.16262 0.93619
0.15919 0.67468
0.85766 0.16020
0.90725 0.65827
0.98994 0.55872
0.95485 0.11943
0.56137 0.56905
0.98036 0.84419
0.41182 0.84421
0.34976 0.91774
0.09053 0.55048
0.09454 0.26706
0.56359 0.02439
0.65335 0.86201
0.20440 0.58272
0.34203 0.58941
0.09516 0.09057
0.06445 0.65224
0.72527 0.11815
0.88837 0.46197
0.45791 0.99682
0.34446 0.91123
0.62372 0.75045
0.71585 0.24517
0.47073 0.30751
0.99499 0.55549
0.90399 0.00746
0.85318 0.24752
0.94812 0.33840
0.28003 0.52643
