0.56611 0.30272
0.82447 0.74753
0.97474 0.63471
0.93153 0.95670
0.35038 0.24724
0.04404 0.12475
0.16447 0.05024
0.25935 0.07662
0.80308 0.56936
0.66490 0.81112
0.23272 0.81787
0.81811 0.39214
0.66504 0.10288
0.47990 0.44438
0.27541 0.21425
0.88228 0.76781
0.43096 0.68095
0.40416 0.98339
0.19813 0.04405
0.87420 0.26047
0.55557 0.92415
0.36417 0.20514
0.65292 0.37946
0.48234 0.36281
0.48931 0.06165
0.35669 0.33948
0.29251 0.88627
0.97230 0.56014
0.01225 0.08755
0.17659 0.53221
0.76501 0.16502
0.04710 0.54417
0.73083 0.73453
0.31737 0.45330
0.12877 0.37375
0.70541 0.64235
0.74765 0.10757
0.27677 0.36488
0.85594 0.08623
0.27430 0.49631
0.89288 0.22151
0.35333 0.40864
0.52475 0.77301
0.31211 0.47335
0.49653 0.33796
0.17778 0.80698
0.85117 0.67098
0.83879 0.99145
0.39755 0.89622
0.99764 0.15567
0.74070 0.27708
0.10092 0.55337
0.66470 0.40242
0.84347 0.48790
0.79706 0.31353
0.82036 0.41992
0.93305 0.08365
0.63114 0.71309
0.80645 0.25774
0.68083 0.05853
0.10198 0.97434
0.68353 0.04273
0.96937 0.05941
0.09954 0.46579
0.02872 0.57803
0.08176 0.87240
0.91604 0.91980
0.18147 0.75300
0.08230 0.02511
0.80404 0.47800
0.70507 0.14112
0.28682 0.43720
0.83017 0.08203
0.05002 0.59513
0.97669 0.60504
0.41308 0.60575
0.29697 0.30469
0.05383 0.07809
0.92032 0.47242
0.62314 0.43951
0.86554 0.96805
0.90606 0.87909
0.01670 0.35621
0.43721 0.11968
0.14960 0.39450
0.08056 0.63130
0.50790 0.31079
0.41250 0.58756
0.61596 0.97793
0.60513 0.74666
0.93032 0.32563
0.94737 0.96874
0.05986 0.82304
0.79201 0.37206
0.33271 0.63270
0.15736 0.55125
0.78029 0.70317
0.25969 0.31988
0.72872 0.49552
0.75450 0.09993
0.93019 0.03387
0.25381 0.07003
0.48133 0.22846
0.33502 0.25858
0.16110 0.70760
0.72248 0.10466
0.91187 0.92742
0.03620 0.29986
0.88438 0.84245
0.46941 0.78617
0.82237 0.32901
0.42592 0.44555
0.55227 0.92496
0.88511 0.70649
0.48169 0.04090
0.07305 0.30613
0.10558 0.23191
0.53956 0.20466
0.55332 0.30399
0.77737 0.08515
0.75051 0.22856
0.22582 0.25800
0.15438 0.96631
0.68404 0.73003
0.26732 0.30610
0.80580 0.73412
0.83588 0.95636
0.22917 0.18190
0.80911 0.14848
0.24797 0.03258
0.69270 0.18011
0.53753 0.37378
0.53848 0.92757
0.76264 0.14386
0.79476 0.86665
0.18869 0.30033
0.54106 0.81147
0.95897 0.75686
0.70858 0.04215
0.54799 0.34959
0.50027 0.62507
0.23242 0.59238
0.01951 0.89159
0.60689 0.50962
0.26164 0.60263
0.99869 0.61757
0.18246 0.00891
0.58390 0.75731
0.98834 0.37761
0.14925 0.26341
0.25404 0.75789
0.47249 0.14420
0.49791 0.50614
0.33035 0.04293
0.34358 0.21630
0.70194 0.04805
0.99987 0.37666
0.50631 0.70283
0.61247 0.55487
0.90617 0.73070
0.15751 0.36932
0.00159 0.43469
0.36004 0.48886
0.56627 0.93909
0.00593 0.88304
0.81070 0.43866
0.91463 0.73008
0.23007 0.94562
0.64267 0.65775
0.51155 0.07040
0.70992 0.47362
0.67091 0.40745
0.12150 0.53235
0.94617 0.74456
0.64014 0.99026
0.61999 0.04994
0.30267 0.02569
0.37858 0.46452
0.25627 0.59776
0.50753 0.92852
0.40159 0.75712
0.79949 0.61092
0.95274 0.23832
0.35739 0.81458
0.51167 0.42044
0.06697 0.77655
0.05184 0.86672
0.35052 0.87883
0.19274 0.71557
0.85516 0.77924
0.08336 0.52311
0.54939 0.57847
0.42796 0.15676
0.05321 0.85541
0.75264 0.06862
0.67514 0.98482
0.02295 0.26134
0.51799 0.20761
0.78992 0.68794
0.39124 0.45210
0.70633 0.62223
0.79975 0.11470
0.06949 0.93364
0.66158 0.26915
0.63925 0.93875
0.81379 0.10136
0.38787 0.36978
0.28586 0.53691
0.91091 0.31905
0.18132 0.44493
0.04874 0.27139
0.87468 0.65612
0.03376 0.06808
0.22850 0.50955
0.92698 0.80202
0.97977 0.42006
0.74165 0.52156
0.90431 0.76148
0.35392 0.90767
0.49015 0.98396
0.46399 0.05320
0.21905 0.91314
0.52761 0.73874
0.58223 0.83589
0.16177 0.02539
0.35907 0.10001
0.69221 0.56121
0.53855 0.06625
0.84515 0.84235
0.05551 0.47040
0.88720 0.31505
0.28182 0.09349
0.86696 0.26414
0.95233 0.94900
0.16509 0.15118
0.04521 0.66491
0.27574 0.29139
0.71523 0.88745
0.31724 0.88157
0.06363 0.80410
0.70122 0.71440
0.46234 0.64048
0.65583 0.42655
0.44625 0.30006
0.51789 0.14992
0.15561 0.06849
0.96284 0.37618
0.05107 0.85460
0.43857 0.44276
0.82518 0.82230
0.23118 0.44777
0.80564 0.98065
0.12243 0.38508
0.28823 0.65828
0.60154 0.61637
0.69548 0.39612
