0.49834 0.19394
0.75399 0.50257
0.83209 0.40223
0.15438 0.58829
0.61088 0.74241
0.63719 0.76707
0.06448 0.20297
0.81457 0.39446
0.41403 0.45870
0.08143 0.35161
0.45394 0.92254
0.13152 0.06314
0.67925 0.69230
0.72908 0.85393
0.76822 0.93035
0.60597 0.55618
0.33610 0.97164
0.35027 0.11512
0.93398 0.66082
0.22110 0.48974
0.61755 0.65940
0.32625 0.90276
0.98782 0.93649
0.38913 0.08612
0.10460 0.00943
0.75816 0.75303
0.58295 0.56348
0.58120 0.88899
0.26197 0.15815
0.91253 0.63054
0.82262 0.01371
0.68568 0.21264
0.91615 0.49793
0.12999 0.69441
0.16927 0.71955
0.09037 0.13387
0.29571 0.47904
0.16618 0.12662
0.76974 0.96811
0.09411 0.02567
0.45048 0.18243
0.87437 0.11355
0.41048 0.80615
0.39690 0.89085
0.68618 0.80110
0.91405 0.39393
0.64919 0.34695
0.39637 0.64846
0.85392 0.02864
0.15966 0.25931
0.99649 0.68975
0.29651 0.82592
0.77181 0.40742
0.02925 0.56146
0.21404 0.76336
0.83336 0.66684
0.69658 0.57473
0.32476 0.65742
0.45039 0.16065
0.45938 0.45637
0.95249 0.07605
0.56450 0.26199
0.45671 0.86944
0.60561 0.23946
0.90011 0.85201
0.93414 0.47425
0.72901 0.07828
0.80164 0.98519
0.43653 0.50647
0.13048 0.33500
0.41364 0.77560
0.27465 0.38085
0.24066 0.61681
0.24179 0.20146
0.08845 0.81314
0.42260 0.56936
0.78876 0.11362
0.02243 0.90799
0.91883 0.17531
0.64938 0.43070
0.36231 0.29195
0.50060 0.67618
0.06419 0.68265
0.12274 0.76128
0.26015 0.30998
0.74876 0.93911
0.92605 0.40126
0.58918 0.32454
0.05683 0.36718
0.47782 0.28410
0.90150 0.42766
0.13912 0.45449
0.86264 0.84623
0.53863 0.14095
0.65895 0.52179
0.71628 0.86709
0.81532 0.91146
0.77474 0.50698
0.46596 0.48556
0.26554 0.39027
0.83169 0.12690
0.81225 0.09484
0.84254 0.33501
0.47445 0.38423
0.16779 0.61389
0.04908 0.18931
0.21385 0.95765
0.19106 0.83889
0.37048 0.40070
0.56577 0.75116
0.43276 0.28886
0.53245 0.48766
0.49954 0.85129
0.60032 0.29260
0.23836 0.52314
0.52269 0.81844
0.92570 0.15515
0.20225 0.42688
0.06232 0.79857
0.31459 0.13852
0.60483 0.66780
0.11796 0.88836
0.15283 0.01818
0.27214 0.24231
0.16220 0.13754
0.02670 0.22907
0.59410 0.82994
0.58005 0.78653
0.28862 0.28747
0.73744 0.53735
0.43718 0.87627
0.20103 0.10365
0.72322 0.20799
0.25622 0.05462
0.66638 0.86189
0.04330 0.17948
0.81709 0.61218
0.79810 0.82881
0.15703 0.75030
0.64055 0.00164
0.86632 0.65221
0.10855 0.90147
0.24107 0.94117
0.95986 0.05389
0.57276 0.47559
0.40548 0.64253
0.90390 0.13680
0.36696 0.76917
0.31864 0.55828
0.89001 0.17802
0.89484 0.98730
0.19097 0.26606
0.74846 0.34179
0.81031 0.40306
0.45967 0.06348
0.62726 0.47445
0.27797 0.73738
0.08041 0.14933
0.28551 0.43350
0.73239 0.47705
0.09872 0.61690
0.48343 0.58990
0.19034 0.36367
0.20074 0.45085
0.64207 0.02496
0.54777 0.63722
0.13575 0.91950
0.65344 0.73860
0.17717 0.91921
0.28064 0.71932
0.69316 0.42823
0.43850 0.11716
0.98323 0.84182
0.23534 0.09587
0.12141 0.37547
0.21307 0.01882
0.33498 0.48451
0.83776 0.74985
0.44838 0.07919
0.57127 0.17247
0.59359 0.48564
0.62449 0.91315
0.44189 0.80248
0.27544 0.01273
0.61706 0.85218
0.98905 0.24751
0.03271 0.97646
0.45242 0.24591
0.45880 0.44883
0.28032 0.72404
0.02557 0.06829
0.60917 0.59960
0.01086 0.39592
0.77143 0.51306
0.89102 0.57813
0.31463 0.01122
0.03813 0.90324
0.34994 0.40467
0.71503 0.06851
0.18690 0.57761
0.59220 0.46636
0.89970 0.14513
0.35107 0.68287
0.29478 0.31909
0.19849 0.91123
0.51266 0.11163
0.57457 0.50206
0.04260 0.46086
0.58871 0.24984
0.53914 0.58817
0.29019 0.91479
0.52234 0.67109
0.71770 0.03303
0.99405 0.14938
0.45094 0.76780
0.13232 0.57725
0.24748 0.08504
0.65295 0.63374
0.37237 0.33824
0.64176 0.66208
0.92222 0.47015
0.94680 0.11872
0.20672 0.28465
0.31947 0.68324
0.54591 0.03503
0.24747 0.92454
0.45653 0.48573
0.44692 0.00376
0.24908 0.17308
0.72056 0.55113
0.39752 0.26903
0.06444 0.55397
0.82751 0.69522
0.19068 0.29956
0.59773 0.01336
0.87035 0.41214
0.32531 0.78756
0.78626 0.66703
0.77518 0.85135
0.04699 0.92420
0.01902 0.28961
0.14627 0.03449
0.46838 0.10431
0.69779 0.71540
0.55200 0.01392
0.73359 0.04496
0.68030 0.18450
0.92469 0.61034
0.53207 0.86718
0.60625 0.67526
0.61686 0.24164
0.51269 0.55524
0.96509 0.01660
0.77057 0.77185
0.94002 0.12670
0.08554 0.44131
