0.27550 0.55722
0.45719 0.60484
0.63969 0.39087
0.48231 0.39117
0.95853 0.40394
0.29698 0.61825
0.93800 0.46315
0.10648 0.01418
0.34705 0.82394
0.97814 0.96674
0.01068 0.65660
0.91046 0.80200
0.85088 0.89840
0.29403 0.18200
0.57573 0.26947
0.74429 0.03378
0.38545 0.89403
0.31663 0.29399
0.50156 0.53426
0.36222 0.99144
0.82341 0.04587
0.49098 0.22790
0.18087 0.91173
0.83752 0.05820
0.43292 0.95817
0.34148 0.21155
0.25586 0.43448
0.11625 0.77921
0.67684 0.23375
0.43748 0.74740
0.99141 0.89012
0.57265 0.05366
0.09399 0.70563
0.47211 0.00589
0.68249 0.80698
0.57430 0.61346
0.93646 0.70635
0.39591 0.44253
0.81514 0.88552
0.00431 0.54898
0.62387 0.77958
0.12105 0.02857
0.26012 0.68672
0.06963 0.36135
0.27842 0.52584
0.44837 0.57995
0.80360 0.38307
0.16967 0.55291
0.23897 0.15834
0.59890 0.49574
0.60227 0.10411
0.17728 0.95628
0.97981 0.78243
0.70109 0.63607
0.70691 0.83958
0.19820 0.23807
0.63929 0.65597
0.25719 0.10570
0.41110 0.79194
0.97498 0.69395
0.94151 0.72210
0.52889 0.30678
0.00090 0.45194
0.26093 0.93531
0.52986 0.31275
0.29791 0.22710
0.43739 0.44888
0.92925 0.10064
0.26474 0.72265
0.75599 0.51195
0.17259 0.33354
0.99684 0.55357
0.86698 0.01327
0.58812 0.44090
0.70595 0.65749
0.96963 0.74856
0.26069 0.96965
0.84420 0.75560
0.95175 0.02114
0.70591 0.33344
0.40852 0.95747
0.22178 0.12618
0.30878 0.39024
0.66447 0.32283
0.65202 0.67470
0.76459 0.72324
0.91409 0.60383
0.14304 0.98740
0.85043 0.17894
0.13737 0.06656
0.85225 0.14572
0.97936 0.92072
0.09177 0.06181
0.12466 0.80963
0.48252 0.11748
0.53660 0.55171
0.25157 0.86549
0.10882 0.31325
0.80291 0.55139
0.09447 0.53591
0.02558 0.03178
0.15297 0.43611
0.70871 0.94876
0.85125 0.73732
0.83569 0.01487
0.54082 0.09668
0.42632 0.62177
0.30979 0.88315
0.99626 0.60254
0.53645 0.41479
0.86047 0.87062
0.80257 0.69097
0.37027 0.30453
0.88414 0.28117
0.01369 0.83863
0.83954 0.19696
0.02562 0.98792
0.02681 0.23021
0.47709 0.48187
0.86689 0.91507
0.66341 0.77602
0.60730 0.86551
0.53256 0.39062
0.41108 0.73605
0.15481 0.57377
0.45660 0.46340
0.70089 0.19655
0.59282 0.12888
0.55999 0.77247
0.55251 0.33959
0.69118 0.26186
0.29917 0.39847
0.34244 0.39017
0.04246 0.96599
0.12636 0.95794
0.54980 0.47402
0.85019 0.47375
0.86727 0.73664
0.68168 0.35264
0.92178 0.19936
0.50471 0.35239
0.15239 0.65071
0.95132 0.35407
0.08232 0.11532
0.56647 0.03600
0.68674 0.14520
0.95314 0.02027
0.58238 0.27382
0.15052 0.65687
0.85107 0.89513
0.09085 0.29177
0.56021 0.66017
0.96230 0.38352
0.66060 0.78329
0.45876 0.32107
0.77230 0.47208
0.12572 0.14255
0.96701 0.48882
0.81640 0.70610
0.10825 0.12447
0.87224 0.50804
0.99378 0.30659
0.44621 0.16396
0.69524 0.08050
0.71750 0.10252
0.15705 0.44061
0.45456 0.22642
0.39446 0.58657
0.48794 0.84662
0.40588 0.87163
0.55047 0.82333
0.77404 0.38385
0.18129 0.01788
0.94295 0.03672
0.96680 0.08773
0.73035 0.62134
0.91431 0.02186
0.08027 0.35046
0.45959 0.48462
0.49727 0.50457
0.21219 0.56911
0.95839 0.27521
0.45986 0.12872
0.07156 0.67081
0.95345 0.10289
0.17809 0.89562
0.79070 0.85268
0.63363 0.03308
0.56152 0.01972
0.21781 0.75487
0.40446 0.97782
0.91282 0.30111
0.28361 0.60801
0.06758 0.56390
0.58874 0.75182
0.86705 0.02386
0.34694 0.19888
0.21278 0.34243
0.79206 0.54907
0.87630 0.39116
0.00380 0.03731
0.72177 0.68708
0.01752 0.39887
0.63503 0.28772
0.98222 0.16038
0.88529 0.07097
0.12597 0.62336
0.26150 0.61019
0.15898 0.41980
0.28731 0.41405
0.16465 0.20380
0.39912 0.17950
0.11308 0.44953
0.73521 0.18652
0.57178 0.80205
0.47086 0.32249
0.45677 0.38599
0.77375 0.68085
0.79253 0.46470
0.30929 0.22139
0.29521 0.74732
0.62000 0.00959
0.09826 0.96364
0.02813 0.49655
0.42027 0.90042
0.94920 0.47246
0.52551 0.28329
0.68785 0.30638
0.86376 0.53473
0.10089 0.48917
0.65847 0.05438
0.00110 0.56420
0.45930 0.87191
0.19182 0.83081
0.18727 0.20172
0.76831 0.02831
0.60773 0.96385
0.42342 0.95373
0.69044 0.25242
0.18850 0.01877
0.30899 0.60546
0.97468 0.49663
0.21539 0.97580
0.68823 0.27148
0.59853 0.02319
0.04930 0.58203
0.62203 0.22714
0.53524 0.35879
0.90102 0.42313
0.94478 0.05492
0.62801 0.09301
0.63938 0.14647
0.38265 0.70864
0.27415 0.44155
0.64534 0.00974
0.60428 0.95187
