0.43307 0.17235
0.64933 0.81082
0.13998 0.06104
0.72877 0.68552
0.91006 0.06879
0.73001 0.97002
0.74701 0.13513
0.09722 0.52609
0.60484 0.89328
0.93102 0.57967
0.71211 0.72370
0.23286 0.20928
0.16847 0.94384
0.80561 0.37712
0.82058 0.42857
0.97857 0.31602
0.67928 0.39250
0.70755 0.76833
0.14912 0.34253
0.19596 0.41901
0.44468 0.84959
0.63808 0.54158
0.41105 0.90328
0.89570 0.36958
0.54204 0.65961
0.17262 0.71282
0.55317 0.71497
0.07406 0.06916
0.96911 0.34583
0.64584 0.45821
0.66474 0.90988
0.82955 0.45499
0.98692 0.10414
0.40073 0.44942
0.07089 0.55264
0.73803 0.16031
0.96775 0.72467
0.47999 0.81328
0.71886 0.54679
0.39772 0.05348
0.48573 0.65864
0.68192 0.33203
0.07098 0.45550
0.25706 0.85149
0.99996 0.68788
0.02023 0.34351
0.53693 0.76148
0.31106 0.18871
0.03303 0.64724
0.75522 0.45500
0.65501 0.21153
0.34289 0.68056
0.63704 0.47466
0.40886 0.55291
0.86051 0.34566
0.60571 0.78948
0.11522 0.63870
0.46541 0.02852
0.00777 0.87549
0.05468 0.30296
0.70970 0.66547
0.58423 0.62300
0.01502 0.38691
0.74764 0.67230
0.97502 0.91161
0.26634 0.10752
0.40913 0.62363
0.11125 0.90315
0.46930 0.52788
0.67700 0.78195
0.06881 0.50911
0.29241 0.78495
0.41007 0.81820
0.11217 0.80843
0.72013 0.30884
0.06453 0.11872
0.39607 0.89448
0.32206 0.97002
0.64189 0.43187
0.58159 0.68876
0.41594 0.50330
0.14714 0.07599
0.12916 0.62229
0.81345 0.73866
0.30273 0.46100
0.50953 0.67985
0.91003 0.20497
0.90765 0.55438
0.53905 0.77138
0.78859 0.33262
0.13894 0.18526
0.39264 0.47658
0.77956 0.94862
0.66255 0.93890
0.01182 0.58829
0.71016 0.42162
0.39836 0.62005
0.19476 0.28750
0.95048 0.30479
0.60053 0.62407
0.96717 0.62007
0.77441 0.09411
0.16393 0.87709
0.99506 0.57618
0.45788 0.29770
0.54515 0.18006
0.72158 0.42028
0.53236 0.69470
0.53949 0.89994
0.68758 0.64550
0.56982 0.35612
0.45286 0.92669
0.23138 0.40136
0.72167 0.05475
0.48953 0.71157
0.73118 0.75465
0.00160 0.48273
0.43400 0.82127
0.60519 0.65722
0.64692 0.20973
0.89842 0.21669
0.91491 0.15033
0.93205 0.44269
0.86458 0.96443
0.10273 0.61466
0.00031 0.69497
0.71181 0.25636
0.90850 0.73534
0.38892 0.75479
0.10103 0.67296
0.63940 0.04473
0.46003 0.13219
0.06777 0.36575
0.81640 0.82766
0.17189 0.88095
0.97413 0.58339
0.93096 0.68671
0.45773 0.86973
0.65587 0.11133
0.62411 0.32801
0.04039 0.15164
0.03066 0.72942
0.88839 0.65702
0.66772 0.60981
0.33174 0.89345
0.17995 0.48606
0.29096 0.46851
0.81368 0.94272
0.49081 0.63690
0.70071 0.76042
0.27415 0.43816
0.80976 0.50637
0.79613 0.48200
0.18655 0.62519
0.31936 0.75073
0.11425 0.12059
0.74137 0.22272
0.13028 0.96750
0.60569 0.47190
0.59492 0.18914
0.01803 0.82214
0.93141 0.63040
0.45752 0.93811
0.51179 0.97850
0.75442 0.91533
0.97553 0.36918
0.34657 0.71838
0.09872 0.07310
0.47653 0.14422
0.35252 0.96344
0.35212 0.37092
0.08008 0.49646
0.61189 0.26294
0.39939 0.52262
0.26103 0.95052
0.34630 0.88156
0.70459 0.50214
0.75143 0.26425
0.15724 0.06867
0.95820 0.92895
0.46972 0.57905
0.57807 0.18533
0.61045 0.59101
0.64937 0.04713
0.01234 0.33443
0.98251 0.29271
0.61524 0.34182
0.39146 0.37098
0.08329 0.84890
0.49262 0.46848
0.78405 0.62021
0.09430 0.46112
0.71534 0.80861
0.68780 0.68287
0.20686 0.09599
0.78719 0.82964
0.23318 0.63334
0.87191 0.41789
0.02253 0.68369
0.08494 0.75888
0.77279 0.23725
0.36007 0.52197
0.33728 0.95859
0.98658 0.66609
0.50266 0.40542
0.04544 0.97899
0.94413 0.37981
0.81430 0.94570
0.87846 0.36867
0.46476 0.66207
0.59595 0.86037
0.89314 0.47298
0.85087 0.43936
0.97402 0.73571
0.40051 0.67606
0.63364 0.78511
0.47435 0.32114
0.50116 0.55557
0.84743 0.73137
0.97667 0.88324
0.87062 0.42851
0.11815 0.20551
0.39979 0.83421
0.35290 0.27097
0.43886 0.90552
0.36038 0.23743
0.43696 0.09394
0.90207 0.52243
0.48747 0.63160
0.92023 0.07817
0.45042 0.60656
0.94188 0.65674
0.96176 0.86076
0.96147 0.13691
0.24994 0.63322
0.21722 0.04373
0.72268 0.22042
0.83765 0.06699
0.26437 0.25210
0.03974 0.14634
0.53221 0.39120
0.96214 0.94290
0.54937 0.52632
0.61547 0.03254
0.64950 0.79685
0.00573 0.15165
0.54176 0.16775
0.20150 0.70992
0.72273 0.57542
0.13366 0.27871
0.98692 0.47134
0.29942 0.14520
0.08181 0.69300
0.60996 0.75539
0.30914 0.23747
0.43497 0.57125
