0.31141 0.59268
0.86406 0.67308
0.80073 0.82704
0.52504 0.24458
0.23062 0.85732
0.44552 0.35114
0.46607 0.31334
0.69310 0.08859
0.59925 0.35147
0.04428 0.30306
0.09181 0.16151
0.79451 0.00573
0.75614 0.88990
0.49264 0.10736
0.04896 0.91056
0.29522 0.75355
0.91485 0.10378
0.38649 0.71075
0.77234 0.72265
0.46579 0.22312
0.47381 0.40820
0.09811 0.36166
0.55216 0.03939
0.35373 0.40229
0.28857 0.74185
0.72278 0.35749
0.02531 0.51294
0.63441 0.61820
0.23795 0.69364
0.20039 0.43394
0.75256 0.89170
0.72355 0.87880
0.37045 0.34234
0.45956 0.22406
0.62558 0.18261
0.24262 0.37133
0.35849 0.91431
0.03137 0.07097
0.11995 0.16558
0.01766 0.63506
0.47199 0.60836
0.28705 0.51094
0.81253 0.89496
0.96705 0.02630
0.22799 0.08373
0.29760 0.76826
0.38498 0.25185
0.95809 0.58203
0.44453 0.44487
0.32538 0.18034
0.72926 0.93093
0.21967 0.10293
0.14931 0.52915
0.61023 0.16167
0.51373 0.61386
0.49249 0.86150
0.82684 0.32752
0.12904 0.76072
0.18677 0.71991
0.50883 0.07785
0.17162 0.57101
0.65509 0.25528
0.96330 0.44721
0.43502 0.17234
0.32864 0.23529
0.34454 0.40309
0.47422 0.89053
0.03995 0.52192
0.31725 0.98303
0.39201 0.28867
0.47693 0.65570
0.72617 0.09551
0.57201 0.18512
0.36428 0.64887
0.80233 0.56439
0.10880 0.14086
0.14075 0.37765
0.74483 0.87655
0.95465 0.29881
0.39693 0.74683
0.31224 0.36000
0.43995 0.04585
0.30001 0.58684
0.05717 0.96441
0.09598 0.18489
0.65669 0.13622
0.73667 0.43373
0.63758 0.73193
0.70920 0.86309
0.55875 0.66669
0.32283 0.27678
0.60009 0.45800
0.59045 0.48071
0.33569 0.67521
0.58804 0.62781
0.50204 0.58767
0.54506 0.02419
0.66107 0.19440
0.67193 0.71622
0.92952 0.37570
0.48670 0.71329
0.75232 0.95563
0.60557 0.51437
0.42785 0.12776
0.89304 0.40081
0.19472 0.63927
0.84616 0.44031
0.20077 0.90829
0.37979 0.11703
0.40454 0.79849
0.07270 0.22533
0.87815 0.35721
0.48717 0.46099
0.70816 0.37092
0.68082 0.40644
0.09773 0.74104
0.72143 0.00360
0.08814 0.54459
0.47509 0.35248
0.64962 0.20201
0.49962 0.59172
0.58295 0.89267
0.82019 0.22341
0.89072 0.65815
0.81563 0.12258
0.82698 0.15103
0.60012 0.84010
0.48635 0.54302
0.67362 0.88524
0.23383 0.89401
0.77630 0.91697
0.06438 0.30195
0.16450 0.47579
0.63367 0.95065
0.03986 0.64286
0.10572 0.79691
0.98640 0.54136
0.44635 0.65505
0.65174 0.25521
0.70410 0.05443
0.04434 0.56610
0.92923 0.27858
0.23550 0.96546
0.82470 0.74620
0.56112 0.55573
0.33341 0.12572
0.09203 0.76663
0.83170 0.06065
0.35027 0.50846
0.48288 0.14387
0.59242 0.40764
0.20463 0.09556
0.54107 0.52406
0.13038 0.24637
0.58721 0.02565
0.16829 0.56519
0.95604 0.49639
0.71873 0.39614
0.01150 0.50738
0.27686 0.08803
0.81557 0.39154
0.64763 0.50124
0.62222 0.48224
0.37035 0.09695
0.17449 0.87012
0.58874 0.31553
0.06745 0.43098
0.51860 0.91100
0.38463 0.22571
0.37044 0.33709
0.92854 0.66454
0.04554 0.49362
0.74241 0.37947
0.89222 0.78590
0.61506 0.64730
0.41444 0.22563
0.42106 0.73772
0.35799 0.27194
0.28889 0.71937
0.74026 0.79134
0.87868 0.74045
0.27737 0.40370
0.63093 0.82512
0.01166 0.47812
0.21055 0.11589
0.04061 0.80422
0.29482 0.30246
0.72809 0.18746
0.91955 0.59510
0.69349 0.14109
0.07450 0.22759
0.86348 0.68449
0.72930 0.17748
0.55977 0.15494
0.16095 0.52241
0.85804 0.20828
0.07686 0.78500
0.71374 0.27880
0.51308 0.00930
0.21253 0.59440
0.77133 0.53658
0.90234 0.96732
0.79170 0.18576
0.95111 0.06142
0.00425 0.92452
0.93058 0.93370
0.18595 0.07517
0.13112 0.02509
0.50298 0.61211
0.78950 0.88874
0.44325 0.01373
0.70024 0.11080
0.93993 0.39899
0.08685 0.62551
0.65134 0.47035
0.21827 0.09242
0.18324 0.36850
0.44034 0.01291
0.14111 0.03428
0.55429 0.61826
0.85484 0.03804
0.04019 0.05921
0.84441 0.73824
0.77385 0.93096
0.26485 0.80685
0.73045 0.59325
0.16882 0.49676
0.75924 0.59320
0.27505 0.55155
0.21868 0.84465
0.86335 0.48367
0.34134 0.94661
0.32088 0.23374
0.09522 0.46450
0.64789 0.09743
0.92851 0.95210
0.68741 0.91930
0.16828 0.45722
0.11260 0.07300
0.95572 0.55862
0.67320 0.66738
0.19557 0.10607
0.12205 0.19128
0.52579 0.70710
0.55355 0.13620
0.74106 0.31009
0.09190 0.11607
0.14431 0.18232
0.77430 0.15940
0.55811 0.05291
0.21097 0.50636
0.31071 0.44122
0.37591 0.51782
0.80354 0.06824
0.68401 0.82332
0.05270 0.27674
