0.58085 0.09087
0.29557 0.02400
0.81679 0.33317
0.43891 0.15394
0.06720 0.22404
0.93877 0.94398
0.70835 0.47043
0.45921 0.96741
0.21298 0.97643
0.26346 0.19496
0.64666 0.09596
0.47059 0.98102
0.90187 0.89005
0.07682 0.20792
0.18129 0.12339
0.41946 0.94408
0.30313 0.08736
0.21966 0.73924
0.01174 0.83159
0.28443 0.68131
0.53258 0.70299
0.60094 0.81510
0.52298 0.97618
0.11369 0.72624
0.25971 0.52897
0.63928 0.29342
0.68461 0.83556
0.87272 0.41187
0.46239 0.55364
0.02803 0.51510
0.48275 0.37618
0.26662 0.76877
0.89663 0.21509
0.79512 0.62715
0.09795 0.02833
0.12038 0.19728
0.66828 0.65762
0.41410 0.40011
0.54574 0.46907
0.86049 0.24380
0.11763 0.56268
0.59608 0.81454
0.29649 0.12856
0.57289 0.63428
0.09511 0.79580
0.82628 0.50079
0.10822 0.96685
0.68698 0.85743
0.11068 0.83173
0.50665 0.48390
0.80594 0.26995
0.93283 0.98551
0.22744 0.43081
0.69294 0.04513
0.11348 0.86688
0.31362 0.58465
0.87726 0.69362
0.16070 0.21789
0.13809 0.76302
0.04160 0.18272
0.34740 0.53219
0.12324 0.21624
0.45712 0.62709
0.72579 0.52345
0.76344 0.02398
0.25587 0.42069
0.37454 0.09569
0.60379 0.34496
0.42082 0.61939
0.86017 0.42374
0.10347 0.97599
0.64141 0.76193
0.11540 0.88689
0.14488 0.80467
0.80339 0.73653
0.65339 0.18140
0.00652 0.49414
0.54433 0.17497
0.93727 0.73492
0.93939 0.22279
0.51936 0.97001
0.86035 0.31404
0.06519 0.66437
0.57718 0.50720
0.74791 0.68277
0.43495 0.60372
0.99692 0.77701
0.97244 0.28535
0.28863 0.07121
0.76688 0.42056
0.56757 0.84387
0.07220 0.38526
0.05126 0.26210
0.08461 0.68007
0.70549 0.19074
0.85224 0.08270
0.38245 0.84202
0.83172 0.21031
0.12424 0.70049
0.17253 0.48259
0.95653 0.20586
0.51445 0.74320
0.15076 0.37733
0.20298 0.18974
0.16444 0.46798
0.92501 0.15409
0.41850 0.29758
0.06540 0.95379
0.42296 0.41726
0.61768 0.95948
0.09425 0.86225
0.64916 0.36289
0.29396 0.71927
0.04146 0.57367
0.74624 0.72717
0.16160 0.68088
0.95244 0.33949
0.11583 0.17907
0.24942 0.65595
0.13241 0.80323
0.37590 0.93786
0.60335 0.19374
0.02560 0.11848
0.95123 0.02153
0.24668 0.38712
0.05567 0.70297
0.06878 0.67608
0.11971 0.96323
0.04609 0.66331
0.65495 0.43679
0.61242 0.07005
0.14263 0.84561
0.17940 0.34054
0.12241 0.52574
0.68014 0.62413
0.66421 0.06073
0.64724 0.79607
0.25802 0.14271
0.05958 0.41493
0.66884 0.56963
0.99239 0.38986
0.29534 0.39119
0.80831 0.46203
0.13923 0.15373
0.73252 0.69216
0.89123 0.41251
0.27562 0.96926
0.56304 0.50895
0.93620 0.35383
0.71275 0.71666
0.09455 0.96130
0.39619 0.01318
0.88618 0.62672
0.09641 0.91691
0.47697 0.55612
0.38881 0.42129
0.08279 0.97385
0.93646 0.68189
0.55002 0.65885
0.75416 0.06196
0.95593 0.14043
0.87147 0.81488
0.14921 0.43963
0.27298 0.44013
0.89652 0.55281
0.29110 0.55217
0.92799 0.43415
0.55945 0.34793
0.60937 0.73071
0.52376 0.25183
0.15881 0.91470
0.99821 0.71845
0.85310 0.60399
0.92371 0.09085
0.39645 0.20391
0.18723 0.83767
0.71229 0.16515
0.03938 0.90545
0.87607 0.20122
0.79583 0.74293
0.80734 0.50413
0.73010 0.92589
0.30627 0.63522
0.18635 0.50689
0.52992 0.27785
0.92445 0.70338
0.09103 0.65525
0.21624 0.46869
0.91479 0.55825
0.20184 0.34569
0.54967 0.70005
0.94923 0.89028
0.87620 0.24993
0.89770 0.25257
0.01858 0.08470
0.44709 0.84427
0.02354 0.05212
0.55400 0.88190
0.24786 0.30238
0.96853 0.70875
0.16926 0.53196
0.50847 0.78222
0.37675 0.29749
0.25650 0.27550
0.87768 0.82345
0.85279 0.16733
0.83203 0.05371
0.64956 0.39240
0.96170 0.31474
0.87852 0.69255
0.94344 0.75169
0.36298 0.50252
0.88809 0.43903
0.31123 0.47518
0.49333 0.96002
0.84890 0.12390
0.15440 0.08397
0.63541 0.23403
0.85883 0.58026
0.66192 0.39288
0.68447 0.72758
0.45560 0.87496
0.90097 0.23696
0.68569 0.69438
0.14319 0.70363
0.93471 0.29423
0.10646 0.18502
0.20870 0.96438
0.39635 0.49301
0.17756 0.86174
0.20532 0.72577
0.91844 0.20281
0.58668 0.11791
0.21138 0.41693
0.83928 0.72370
0.12905 0.90661
0.38697 0.62116
0.55300 0.85301
0.34477 0.64784
0.42978 0.29475
0.56427 0.59008
0.75475 0.69530
0.16963 0.97443
0.52867 0.86271
0.03115 0.38119
0.12038 0.46662
0.11368 0.88467
0.03331 0.94316
0.82270 0.52279
0.68785 0.05004
0.04497 0.85374
0.95343 0.73967
0.80725 0.28398
0.96058 0.03288
0.21131 0.75966
0.58491 0.19545
