0.87978 0.28481
0.91112 0.32906
0.99464 0.71039
0.45438 0.82024
0.65063 0.57491
0.00225 0.48235
0.61732 0.65317
0.09612 0.16925
0.03100 0.02604
0.06250 0.76471
0.12694 0.92514
0.71955 0.33622
0.62377 0.72296
0.70907 0.70905
0.54081 0.26634
0.13326 0.70904
0.70971 0.38007
0.04917 0.41691
0.21979 0.93328
0.65154 0.04238
0.15119 0.34646
0.37299 0.48585
0.99840 0.06778
0.65686 0.66494
0.86823 0.00346
0.41436 0.82098
0.67424 0.17032
0.38928 0.66241
0.48897 0.15406
0.51012 0.36345
0.32949 0.71793
0.30870 0.31013
0.85632 0.29824
0.58256 0.08817
0.98771 0.66278
0.52449 0.69977
0.72242 0.68129
0.97142 0.57647
0.43647 0.72288
0.58651 0.01304
0.03730 0.38929
0.33059 0.50849
0.48262 0.48464
0.70633 0.41927
0.88991 0.13837
0.33119 0.12716
0.79561 0.06049
0.41599 0.04680
0.59983 0.39181
0.63285 0.90361
0.68889 0.61446
0.42702 0.70171
0.63234 0.03470
0.27743 0.11632
0.77817 0.57963
0.64483 0.47562
0.24612 0.20097
0.02425 0.79840
0.24946 0.50291
0.81381 0.08827
0.29753 0.39757
0.86799 0.96660
0.03588 0.56605
0.66813 0.21705
0.20305 0.72687
0.85790 0.43402
0.20953 0.05537
0.98657 0.37195
0.01266 0.37180
0.98219 0.96421
0.05694 0.30172
0.14965 0.59001
0.16635 0.38272
0.06871 0.98515
0.87971 0.27921
0.29321 0.71198
0.22112 0.02539
0.37869 0.37463
0.70951 0.96957
0.84365 0.78936
0.45412 0.97513
0.83272 0.50849
0.48547 0.21847
0.21740 0.56903
0.51448 0.34569
0.02119 0.99117
0.54439 0.37426
0.21404 0.44292
0.72422 0.55356
0.17693 0.56950
0.62578 0.79291
0.81006 0.39454
0.82797 0.91145
0.54332 0.52281
0.12846 0.02516
0.58779 0.76900
0.62741 0.89621
0.55690 0.40447
0.34491 0.53321
0.09549 0.99517
0.97730 0.20539
0.62053 0.94435
0.28385 0.22165
0.34339 0.28930
0.93156 0.07710
0.07395 0.25689
0.95486 0.92124
0.33347 0.64798
0.20753 0.01585
0.01982 0.02406
0.21662 0.23066
0.07855 0.72194
0.40691 0.18265
0.09009 0.04197
0.64302 0.44082
0.24627 0.42076
0.80007 0.43821
0.98827 0.40664
0.15525 0.82290
0.05102 0.54290
0.84283 0.17969
0.92326 0.46801
0.64077 0.95424
0.77641 0.51782
0.32597 0.53125
0.72602 0.56516
0.42503 0.51367
0.87842 0.26575
0.75351 0.26403
0.64806 0.02930
0.63938 0.89500
0.51828 0.35409
0.04354 0.04590
0.72489 0.69965
0.56376 0.73422
0.46405 0.87764
0.20654 0.29488
0.60251 0.81026
0.10308 0.44822
0.34542 0.08896
0.15360 0.56899
0.66606 0.03981
0.67386 0.27071
0.86668 0.53659
0.49568 0.11755
0.50736 0.97246
0.44634 0.64039
0.22190 0.77047
0.87841 0.91541
0.17855 0.53151
0.93790 0.73618
0.94639 0.34096
0.58737 0.56599
0.52582 0.60729
0.60688 0.08841
0.56046 0.97793
0.83482 0.39760
0.58035 0.66477
0.70651 0.88469
0.18381 0.28249
0.25872 0.34062
0.24235 0.59970
0.68100 0.25660
0.24580 0.79412
0.77902 0.92166
0.77459 0.51246
0.63180 0.69452
0.04226 0.26300
0.82884 0.21672
0.46419 0.51577
0.70150 0.52995
0.70261 0.01810
0.69881 0.86318
0.17754 0.84574
0.28242 0.09637
0.61914 0.76568
0.63189 0.43017
0.10109 0.03340
0.21031 0.57197
0.53936 0.06847
0.84433 0.84355
0.07647 0.90385
0.64737 0.57518
0.70443 0.97163
0.48310 0.56190
0.18305 0.38840
0.97737 0.98056
0.35219 0.55528
0.82002 0.83507
0.49810 0.42742
0.14045 0.28958
0.76581 0.18618
0.36118 0.81628
0.48557 0.47733
0.67527 0.20736
0.33027 0.16319
0.94589 0.23555
0.79565 0.09927
0.11255 0.57196
0.97331 0.75858
0.03620 0.48716
0.15824 0.88839
0.95148 0.89533
0.31007 0.67525
0.12010 0.10281
0.81702 0.77016
0.16275 0.14059
0.27898 0.81807
0.52044 0.64985
0.09891 0.25874
0.13677 0.38378
0.27577 0.52501
0.58942 0.39300
0.42643 0.63215
0.14547 0.04757
0.74916 0.05097
0.20219 0.23339
0.54923 0.54186
0.93980 0.87452
0.16245 0.22226
0.51296 0.34103
0.93295 0.74481
0.32929 0.46281
0.28227 0.29640
0.73890 0.96307
0.22798 0.81353
0.69760 0.66668
0.43241 0.58335
0.04291 0.40126
0.50220 0.28024
0.37630 0.55077
0.34136 0.47500
0.84660 0.63211
0.54055 0.39994
0.75112 0.06805
0.71956 0.31549
0.80677 0.21093
0.36491 0.00366
0.65879 0.50493
0.44281 0.24061
0.15411 0.94875
0.55210 0.57915
0.94051 0.63827
0.78657 0.35276
0.01634 0.15801
0.46712 0.52005
0.85212 0.57741
0.59350 0.55638
0.87292 0.03878
0.41099 0.29559
0.87056 0.57672
0.26804 0.89828
0.93682 0.60672
0.10437 0.46285
0.61610 0.46983
0.39732 0.80211
