0.94694 0.72031
0.95950 0.05027
0.54044 0.89585
0.89694 0.93191
0.60619 0.14409
0.00583 0.45278
0.12235 0.48027
0.67369 0.05851
0.39722 0.39115
0.00358 0.09527
0.54544 0.32512
0.79492 0.42966
0.04269 0.53284
0.80740 0.09110
0.42427 0.13647
0.80089 0.41826
0.10317 0.73525
0.92402 0.97593
0.64450 0.02895
0.80943 0.77174
0.18927 0.96022
0.25211 0.74767
0.67138 0.98861
0.31313 0.23775
0.61244 0.66306
0.14796 0.46261
0.03195 0.01437
0.13199 0.30055
0.56446 0.01710
0.53996 0.33943
0.79525 0.93571
0.58672 0.68379
0.94336 0.03634
0.31672 0.33193
0.49015 0.86543
0.98389 0.51363
0.19369 0.84471
0.38250 0.40849
0.45219 0.74895
0.91308 0.31797
0.17800 0.05280
0.44435 0.27732
0.03662 0.12093
0.37234 0.46394
0.24236 0.16435
0.31597 0.10079
0.66869 0.98548
0.84791 0.65485
0.36415 0.67627
0.01562 0.55621
0.65864 0.93610
0.43599 0.89570
0.53703 0.12322
0.69261 0.08607
0.23438 0.21486
0.36966 0.38500
0.56262 0.25004
0.97280 0.29456
0.24622 0.90684
0.67031 0.71448
0.82725 0.41432
0.04886 0.18532
0.84454 0.99863
0.72433 0.08429
0.30331 0.93467
0.55567 0.71372
0.72397 0.75597
0.33575 0.02985
0.74393 0.42441
0.75458 0.49132
0.17042 0.52409
0.84069 0.64737
0.29448 0.68477
0.81435 0.95000
0.99961 0.99206
0.80405 0.46503
0.57114 0.26435
0.50791 0.47074
0.33780 0.85188
0.56250 0.29008
0.48627 0.05912
0.33641 0.98510
0.57887 0.65417
0.64787 0.28872
0.53063 0.15778
0.10151 0.60014
0.74098 0.31045
0.95839 0.61547
0.57464 0.18427
0.27942 0.43893
0.33714 0.57666
0.09408 0.14281
0.25294 0.61847
0.62816 0.86669
0.79861 0.85127
0.82680 0.35969
0.87833 0.29223
0.62730 0.20713
0.16054 0.35554
0.65551 0.31334
0.45229 0.59114
0.50851 0.89610
0.68924 0.98993
0.21927 0.67984
0.10751 0.35696
0.37470 0.06353
0.37450 0.54686
0.28858 0.10372
0.85431 0.96127
0.77637 0.39939
0.37822 0.86979
0.15813 0.63995
0.59333 0.70278
0.12518 0.19635
0.20323 0.24113
0.57310 0.81163
0.14580 0.47786
0.58598 0.11650
0.63280 0.39483
0.10078 0.52897
0.49679 0.24042
0.76270 0.56607
0.49443 0.64480
0.46542 0.01092
0.76517 0.76538
0.14775 0.15009
0.73451 0.21935
0.90032 0.78820
0.02438 0.94846
0.11497 0.00592
0.56657 0.74498
0.31024 0.28431
0.77031 0.35520
0.61353 0.81851
0.36667 0.23954
0.60563 0.56326
0.76795 0.15894
0.20315 0.59722
0.30942 0.06409
0.63714 0.54261
0.81982 0.68635
0.16834 0.18961
0.46309 0.46990
0.61047 0.79991
0.32039 0.19321
0.35311 0.04504
0.90359 0.56292
0.48660 0.57762
0.75963 0.81078
0.88737 0.95612
0.44642 0.55293
0.88625 0.84845
0.71370 0.22290
0.11881 0.44505
0.10636 0.29855
0.87996 0.83012
0.37125 0.78897
0.53484 0.88244
0.13794 0.89823
0.68791 0.31871
0.69636 0.17568
0.44774 0.14030
0.90477 0.14217
0.33488 0.37278
0.15676 0.87063
0.00209 0.56244
0.55833 0.61380
0.36156 0.95913
0.56342 0.80257
0.60242 0.84441
0.09583 0.65364
0.14383 0.06801
0.25744 0.75355
0.50977 0.72374
0.90772 0.47999
0.36554 0.07770
0.58646 0.31492
0.86108 0.01722
0.37230 0.58807
0.20379 0.40341
0.76872 0.23080
0.56611 0.29179
0.63322 0.06325
0.11126 0.85134
0.22843 0.94899
0.70998 0.83168
0.96034 0.75126
0.61874 0.07647
0.65220 0.46869
0.61833 0.60195
0.94338 0.72724
0.79347 0.84693
0.29423 0.63959
0.93030 0.05166
0.23137 0.40819
0.57319 0.86276
0.34369 0.49590
0.83880 0.82942
0.81218 0.53635
0.59105 0.75215
0.17232 0.96243
0.13617 0.98767
0.16486 0.14548
0.30443 0.77342
0.06743 0.58592
0.76662 0.54100
0.91403 0.76865
0.59551 0.24502
0.12524 0.22846
0.94605 0.38446
0.27909 0.93730
0.24864 0.41439
0.82118 0.99423
0.90795 0.97972
0.20842 0.15640
0.01336 0.95527
0.02832 0.83922
0.78905 0.77586
0.47816 0.66410
0.50558 0.26845
0.49857 0.57065
0.70936 0.16032
0.33585 0.13840
0.98963 0.82803
0.12015 0.07021
0.70517 0.52075
0.18415 0.72116
0.84671 0.99579
0.40490 0.17970
0.39500 0.09846
0.17570 0.16683
0.38676 0.48097
0.47239 0.23117
0.30802 0.02462
0.95936 0.33357
0.62430 0.20741
0.21103 0.61518
0.06221 0.31196
0.28012 0.23944
0.81332 0.61216
0.14292 0.73612
0.75852 0.59152
0.70417 0.88631
0.67853 0.63185
0.04157 0.16060
0.09252 0.50834
0.66574 0.54947
0.62756 0.67632
0.46106 0.52757
0.13109 0.09217
0.40698 0.34463
0.66334 0.35801
0.45415 0.09922
0.88994 0.97903
0.07708 0.16906
0.58201 0.00385
