0.45995 0.61808
0.21944 0.61681
0.77135 0.46448
0.23548 0.94563
0.53939 0.17088
0.94884 0.27185
0.88209 0.85433
0.79175 0.26900
0.61413 0.43353
0.13827 0.03654
0.88668 0.61904
0.60586 0.20759
0.80999 0.60676
0.64914 0.64672
0.52363 0.02806
0.36635 0.11362
0.34007 0.14586
0.11088 0.91622
0.18961 0.72525
0.15909 0.42866
0.41593 0.47562
0.75138 0.56335
0.31711 0.73284
0.39211 0.96958
0.74407 0.77181
0.96734 0.86962
0.44056 0.33008
0.88677 0.15533
0.85927 0.49879
0.03790 0.69353
0.46173 0.59129
0.72508 0.09245
0.34159 0.73404
0.34796 0.27565
0.53029 0.73725
0.02068 0.03804
0.25268 0.24497
0.92616 0.95571
0.47079 0.11991
0.79194 0.32260
0.89104 0.72770
0.51276 0.83609
0.13075 0.25431
0.80050 0.77986
0.81186 0.20054
0.20557 0.52606
0.46554 0.04674
0.46117 0.17470
0.44730 0.40216
0.83658 0.56384
0.00433 0.02678
0.90191 0.07191
0.02376 0.86001
0.44283 0.87692
0.27877 0.09638
0.18252 0.76408
0.06836 0.20388
0.71763 0.83279
0.01168 0.09990
0.08775 0.36438
0.06761 0.88561
0.04467 0.53291
0.67566 0.79432
0.40210 0.99031
0.86420 0.18147
0.59466 0.87183
0.42380 0.53734
0.22999 0.46279
0.50223 0.09344
0.21889 0.09576
0.32854 0.23829
0.54516 0.59757
0.24611 0.16305
0.03179 0.35632
0.35227 0.66243
0.14529 0.93996
0.70668 0.93220
0.44715 0.66223
0.70573 0.72868
0.44435 0.62250
0.08135 0.06903
0.05531 0.51883
0.01412 0.23881
0.23119 0.93829
0.52573 0.90964
0.82463 0.56510
0.97841 0.96699
0.61678 0.53068
0.96385 0.28937
0.94835 0.58763
0.34791 0.78973
0.33916 0.49894
0.30915 0.03664
0.54426 0.96267
0.70696 0.68996
0.62745 0.79017
0.33267 0.66867
0.37283 0.27545
0.42966 0.48314
0.41488 0.42185
0.51790 0.71972
0.55814 0.41780
0.15084 0.73251
0.06857 0.90866
0.21060 0.45190
0.70599 0.82491
0.91207 0.07495
0.15925 0.42422
0.09350 0.05257
0.66397 0.57179
0.76141 0.72025
0.95629 0.90235
0.59027 0.45120
0.61934 0.65732
0.80041 0.10104
0.89162 0.15096
0.81829 0.18344
0.59718 0.16533
0.18016 0.80453
0.19081 0.69740
0.77302 0.09906
0.95010 0.58850
0.42029 0.51241
0.30552 0.38085
0.40963 0.76888
0.94084 0.80072
0.71830 0.02775
0.91899 0.24611
0.18960 0.97774
0.87566 0.73825
0.79319 0.96621
0.82770 0.86339
0.60049 0.72257
0.61223 0.84434
0.90375 0.74998
0.14789 0.09527
0.93756 0.46050
0.76663 0.60986
0.04084 0.44387
0.49187 0.13460
0.37560 0.83826
0.61838 0.55177
0.74937 0.88618
0.87324 0.86435
0.86986 0.52200
0.33666 0.56823
0.97661 0.23930
0.44466 0.94547
0.62339 0.61933
0.65681 0.14756
0.86141 0.47744
0.63163 0.92300
0.87821 0.37601
0.55583 0.28564
0.89673 0.47782
0.69136 0.05867
0.31644 0.29968
0.96718 0.36919
0.01433 0.59454
0.49821 0.97637
0.90347 0.69974
0.31444 0.10044
0.91424 0.39521
0.49282 0.71988
0.52322 0.09579
0.51203 0.85874
0.05340 0.31549
0.43878 0.58770
0.82982 0.79989
0.46690 0.80339
0.91130 0.33725
0.06940 0.62520
0.79404 0.04524
0.32458 0.97137
0.14189 0.37322
0.27630 0.75425
0.55305 0.43769
0.78377 0.74342
0.51216 0.96014
0.65586 0.75484
0.40359 0.95339
0.72130 0.98739
0.46498 0.70732
0.71810 0.48564
0.05809 0.50905
0.12858 0.77337
0.86771 0.45062
0.62809 0.20940
0.99576 0.14478
0.02378 0.45251
0.53389 0.79566
0.45291 0.50160
0.63906 0.26588
0.52354 0.08766
0.46042 0.65934
0.86468 0.73376
0.41439 0.80496
0.16492 0.79559
0.02855 0.30013
0.04546 0.66734
0.76825 0.73082
0.81960 0.91944
0.89043 0.18595
0.72508 0.75128
0.95532 0.66783
0.94253 0.34222
0.35601 0.37582
0.96560 0.80069
0.17573 0.81574
0.04745 0.32893
0.44178 0.35570
0.54250 0.90765
0.06978 0.06992
0.46287 0.46328
0.16861 0.60030
0.04857 0.65632
0.15632 0.67755
0.84852 0.15351
0.93722 0.66334
0.44459 0.49552
0.58655 0.09370
0.04667 0.00696
0.54721 0.61314
0.46125 0.72547
0.87743 0.52551
0.07936 0.09286
0.50792 0.12196
0.01871 0.69681
0.30425 0.07164
0.57119 0.50500
0.84787 0.27694
0.11321 0.85120
0.99377 0.35018
0.51509 0.15168
0.16918 0.15360
0.38200 0.64415
0.98336 0.81856
0.66544 0.59129
0.24171 0.26609
0.94550 0.16872
0.63665 0.95231
0.05422 0.32492
0.52727 0.08838
0.00841 0.80062
0.90789 0.01994
0.89856 0.39806
0.39179 0.59762
0.18866 0.30025
0.07879 0.56413
0.22834 0.58994
0.16803 0.33371
0.73178 0.75671
0.94308 0.79440
0.77847 0.75653
0.44560 0.08407
0.19721 0.11117
