0.05077 0.98810
0.79865 0.46011
0.22333 0.99297
0.51577 0.05589
0.12706 0.36623
0.42581 0.39809
0.03653 0.95290
0.82516 0.90370
0.93747 0.92356
0.03426 0.77547
0.74198 0.90210
0.55153 0.78088
0.28645 0.93296
0.13758 0.40342
0.29297 0.07938
0.97493 0.43326
0.70444 0.29648
0.53558 0.44720
0.82109 0.66297
0.66346 0.95224
0.75869 0.90095
0.25072 0.10451
0.47553 0.48325
0.41615 0.80603
0.22191 0.65137
0.37437 0.93608
0.98173 0.31214
0.40518 0.21051
0.08418 0.45245
0.58307 0.33366
0.40976 0.49179
0.92207 0.26088
0.91162 0.41817
0.94889 0.86516
0.11358 0.08920
0.89963 0.04535
0.92721 0.31471
0.46669 0.04731
0.59724 0.35397
0.53217 0.52340
0.43851 0.48531
0.07061 0.82299
0.69891 0.72349
0.75058 0.52865
0.93865 0.90099
0.32996 0.66213
0.75509 0.77542
0.65573 0.49207
0.35181 0.87557
0.70217 0.86321
0.11427 0.42296
0.09781 0.82258
0.20955 0.43465
0.13176 0.62234
0.10676 0.46568
0.80736 0.46782
0.90105 0.85941
0.31716 0.14491
0.49534 0.64355
0.06919 0.26259
0.05747 0.56307
0.49369 0.47030
0.65003 0.27031
0.36863 0.75593
0.44188 0.68407
0.55807 0.85057
0.87791 0.29744
0.92548 0.99998
0.21042 0.91752
0.61341 0.38963
0.61902 0.55255
0.80825 0.54161
0.62698 0.11412
0.25849 0.19500
0.22959 0.91194
0.53005 0.66935
0.59589 0.07090
0.96252 0.98883
0.57171 0.64881
0.81158 0.75298
0.59850 0.53092
0.42073 0.90188
0.72992 0.19348
0.03121 0.21020
0.95525 0.94819
0.90791 0.58159
0.57102 0.69845
0.77938 0.58717
0.20030 0.99546
0.30442 0.12584
0.15180 0.28082
0.87442 0.38738
0.90925 0.42463
0.89672 0.32291
0.71806 0.99373
0.04841 0.92079
0.99062 0.17517
0.46905 0.41421
0.65529 0.51913
0.25059 0.03153
0.87380 0.11666
0.70025 0.11457
0.65642 0.53083
0.83869 0.44892
0.72891 0.00919
0.18853 0.99522
0.48262 0.41847
0.71104 0.92324
0.99630 0.96664
0.10635 0.83784
0.14715 0.55153
0.37700 0.27517
0.33171 0.79676
0.62982 0.02793
0.90766 0.88961
0.11215 0.98515
0.31082 0.51897
0.10577 0.47724
0.95852 0.31000
0.66474 0.74344
0.07222 0.91705
0.29169 0.02431
0.52867 0.66559
0.67557 0.58837
0.33238 0.95639
0.78796 0.39521
0.84425 0.88951
0.48272 0.10011
0.64146 0.03530
0.89004 0.31922
0.87180 0.12687
0.24137 0.91590
0.83655 0.36949
0.56891 0.36619
0.28399 0.74749
0.38438 0.58371
0.06964 0.99861
0.31736 0.36136
0.14476 0.37082
0.09933 0.20974
0.87084 0.56489
0.58266 0.99989
0.21572 0.62483
0.36860 0.41583
0.66363 0.46284
0.22322 0.89495
0.32609 0.34096
0.54176 0.05503
0.80283 0.58133
0.37031 0.22386
0.43120 0.08426
0.70760 0.46422
0.93115 0.73007
0.67019 0.39118
0.54768 0.78440
0.39970 0.70042
0.25107 0.65936
0.71588 0.49847
0.65860 0.41093
0.36180 0.42116
0.60806 0.87211
0.56760 0.59936
0.61482 0.52572
0.09082 0.33301
0.31746 0.06223
0.10700 0.30978
0.75620 0.02247
0.13981 0.65330
0.63971 0.76004
0.65536 0.03156
0.31944 0.48380
0.90237 0.02786
0.69217 0.92561
0.27343 0.07464
0.70607 0.68398
0.35691 0.77936
0.28859 0.72461
0.12856 0.44427
0.73843 0.78117
0.76952 0.76986
0.81264 0.67474
0.56921 0.20138
0.52542 0.87569
0.69316 0.20545
0.62671 0.84795
0.41025 0.09077
0.93007 0.45794
0.27000 0.47592
0.62273 0.90548
0.83386 0.08500
0.99513 0.64807
0.57154 0.05481
0.42318 0.39618
0.80797 0.88219
0.63719 0.58475
0.45190 0.32597
0.10780 0.61420
0.12930 0.82878
0.42118 0.43542
0.83758 0.16835
0.57614 0.57861
0.04001 0.79712
0.00439 0.17891
0.16072 0.11795
0.41950 0.10774
0.87842 0.06595
0.27955 0.98939
0.66237 0.80083
0.40367 0.74918
0.53707 0.50352
0.68785 0.47737
0.67318 0.14645
0.44991 0.42984
0.70965 0.65565
0.15295 0.85438
0.97347 0.32988
0.15133 0.99755
0.27764 0.22577
0.13718 0.07938
0.16347 0.14065
0.83725 0.04339
0.15344 0.42108
0.97543 0.69027
0.67569 0.92092
0.61312 0.43531
0.10481 0.08148
0.45497 0.08886
0.71650 0.84077
0.52890 0.70153
0.04815 0.84044
0.79160 0.91447
0.21748 0.83229
0.50797 0.15297
0.69800 0.82746
0.10763 0.86163
0.71531 0.72040
0.44541 0.70286
0.97865 0.89204
0.95408 0.46527
0.89060 0.04204
0.75843 0.92726
0.40946 0.12959
0.68391 0.17831
0.66993 0.02150
0.30060 0.72071
0.67769 0.00091
0.06444 0.83324
0.43407 0.41572
0.46796 0.89921
0.44344 0.46676
0.62707 0.88604
0.41451 0.60879
0.18535 0.22184
0.35272 0.31145
0.05637 0.77198
0.67226 0.14828
