0.42319 0.22606
0.68871 0.77683
0.19775 0.38804
0.18703 0.81711
0.96569 0.61647
0.78001 0.92004
0.18524 0.92857
0.48822 0.56852
0.07982 0.32810
0.16460 0.23985
0.27271 0.13681
0.62333 0.82861
0.67272 0.84152
0.45516 0.57108
0.77111 0.68895
0.01267 0.72485
0.20696 0.15090
0.17635 0.17233
0.33380 0.56854
0.44486 0.76742
0.85005 0.55269
0.02974 0.26647
0.73644 0.99581
0.57205 0.07370
0.13395 0.96869
0.03393 0.51551
0.60464 0.85076
0.52916 0.11859
0.16303 0.87369
0.35650 0.34000
0.20004 0.11586
0.96513 0.13316
0.73779 0.86571
0.64369 0.58083
0.54001 0.28358
0.69078 0.89224
0.56625 0.04055
0.96836 0.40130
0.56120 0.75384
0.49177 0.45145
0.81170 0.97327
0.52569 0.39174
0.52512 0.82851
0.92602 0.46934
0.54852 0.45598
0.78050 0.61376
0.04719 0.26269
0.77398 0.70907
0.62936 0.84271
0.59892 0.80561
0.38273 0.49739
0.35339 0.14097
0.13383 0.38806
0.15716 0.57700
0.56213 0.46399
0.64650 0.31649
0.30718 0.57309
0.74566 0.02151
0.65230 0.25743
0.24371 0.84928
0.86624 0.15993
0.85941 0.18367
0.72294 0.59462
0.54539 0.46000
0.24498 0.90516
0.95095 0.86639
0.64190 0.28130
0.63886 0.97030
0.37139 0.76280
0.11603 0.02905
0.72859 0.82922
0.67636 0.83927
0.89059 0.16465
0.50319 0.31488
0.54200 0.88359
0.49805 0.71441
0.35116 0.96314
0.91562 0.80086
0.95455 0.35538
0.43270 0.99419
0.67489 0.29360
0.16241 0.65547
0.55640 0.26580
0.39265 0.30067
0.53994 0.40682
0.92105 0.30413
0.31743 0.16664
0.54219 0.52692
0.07688 0.34493
0.81922 0.58658
0.01742 0.11832
0.78918 0.60231
0.14530 0.55038
0.39683 0.21411
0.69305 0.03659
0.93864 0.02244
0.23707 0.06841
0.42237 0.74154
0.86388 0.30482
0.42194 0.49891
0.87492 0.45893
0.40219 0.73754
0.91141 0.43392
0.90967 0.19934
0.08652 0.97969
0.72003 0.88745
0.81761 0.54167
0.86786 0.96702
0.47382 0.66804
0.17052 0.96906
0.43037 0.22390
0.77958 0.01787
0.29080 0.46160
0.52370 0.97011
0.21053 0.97174
0.29686 0.24558
0.53028 0.34496
0.17281 0.25884
0.59850 0.53638
0.64161 0.90272
0.31162 0.43840
0.22017 0.40438
0.86444 0.94287
0.53869 0.08047
0.55621 0.27589
0.62456 0.33923
0.44919 0.49791
0.75751 0.61397
0.67408 0.88581
0.00493 0.92623
0.68317 0.67249
0.19758 0.50257
0.59718 0.61707
0.78746 0.43756
0.82466 0.71481
0.24310 0.39723
0.38457 0.97554
0.53762 0.03872
0.56795 0.38681
0.66576 0.97721
0.99256 0.69332
0.48697 0.19362
0.49666 0.54185
0.13894 0.36232
0.37749 0.50303
0.98579 0.33351
0.44953 0.40773
0.35266 0.64022
0.64359 0.05654
0.78123 0.90447
0.24633 0.26913
0.41425 0.41771
0.48336 0.28418
0.13559 0.03513
0.94563 0.78151
0.31076 0.10084
0.06587 0.23028
0.06729 0.94366
0.73884 0.30922
0.93433 0.74767
0.45106 0.57455
0.20416 0.88763
0.67980 0.25196
0.10405 0.94317
0.67310 0.53835
0.31472 0.91492
0.46992 0.98730
0.27955 0.01487
0.38007 0.36079
0.06917 0.70267
0.50743 0.01773
0.07238 0.66352
0.27025 0.31705
0.49742 0.91332
0.76386 0.68782
0.93463 0.04494
0.16145 0.36303
0.72052 0.97659
0.64132 0.48124
0.37510 0.34381
0.03250 0.77771
0.73316 0.92888
0.29466 0.04248
0.02941 0.16475
0.51591 0.00919
0.77813 0.78420
0.28831 0.63472
0.90493 0.87050
0.16059 0.45129
0.38866 0.33041
0.54765 0.02198
0.78839 0.82507
0.75658 0.64489
0.88677 0.62552
0.22961 0.13543
0.58532 0.58369
0.12201 0.38552
0.56627 0.36569
0.14141 0.04828
0.33909 0.90880
0.79233 0.77621
0.12920 0.80359
0.48211 0.01563
0.96935 0.17062
0.80745 0.78195
0.71021 0.49641
0.65601 0.32855
0.36433 0.37751
0.98779 0.59097
0.13055 0.44028
0.12939 0.34528
0.95356 0.50819
0.72425 0.87914
0.44639 0.42021
0.21243 0.89030
0.43859 0.56059
0.43057 0.39753
0.95734 0.15190
0.17961 0.25966
0.78408 0.73329
0.78622 0.03559
0.27994 0.78289
0.55381 0.94000
0.51697 0.80486
0.53570 0.49292
0.02958 0.89766
0.63843 0.39615
0.40338 0.99545
0.03800 0.18593
0.34852 0.62318
0.17656 0.60124
0.46120 0.87276
0.73038 0.09967
0.89936 0.22530
0.05087 0.16529
0.37607 0.43101
0.64634 0.90389
0.43479 0.50278
0.49728 0.42302
0.98595 0.25541
0.41128 0.57409
0.07880 0.80451
0.50510 0.31358
0.71511 0.11754
0.12638 0.46199
0.90164 0.87080
0.07902 0.58338
0.83361 0.27034
0.27666 0.90926
0.92223 0.24073
0.53065 0.24265
0.54781 0.35019
0.34024 0.37047
0.05592 0.07700
0.51943 0.07323
0.19654 0.82814
