0.52999 0.93134
0.31020 0.70611
0.27299 0.99600
0.25962 0.37318
0.85035 0.53708
0.63567 0.62602
0.35164 0.71268
0.19500 0.86048
0.50753 0.63361
0.69904 0.59221
0.81826 0.42960
0.34943 0.51747
0.22864 0.61002
0.13215 0.81909
0.35826 0.40841
0.97566 0.76255
0.56999 0.28352
0.71139 0.46149
0.51238 0.45534
0.33978 0.58998
0.20686 0.09839
0.28733 0.85683
0.74409 0.87475
0.47656 0.37894
0.99375 0.05815
0.16717 0.73767
0.10456 0.66159
0.61184 0.67703
0.50446 0.21216
0.56564 0.67302
0.68144 0.42079
0.37126 0.67061
0.36405 0.85538
0.28069 0.89393
0.07007 0.90160
0.02125 0.98199
0.56284 0.98473
0.46686 0.41109
0.57136 0.95150
0.57234 0.46743
0.03003 0.83448
0.25178 0.10873
0.48263 0.88958
0.41623 0.44047
0.47840 0.54560
0.65261 0.69941
0.96882 0.67582
0.39821 0.21833
0.39701 0.08303
0.66873 0.73434
0.98755 0.08899
0.65988 0.56831
0.79760 0.32307
0.90628 0.30654
0.76307 0.74119
0.27187 0.83968
0.84305 0.23755
0.74748 0.10919
0.74502 0.39665
0.39930 0.90364
0.79094 0.23219
0.03420 0.80926
0.97236 0.85923
0.81723 0.89128
0.23453 0.07447
0.23810 0.22953
0.39568 0.84325
0.44820 0.08041
0.47335 0.46035
0.10177 0.83850
0.71764 0.72101
0.66616 0.29388
0.34311 0.36939
0.31381 0.46372
0.70870 0.93497
0.96838 0.74766
0.80030 0.85807
0.54432 0.27525
0.68809 0.73309
0.50612 0.37614
0.41617 0.91678
0.59028 0.39729
0.07588 0.58631
0.52011 0.98156
0.25219 0.08139
0.37071 0.09154
0.69543 0.34925
0.71408 0.49335
0.11797 0.27759
0.03319 0.38795
0.84275 0.97975
0.57683 0.73647
0.47724 0.49133
0.59042 0.53145
0.39305 0.76781
0.34495 0.22595
0.15570 0.27590
0.77112 0.53071
0.75733 0.54575
0.30533 0.33502
0.60104 0.81616
0.91958 0.86706
0.63133 0.47858
0.88588 0.01347
0.70161 0.70348
0.34033 0.66050
0.47534 0.98166
0.49111 0.18071
0.28781 0.19001
0.67696 0.61285
0.89088 0.70750
0.24705 0.84542
0.96037 0.73180
0.64006 0.70587
0.01775 0.82902
0.86604 0.18975
0.80041 0.87203
0.87748 0.08383
0.47323 0.45558
0.46564 0.22840
0.04223 0.00478
0.87693 0.85736
0.61927 0.20851
0.57306 0.35480
0.80151 0.00419
0.14890 0.59812
0.72059 0.28034
0.75426 0.58802
0.62518 0.33838
0.98172 0.18313
0.49434 0.59544
0.97752 0.90725
0.21887 0.76117
0.02065 0.05867
0.41494 0.01144
0.92534 0.54746
0.33723 0.75906
0.50849 0.88487
0.54934 0.36715
0.76281 0.41942
0.33268 0.29167
0.60589 0.31015
0.84640 0.81921
0.44240 0.20724
0.09270 0.94833
0.84791 0.06550
0.52988 0.32663
0.43260 0.02953
0.07386 0.07502
0.59325 0.48567
0.53244 0.78500
0.50451 0.66674
0.49228 0.55426
0.83105 0.65335
0.96574 0.19205
0.41968 0.93098
0.17373 0.04479
0.59134 0.05555
0.31729 0.29485
0.51483 0.41114
0.20541 0.96674
0.49461 0.53024
0.97799 0.23883
0.66877 0.50392
0.65377 0.09814
0.78765 0.62926
0.26819 0.28818
0.14938 0.35771
0.92386 0.20064
0.89624 0.28660
0.20237 0.11103
0.28943 0.53421
0.84419 0.41698
0.55689 0.33879
0.81398 0.08112
0.88586 0.87073
0.45718 0.72564
0.02907 0.92752
0.91922 0.57741
0.13444 0.77860
0.56811 0.24834
0.12044 0.25103
0.52158 0.18174
0.86920 0.02715
0.67482 0.88547
0.20667 0.78561
0.94220 0.17135
0.80169 0.75939
0.42375 0.06249
0.67169 0.07456
0.72240 0.81377
0.07009 0.01814
0.38970 0.10589
0.18999 0.08573
0.60707 0.11159
0.96391 0.07563
0.88208 0.37299
0.61237 0.46064
0.00368 0.74183
0.72800 0.35519
0.94289 0.32127
0.27798 0.80716
0.75232 0.75700
0.23717 0.82150
0.84765 0.60494
0.33043 0.89881
0.40136 0.54376
0.09183 0.74410
0.16823 0.64067
0.70875 0.79327
0.16317 0.66660
0.65430 0.21133
0.58663 0.10746
0.32915 0.98644
0.33918 0.88543
0.14492 0.39275
0.72691 0.35187
0.95130 0.26633
0.41727 0.10382
0.44897 0.82337
0.69164 0.98303
0.51428 0.13778
0.75962 0.02352
0.73647 0.89205
0.30132 0.29632
0.70166 0.10187
0.86456 0.75831
0.11334 0.19851
0.63290 0.46716
0.14565 0.87764
0.18547 0.37836
0.19353 0.01892
0.85483 0.92405
0.17692 0.32876
0.45426 0.16923
0.21277 0.31723
0.45228 0.82067
0.17584 0.55928
0.07307 0.36108
0.26162 0.73444
0.92351 0.77080
0.73221 0.25230
0.91081 0.44636
0.95173 0.05910
0.28910 0.21913
0.13019 0.62151
0.08386 0.48948
0.59124 0.82250
0.61076 0.77674
0.14076 0.24260
0.84219 0.32839
0.54465 0.50868
0.41070 0.88235
0.95669 0.06069
0.84981 0.38504
0.06703 0.79470
