0.70376 0.67354
0.46258 0.49806
0.65609 0.65440
0.90807 0.63927
0.35056 0.84819
0.38156 0.22788
0.95922 0.88458
0.64418 0.52702
0.98099 0.26322
0.11873 0.79318
0.41950 0.77709
0.34915 0.53909
0.77631 0.39071
0.45894 0.75458
0.97013 0.55306
0.31126 0.12341
0.98481 0.46337
0.19764 0.48881
0.06466 0.52472
0.08211 0.63758
0.51375 0.81890
0.09009 0.25480
0.67036 0.68731
0.27501 0.77327
0.33439 0.92048
0.73680 0.12590
0.76222 0.96972
0.87756 0.33636
0.43833 0.86940
0.03664 0.66783
0.39981 0.87335
0.51733 0.88595
0.16250 0.96819
0.92484 0.13050
0.65463 0.29883
0.68928 0.76406
0.82236 0.78201
0.41863 0.90436
0.15277 0.18267
0.92233 0.70369
0.81111 0.43671
0.22794 0.26969
0.20156 0.05856
0.86542 0.62654
0.71427 0.51841
0.67019 0.61728
0.21787 0.06570
0.37022 0.66683
0.22880 0.57584
0.11922 0.37590
0.35910 0.15631
0.26565 0.33843
0.60063 0.98327
0.20304 0.77177
0.93032 0.44530
0.73955 0.82770
0.70814 0.36362
0.85001 0.81555
0.99682 0.47397
0.97552 0.58495
0.96097 0.89437
0.84149 0.04681
0.40834 0.31910
0.45281 0.97148
0.54745 0.40595
0.34108 0.87724
0.86520 0.36564
0.42878 0.12098
0.52581 0.42350
0.19322 0.44242
0.37713 0.68537
0.50097 0.20912
0.57971 0.55616
0.11014 0.84404
0.30878 0.37195
0.84396 0.73982
0.88500 0.56458
0.12091 0.10517
0.23849 0.18698
0.52902 0.36433
0.52122 0.86830
0.02500 0.91088
0.21384 0.87043
0.14656 0.44756
0.70688 0.92388
0.49091 0.91537
0.32176 0.74006
0.07219 0.90436
0.82780 0.57581
0.98956 0.35877
0.04142 0.94930
0.60833 0.94755
0.66238 0.97525
0.54204 0.93010
0.54215 0.56567
0.59235 0.85341
0.27296 0.78205
0.03600 0.40672
0.34630 0.37010
0.84012 0.60563
0.78155 0.23913
0.23799 0.72075
0.18341 0.15526
0.44105 0.29281
0.59097 0.66120
0.76576 0.48014
0.30208 0.58396
0.37133 0.57904
0.95950 0.58244
0.84373 0.04729
0.75506 0.50380
0.23348 0.19089
0.77846 0.23617
0.52742 0.27548
0.74709 0.89838
0.52581 0.37257
0.94730 0.34149
0.50573 0.07153
0.24511 0.29700
0.48181 0.94177
0.12883 0.70676
0.75115 0.99553
0.54330 0.43080
0.82765 0.21551
0.83202 0.27909
0.08274 0.58560
0.91996 0.51028
0.70289 0.63774
0.11786 0.16737
0.02157 0.71120
0.40912 0.62742
0.75325 0.40318
0.70181 0.13009
0.84412 0.68766
0.12268 0.00112
0.46029 0.51913
0.02071 0.51735
0.55964 0.84031
0.72269 0.95748
0.22201 0.81840
0.50661 0.38729
0.86805 0.54836
0.67884 0.76412
0.27937 0.72121
0.00766 0.31090
0.56429 0.91833
0.23004 0.33481
0.47025 0.97639
0.14799 0.90395
0.51315 0.16338
0.89875 0.35994
0.50846 0.22770
0.15974 0.20952
0.95448 0.92072
0.36132 0.98154
0.55983 0.53303
0.92329 0.31873
0.06832 0.91145
0.64026 0.03453
0.85725 0.54837
0.50188 0.53779
0.13911 0.78770
0.59927 0.85860
0.70143 0.52271
0.49195 0.08123
0.26542 0.03935
0.64937 0.44986
0.81078 0.00603
0.93571 0.63966
0.94715 0.72036
0.32327 0.70276
0.81076 0.99644
0.36116 0.85294
0.60425 0.30230
0.69990 0.20964
0.62756 0.55297
0.61656 0.29465
0.26954 0.29253
0.31280 0.76044
0.01873 0.28386
0.98478 0.28633
0.42822 0.91709
0.19645 0.45986
0.68940 0.51712
0.86816 0.48596
0.21536 0.86176
0.58030 0.36100
0.66636 0.96072
0.29782 0.86245
0.13251 0.47533
0.56241 0.18073
0.95460 0.95617
0.24057 0.86875
0.27581 0.43296
0.00683 0.51686
0.59803 0.86700
0.58840 0.72778
0.93920 0.97324
0.09856 0.73015
0.72696 0.13700
0.15070 0.22405
0.87012 0.07355
0.78889 0.99154
0.50017 0.10857
0.63035 0.63320
0.55857 0.42577
0.07652 0.08433
0.96707 0.33021
0.35932 0.95072
0.68111 0.96255
0.58578 0.57485
0.43802 0.38562
0.81975 0.24548
0.83717 0.32147
0.17692 0.83250
0.45251 0.99970
0.15842 0.01171
0.44496 0.09404
0.48484 0.13424
0.24885 0.89612
0.79795 0.17971
0.81072 0.01232
0.39810 0.33265
0.84986 0.06461
0.47231 0.49775
0.46175 0.76803
0.97911 0.17058
0.15830 0.04521
0.33191 0.26744
0.82301 0.98747
0.49506 0.06351
0.02923 0.39085
0.67467 0.48427
0.72827 0.72685
0.46729 0.03017
0.94713 0.09389
0.24822 0.65544
0.29795 0.32362
0.47337 0.41569
0.94394 0.30529
0.01633 0.46001
0.92399 0.72971
0.03617 0.40677
0.93522 0.58706
0.57702 0.74206
0.47324 0.39277
0.05139 0.50321
0.33980 0.82492
0.14339 0.30384
0.62205 0.31246
0.91718 0.34986
0.76057 0.74096
0.31236 0.04267
0.09160 0.28574
0.61022 0.48572
0.09162 0.14335
