0.72027 0.18624
0.26543 0.02341
0.38163 0.65872
0.75831 0.12431
0.76222 0.08422
0.65839 0.45707
0.77927 0.01520
0.04182 0.51554
0.16097 0.51107
0.61718 0.41025
0.23067 0.79952
0.88931 0.45482
0.97358 0.10544
0.41607 0.29721
0.95389 0.25352
0.48320 0.68790
0.01168 0.08583
0.02329 0.00365
0.14825 0.83846
0.99303 0.38128
0.43664 0.78827
0.09892 0.38625
0.96303 0.22520
0.94705 0.10029
0.88684 0.02472
0.58786 0.23582
0.37477 0.03524
0.63185 0.22636
0.30556 0.36388
0.37415 0.05233
0.33464 0.57601
0.87804 0.64301
0.17749 0.87435
0.00298 0.04402
0.63117 0.97154
0.99742 0.46368
0.60621 0.30422
0.05892 0.39981
0.49096 0.45644
0.97235 0.00218
0.91561 0.13036
0.86111 0.22999
0.47431 0.67517
0.73415 0.65890
0.81440 0.61669
0.88154 0.07980
0.93203 0.34547
0.56119 0.52353
0.50804 0.51297
0.97712 0.45547
0.25525 0.16303
0.19812 0.95943
0.92222 0.75674
0.06229 0.10539
0.49148 0.95507
0.50779 0.76926
0.29245 0.85509
0.35717 0.57729
0.31807 0.83878
0.68499 0.82066
0.18118 0.07546
0.70710 0.84360
0.42193 0.62220
0.61109 0.11526
0.97506 0.70938
0.52248 0.79414
0.71557 0.65074
0.67761 0.86739
0.81047 0.83992
0.22702 0.79906
0.15329 0.86174
0.71573 0.18407
0.42789 0.04292
0.67630 0.57514
0.35624 0.14334
0.85612 0.26289
0.19174 0.25984
0.37452 0.53004
0.86689 0.20286
0.31405 0.29233
0.63811 0.74256
0.66193 0.30830
0.78031 0.44541
0.77451 0.36858
0.96622 0.76668
0.12725 0.50959
0.53890 0.69490
0.65226 0.00543
0.96998 0.41660
0.29847 0.05259
0.93266 0.97891
0.22445 0.44855
0.22233 0.79087
0.29431 0.06196
0.09833 0.41455
0.65142 0.99421
0.71758 0.99230
0.50784 0.18647
0.09567 0.84073
0.74521 0.06871
0.39732 0.42733
0.57505 0.51847
0.91983 0.45303
0.03788 0.00542
0.94113 0.99313
0.80448 0.38197
0.97069 0.56840
0.00698 0.06292
0.96091 0.63548
0.08393 0.51309
0.54583 0.48989
0.08484 0.17868
0.12000 0.16789
0.60869 0.95938
0.26048 0.20920
0.36366 0.81593
0.86285 0.93055
0.40798 0.94175
0.36873 0.03225
0.82400 0.46097
0.75509 0.69376
0.58509 0.47648
0.41611 0.56933
0.43440 0.74614
0.42691 0.58016
0.80109 0.18408
0.00934 0.91389
0.08458 0.57005
0.30434 0.04947
0.06703 0.91279
0.53681 0.23197
0.99335 0.54223
0.92302 0.54941
0.62572 0.98459
0.54602 0.98292
0.34742 0.23475
0.02727 0.41860
0.66827 0.39357
0.66560 0.63477
0.03381 0.29272
0.75534 0.59010
0.07801 0.57495
0.51377 0.16499
0.40930 0.43747
0.53211 0.12762
0.93425 0.04140
0.64557 0.32984
0.46032 0.09654
0.68806 0.17559
0.57222 0.81837
0.10202 0.55427
0.87114 0.21404
0.33941 0.86050
0.07333 0.93777
0.91729 0.32804
0.92771 0.51228
0.48447 0.40220
0.54279 0.48051
0.11678 0.57712
0.68962 0.72362
0.43184 0.70116
0.20255 0.60018
0.34187 0.42876
0.22567 0.74561
0.09681 0.42930
0.03689 0.19098
0.03470 0.29331
0.35003 0.66286
0.05275 0.75277
0.82150 0.40379
0.13868 0.79941
0.09973 0.28119
0.91712 0.12297
0.05823 0.69297
0.32488 0.26029
0.69087 0.98736
0.89224 0.62243
0.55438 0.88663
0.94323 0.75490
0.24544 0.85007
0.79370 0.15198
0.31729 0.49302
0.10612 0.79249
0.26677 0.91727
0.81836 0.05507
0.59925 0.19090
0.53006 0.62475
0.78702 0.66836
0.20033 0.18939
0.95423 0.13077
0.85200 0.51030
0.78632 0.75156
0.15529 0.93709
0.13964 0.46164
0.71083 0.14757
0.20568 0.36514
0.14803 0.07151
0.86136 0.21647
0.44740 0.30635
0.74185 0.45552
0.65857 0.72928
0.62953 0.75150
0.37568 0.92801
0.72282 0.86648
0.35822 0.08792
0.46044 0.55363
0.04551 0.07622
0.46114 0.84791
0.48210 0.18068
0.67828 0.46663
0.77811 0.83466
0.71951 0.50462
0.33617 0.69722
0.64574 0.17695
0.27674 0.44044
0.85006 0.34761
0.88833 0.86857
0.97712 0.91811
0.04775 0.10303
0.92802 0.03101
0.40854 0.91953
0.14868 0.42030
0.12903 0.98407
0.33530 0.05311
0.66556 0.93322
0.50049 0.19431
0.71318 0.31093
0.87950 0.69570
0.04403 0.27001
0.08807 0.63360
0.46419 0.18458
0.54807 0.39007
0.92744 0.94525
0.46414 0.03536
0.84605 0.94105
0.71589 0.92700
0.70021 0.47042
0.01681 0.68221
0.29751 0.46076
0.65186 0.03144
0.49954 0.73745
0.40665 0.60853
0.83254 0.15106
0.67425 0.89649
0.06112 0.82414
0.63599 0.65851
0.96029 0.78479
0.66130 0.10119
0.91210 0.26683
0.81721 0.19545
0.78394 0.07593
0.13331 0.21697
0.36880 0.99072
0.25230 0.71887
0.98766 0.82118
0.06497 0.41965
