0.80059 0.93611
0.90557 0.02706
0.43063 0.90247
0.78972 0.57927
0.93997 0.38901
0.65157 0.90371
0.15050 0.46093
0.61082 0.58067
0.67848 0.70517
0.23381 0.55988
0.10193 0.82592
0.32759 0.66336
0.39613 0.12598
0.95467 0.13796
0.80242 0.36625
0.44547 0.24708
0.23071 0.78486
0.85487 0.67923
0.09662 0.62840
0.98018 0.91675
0.94179 0.13775
0.89682 0.13293
0.74230 0.63994
0.33317 0.06465
0.83344 0.88811
0.97292 0.11423
0.20390 0.46470
0.89975 0.32914
0.50400 0.88133
0.25402 0.54731
0.88072 0.93329
0.08496 0.89428
0.50522 0.22206
0.46898 0.74263
0.54009 0.81758
0.75829 0.87179
0.12492 0.27523
0.98476 0.58075
0.36780 0.47108
0.46706 0.65006
0.06473 0.89159
0.66090 0.15382
0.32313 0.47854
0.01727 0.84099
0.92765 0.07305
0.86600 0.30276
0.19815 0.95258
0.49832 0.23990
0.91296 0.35368
0.34471 0.94095
0.02053 0.21829
0.32598 0.95285
0.75645 0.98180
0.15412 0.11827
0.76007 0.24519
0.29059 0.26546
0.87369 0.51889
0.48851 0.78597
0.19886 0.72437
0.09149 0.53358
0.13953 0.12699
0.81310 0.68141
0.71075 0.73199
0.02086 0.39443
0.56832 0.09308
0.40229 0.72999
0.70559 0.42557
0.34859 0.63707
0.95461 0.54811
0.68323 0.02172
0.64085 0.31350
0.85601 0.12372
0.37260 0.48087
0.48773 0.29496
0.56111 0.61261
0.54504 0.92619
0.66833 0.60182
0.88787 0.78900
0.76500 0.99714
0.97235 0.83961
0.47027 0.85862
0.24786 0.27626
0.20619 0.04752
0.92805 0.46748
0.16830 0.03614
0.92212 0.35206
0.87987 0.10674
0.10158 0.11168
0.23325 0.25344
0.05734 0.53362
0.52651 0.86309
0.97840 0.23490
0.76831 0.14272
0.07392 0.30389
0.72860 0.65935
0.97810 0.95244
0.66766 0.68183
0.17015 0.08932
0.91257 0.09341
0.67430 0.10309
0.15297 0.26203
0.22135 0.88673
0.52534 0.53863
0.14642 0.70421
0.02719 0.09862
0.78832 0.11063
0.79301 0.58884
0.16999 0.95030
0.14713 0.59890
0.72030 0.57626
0.24213 0.07365
0.25636 0.41008
0.91691 0.65933
0.26946 0.99273
0.63236 0.90739
0.46826 0.79248
0.23544 0.11178
0.53232 0.66105
0.76726 0.68770
0.88227 0.00820
0.31306 0.52257
0.77317 0.88024
0.05639 0.59596
0.78346 0.27512
0.22656 0.61718
0.53709 0.06072
0.00237 0.23852
0.54795 0.37508
0.43510 0.77458
0.00304 0.02357
0.12885 0.35688
0.26813 0.57873
0.95731 0.31064
0.65307 0.63645
0.33465 0.37795
0.88433 0.82584
0.01915 0.47584
0.58657 0.24741
0.32705 0.78970
0.53873 0.41731
0.79347 0.32948
0.03674 0.85981
0.43764 0.54000
0.49420 0.81169
0.87154 0.34058
0.11106 0.46669
0.55615 0.88592
0.48720 0.41973
0.81154 0.32782
0.76269 0.25062
0.27763 0.98413
0.57852 0.57452
0.17704 0.89862
0.99197 0.91339
0.03234 0.09638
0.56610 0.53267
0.66891 0.60888
0.21297 0.80113
0.74003 0.48842
0.23348 0.20017
0.40159 0.22602
0.39769 0.53769
0.72575 0.54025
0.20613 0.21381
0.96062 0.66027
0.46759 0.32750
0.90041 0.65586
0.11453 0.01808
0.79566 0.36172
0.77765 0.35777
0.19351 0.97018
0.09395 0.47380
0.68879 0.69496
0.18122 0.45276
0.77452 0.41097
0.71332 0.08263
0.03311 0.92712
0.20689 0.93410
0.50573 0.56089
0.46515 0.30528
0.09145 0.37936
0.69470 0.96400
0.34129 0.92261
0.53219 0.05477
0.30114 0.31668
0.25607 0.04991
0.55224 0.71956
0.77277 0.85005
0.59776 0.26086
0.88227 0.99883
0.82471 0.28530
0.67277 0.44620
0.08577 0.50775
0.68927 0.68526
0.05010 0.49938
0.15290 0.49715
0.19391 0.65832
0.24062 0.43728
0.39797 0.00504
0.07931 0.61057
0.51510 0.47649
0.37705 0.78849
0.15894 0.39247
0.79084 0.78206
0.16065 0.38709
0.43632 0.35574
0.31892 0.60684
0.44729 0.54981
0.97235 0.04070
0.24467 0.50564
0.08947 0.99988
0.84646 0.81073
0.70585 0.43366
0.94516 0.21048
0.89952 0.46231
0.43997 0.34942
0.64909 0.10307
0.73290 0.34872
0.32419 0.57811
0.56387 0.55519
0.81892 0.91010
0.77129 0.92734
0.87239 0.44986
0.36360 0.01882
0.03233 0.90577
0.40979 0.89402
0.34078 0.37903
0.51566 0.67317
0.33106 0.40213
0.73528 0.65195
0.67342 0.46623
0.14912 0.01759
0.67916 0.62865
0.56471 0.48848
0.93926 0.04747
0.82994 0.16008
0.23584 0.21366
0.12302 0.75482
0.01953 0.24640
0.90009 0.21489
0.59139 0.10778
0.92336 0.07537
0.72515 0.98605
0.57799 0.97874
0.72816 0.22097
0.95711 0.40764
0.06969 0.79956
0.28779 0.87406
0.84896 0.90021
0.51035 0.12353
0.12294 0.51973
0.85224 0.37625
0.54198 0.68591
0.37535 0.32624
0.17411 0.80527
0.86012 0.61508
