0.32522 0.01195
0.01544 0.19653
0.13087 0.25128
0.51883 0.87464
0.65050 0.48786
0.91343 0.40887
0.21534 0.93633
0.36593 0.18466
0.89821 0.99268
0.76811 0.42555
0.83697 0.88874
0.86913 0.51234
0.87734 0.95653
0.89884 0.50627
0.61334 0.99985
0.19448 0.22033
0.87225 0.68933
0.04880 0.84534
0.69497 0.47113
0.27503 0.48325
0.84826 0.28714
0.56080 0.94342
0.69222 0.74382
0.68499 0.70035
0.67959 0.94129
0.41316 0.36319
0.52227 0.69358
0.47241 0.98567
0.97190 0.44202
0.52500 0.95821
0.90180 0.87174
0.88586 0.93583
0.68272 0.36143
0.59525 0.64050
0.38475 0.68142
0.86403 0.26630
0.15716 0.74511
0.49357 0.77664
0.16104 0.73760
0.90104 0.55643
0.34781 0.81219
0.29036 0.50582
0.98026 0.13120
0.00624 0.99809
0.44308 0.02705
0.83467 0.27113
0.72687 0.85917
0.52385 0.50183
0.11339 0.81634
0.94406 0.75782
0.11721 0.27413
0.42289 0.04276
0.03220 0.81753
0.89486 0.93696
0.28531 0.76555
0.77856 0.98613
0.54955 0.68029
0.65779 0.28267
0.96953 0.80088
0.69632 0.33184
0.22507 0.92127
0.79717 0.34661
0.45501 0.67479
0.74081 0.80630
0.65527 0.94308
0.24031 0.21438
0.72617 0.67443
0.42619 0.18871
0.54137 0.47924
0.34276 0.07441
0.71240 0.35656
0.39781 0.25992
0.19624 0.37375
0.76592 0.02165
0.06897 0.28979
0.16868 0.47626
0.34586 0.21637
0.94636 0.99229
0.02453 0.55188
0.06214 0.36626
0.76998 0.37901
0.55196 0.22964
0.12525 0.90921
0.95061 0.48162
0.41440 0.51810
0.00015 0.77650
0.14048 0.54312
0.83442 0.01201
0.91049 0.26942
0.88952 0.59873
0.19945 0.40507
0.36978 0.18356
0.87959 0.63761
0.04751 0.72666
0.87613 0.69631
0.61627 0.60159
0.73558 0.62203
0.70676 0.52541
0.47969 0.38525
0.32883 0.93265
0.96942 0.17036
0.62395 0.06258
0.19293 0.13859
0.76889 0.07230
0.54104 0.81237
0.73616 0.65422
0.25580 0.17348
0.53674 0.71206
0.57811 0.18501
0.21517 0.66388
0.03108 0.94895
0.76889 0.35401
0.46483 0.69515
0.64919 0.87661
0.56634 0.40589
0.65546 0.88295
0.64863 0.29107
0.79111 0.02287
0.55456 0.24150
0.70583 0.22952
0.94329 0.49247
0.23000 0.86798
0.87526 0.68055
0.31785 0.31135
0.04496 0.71193
0.59621 0.05440
0.59884 0.72424
0.69531 0.69039
0.35333 0.50216
0.14634 0.34547
0.18644 0.29870
0.39583 0.38022
0.42022 0.50841
0.50166 0.15701
0.44025 0.49720
0.75629 0.95307
0.24394 0.27461
0.00584 0.00741
0.27718 0.82398
0.26767 0.41004
0.21918 0.05230
0.95936 0.92018
0.89583 0.77120
0.41790 0.70929
0.50926 0.13516
0.26147 0.12043
0.66545 0.28293
0.00883 0.42154
0.91251 0.00171
0.07583 0.77259
0.35629 0.84222
0.40563 0.82841
0.84918 0.99803
0.56011 0.22990
0.10123 0.79352
0.12517 0.42587
0.70791 0.40276
0.55331 0.66751
0.02420 0.53871
0.78970 0.40205
0.52304 0.36913
0.92933 0.08378
0.59884 0.34086
0.99770 0.14735
0.98083 0.93176
0.47794 0.61623
0.15073 0.19232
0.16030 0.66238
0.71896 0.61201
0.19871 0.87310
0.70544 0.20087
0.14728 0.62684
0.58213 0.50106
0.17164 0.77930
0.08755 0.19117
0.60261 0.02537
0.01017 0.53668
0.53062 0.61174
0.99629 0.45249
0.61668 0.27784
0.29224 0.04550
0.94867 0.74475
0.80721 0.51980
0.97632 0.64173
0.09371 0.04108
0.08863 0.51870
0.53796 0.50133
0.44826 0.19650
0.74645 0.79212
0.99765 0.33632
0.89464 0.74000
0.11153 0.36482
0.12093 0.13133
0.76264 0.64043
0.29974 0.96299
0.66133 0.10330
0.54732 0.71591
0.24662 0.85907
0.19504 0.02382
0.85045 0.35663
0.08321 0.25401
0.34318 0.30610
0.55431 0.09376
0.71797 0.11643
0.86791 0.24944
0.09667 0.56311
0.44425 0.92734
0.07828 0.94189
0.04275 0.22551
0.02438 0.54092
0.56926 0.13186
0.52422 0.61914
0.18928 0.50855
0.62305 0.19603
0.69991 0.32810
0.04476 0.86589
0.49785 0.00397
0.22631 0.91616
0.65758 0.23760
0.56986 0.98581
0.90732 0.57315
0.82659 0.85446
0.51751 0.90036
0.85317 0.80695
0.20519 0.85275
0.23902 0.79007
0.81125 0.26449
0.71469 0.75982
0.93038 0.68289
0.99930 0.42905
0.19160 0.07411
0.80801 0.92303
0.46597 0.13060
0.00258 0.02690
0.11332 0.98313
0.24350 0.78007
0.38771 0.60833
0.82620 0.10646
0.12338 0.87115
0.24883 0.60715
0.57697 0.05232
0.34858 0.05352
0.97010 0.13161
0.55793 0.63952
0.79026 0.21305
0.35581 0.84786
0.53671 0.03203
0.51068 0.95573
0.43547 0.57710
0.95977 0.00571
0.67120 0.75664
0.69777 0.42482
0.94476 0.44687
0.80654 0.33074
0.34039 0.72216
0.40641 0.32627
