0.99806 0.70755
0.49596 0.01320
0.81029 0.89337
0.99435 0.78934
0.97807 0.82426
0.39041 0.44999
0.74740 0.27555
0.74144 0.96186
0.26136 0.46587
0.02347 0.65588
0.75603 0.81147
0.53273 0.25973
0.14987 0.34054
0.97509 0.55078
0.09900 0.63309
0.15516 0.29011
0.70709 0.64906
0.30064 0.00836
0.06597 0.32614
0.59504 0.25679
0.70706 0.58385
0.78877 0.43123
0.20463 0.86616
0.54969 0.91522
0.09504 0.18761
0.09757 0.94971
0.98735 0.72685
0.12909 0.18651
0.54947 0.64968
0.08164 0.06771
0.34178 0.12858
0.96090 0.14926
0.33233 0.46468
0.93700 0.99534
0.74629 0.83478
0.37581 0.17199
0.71882 0.58218
0.89470 0.71824
0.44304 0.71300
0.54710 0.59688
0.80798 0.94784
0.65498 0.57646
0.05956 0.53328
0.15566 0.18527
0.08245 0.82490
0.81014 0.31817
0.99504 0.75222
0.80273 0.07875
0.64086 0.44311
0.27883 0.84281
0.14318 0.28739
0.17639 0.60696
0.51230 0.87489
0.00130 0.17009
0.08326 0.33449
0.59620 0.97718
0.62512 0.20103
0.40480 0.34752
0.44465 0.89869
0.45073 0.64906
0.27086 0.28937
0.67491 0.79948
0.80444 0.69136
0.16708 0.72402
0.43085 0.24170
0.91659 0.30231
0.25871 0.13240
0.32007 0.39176
0.61779 0.09610
0.13780 0.88806
0.28872 0.20984
0.58559 0.30495
0.04342 0.45650
0.40463 0.03397
0.63724 0.94576
0.16671 0.39155
0.91147 0.73791
0.05950 0.88138
0.43439 0.71669
0.93975 0.96314
0.54406 0.62567
0.69313 0.90346
0.41055 0.02453
0.89113 0.21366
0.42483 0.21403
0.64680 0.20137
0.48284 0.28170
0.25559 0.37846
0.64174 0.11952
0.12849 0.21707
0.95271 0.79021
0.79759 0.41477
0.66334 0.15081
0.23732 0.57946
0.17342 0.63288
0.31187 0.96808
0.01012 0.01019
0.73079 0.21772
0.99642 0.45984
0.95501 0.94561
0.66220 0.57672
0.19601 0.77056
0.28228 0.27558
0.04409 0.57822
0.24991 0.82492
0.28054 0.67000
0.73673 0.75770
0.61436 0.37883
0.36032 0.72962
0.87176 0.19168
0.62447 0.54262
0.11336 0.94752
0.54443 0.05937
0.05328 0.10489
0.26549 0.00432
0.79052 0.74514
0.03120 0.71938
0.10887 0.43013
0.02766 0.27324
0.49354 0.02303
0.05019 0.34126
0.13666 0.77348
0.48456 0.33197
0.61001 0.65659
0.33328 0.77411
0.35911 0.76399
0.58810 0.76211
0.00181 0.87931
0.84488 0.67027
0.79930 0.21375
0.41691 0.93854
0.51863 0.47894
0.77086 0.41508
0.12325 0.33883
0.58060 0.37392
0.95969 0.23066
0.48816 0.74494
0.52182 0.97767
0.52140 0.23555
0.36029 0.36094
0.25269 0.94118
0.52865 0.02454
0.18449 0.33511
0.86280 0.42383
0.24897 0.20263
0.90661 0.40315
0.24177 0.64926
0.57636 0.00252
0.17342 0.22493
0.74835 0.05972
0.38122 0.69003
0.79554 0.50740
0.24967 0.10471
0.10136 0.48995
0.83357 0.90321
0.56264 0.14020
0.16776 0.46029
0.19694 0.23767
0.00058 0.69013
0.04641 0.80309
0.95904 0.59814
0.28298 0.29723
0.26045 0.77139
0.63568 0.05845
0.89322 0.82011
0.81664 0.10034
0.12850 0.43940
0.95089 0.37810
0.59135 0.45510
0.89616 0.23972
0.52013 0.70879
0.17350 0.33020
0.41831 0.44875
0.79731 0.52692
0.39418 0.65825
0.19372 0.02177
0.89205 0.10694
0.43758 0.08700
0.84759 0.53493
0.51289 0.65781
0.70871 0.05648
0.43716 0.93087
0.07342 0.85913
0.59505 0.03647
0.90000 0.39814
0.60418 0.39439
0.30556 0.70214
0.76043 0.07507
0.73955 0.48895
0.91246 0.75598
0.45119 0.08484
0.61825 0.63601
0.72800 0.01858
0.70042 0.74461
0.31963 0.75359
0.51960 0.06287
0.38905 0.77055
0.31652 0.71870
0.06361 0.32671
0.63126 0.91485
0.97918 0.93411
0.77792 0.28145
0.35227 0.91270
0.84643 0.73487
0.16099 0.99067
0.08108 0.25209
0.88366 0.46553
0.22857 0.82717
0.00942 0.59559
0.09555 0.28181
0.77081 0.35677
0.28651 0.46915
0.78608 0.11149
0.42625 0.17340
0.20784 0.74968
0.45508 0.29228
0.81416 0.08511
0.81701 0.84626
0.01486 0.62390
0.52536 0.75846
0.42088 0.16032
0.60845 0.17938
0.37022 0.85698
0.65308 0.03807
0.58916 0.51685
0.73227 0.40716
0.33913 0.44730
0.46793 0.45268
0.39030 0.89470
0.71140 0.61891
0.70378 0.03960
0.80118 0.78672
0.42713 0.63365
0.11916 0.26648
0.17017 0.91222
0.10725 0.11436
0.99107 0.85339
0.45279 0.96373
0.94537 0.37440
0.15605 0.33321
0.87409 0.30599
0.25904 0.02476
0.02998 0.26568
0.57507 0.02019
0.16796 0.56278
0.43621 0.56036
0.45669 0.35201
0.67976 0.65315
0.29603 0.56173
0.58800 0.62287
0.73388 0.82923
0.64244 0.25166
0.09351 0.23048
0.86110 0.03211
0.87082 0.34873
0.41761 0.49103
