0.89524 0.11684
0.85571 0.69525
0.50169 0.97635
0.95807 0.10000
0.62703 0.27949
0.91566 0.56851
0.58371 0.66316
0.62550 0.05984
0.14800 0.87312
0.63875 0.81543
0.56505 0.14058
0.76291 0.54969
0.92555 0.88270
0.52386 0.96182
0.95959 0.45483
0.66110 0.60577
0.54294 0.97651
0.44058 0.30678
0.55165 0.57295
0.15428 0.66925
0.83677 0.74620
0.91291 0.71319
0.99191 0.12675
0.18045 0.15634
0.69491 0.01602
0.87596 0.07003
0.81466 0.74150
0.31082 0.16749
0.54034 0.96164
0.79457 0.83435
0.96941 0.71009
0.05509 0.95811
0.52971 0.87768
0.57868 0.68524
0.44418 0.69852
0.29854 0.51745
0.05333 0.14243
0.00610 0.07207
0.54710 0.50342
0.89612 0.72018
0.48232 0.05481
0.33095 0.44701
0.34390 0.85666
0.01074 0.68119
0.59433 0.64840
0.68366 0.20695
0.29564 0.61508
0.88488 0.45390
0.18178 0.34686
0.40239 0.80149
0.74224 0.29631
0.27144 0.72338
0.81233 0.42794
0.70797 0.18111
0.95653 0.62827
0.28889 0.00244
0.90906 0.26233
0.90822 0.33491
0.98868 0.21043
0.10561 0.21555
0.37907 0.66657
0.31394 0.92134
0.49752 0.93571
0.44228 0.40360
0.70885 0.47452
0.28665 0.35807
0.90637 0.92499
0.22268 0.48386
0.38197 0.04110
0.88328 0.99141
0.96043 0.38279
0.78228 0.88961
0.45260 0.94345
0.65203 0.59140
0.10492 0.45842
0.68188 0.15619
0.29533 0.25778
0.62562 0.48904
0.28182 0.37908
0.38156 0.78034
0.00839 0.09286
0.48034 0.82543
0.49543 0.22615
0.03444 0.44985
0.12896 0.90092
0.89659 0.73167
0.73460 0.02426
0.74795 0.33705
0.04965 0.96422
0.83448 0.81909
0.36508 0.01517
0.07725 0.38415
0.19345 0.87984
0.40820 0.98199
0.31309 0.72126
0.45337 0.19104
0.87006 0.85702
0.47441 0.34235
0.65054 0.34047
0.50687 0.83127
0.23607 0.37075
0.36409 0.54220
0.67346 0.00346
0.28424 0.46001
0.89811 0.04122
0.39774 0.41391
0.38427 0.58028
0.29142 0.98011
0.82584 0.68865
0.09906 0.62748
0.48760 0.50518
0.32606 0.50141
0.26419 0.44480
0.48031 0.21235
0.08715 0.55645
0.06922 0.54679
0.68309 0.39473
0.41068 0.20978
0.99907 0.61747
0.11832 0.18128
0.46179 0.54213
0.00753 0.95879
0.94374 0.52632
0.95601 0.70379
0.47373 0.48664
0.03388 0.05915
0.65531 0.56070
0.59034 0.65506
0.84882 0.94820
0.22281 0.58023
0.56328 0.99453
0.47706 0.22271
0.26408 0.99977
0.68465 0.37082
0.09099 0.75174
0.76048 0.80417
0.15717 0.09757
0.79414 0.33870
0.02494 0.28495
0.81039 0.18311
0.22715 0.17016
0.53027 0.75913
0.67937 0.76942
0.94134 0.13931
0.70275 0.27250
0.51861 0.97623
0.60946 0.73382
0.06397 0.38781
0.38459 0.80737
0.23848 0.15373
0.42879 0.91227
0.30023 0.45892
0.47171 0.19389
0.14739 0.82955
0.69266 0.43324
0.31125 0.79310
0.54652 0.41999
0.33983 0.14484
0.80463 0.12088
0.92644 0.23372
0.27115 0.56770
0.04087 0.11693
0.28067 0.02022
0.68040 0.50646
0.96865 0.89801
0.71646 0.94956
0.98825 0.87242
0.62310 0.67819
0.88222 0.35781
0.80215 0.10665
0.03697 0.24479
0.74108 0.32354
0.95598 0.33518
0.11484 0.95605
0.35967 0.52717
0.41198 0.42540
0.56623 0.85325
0.87753 0.94483
0.78190 0.22563
0.48553 0.61060
0.45678 0.86183
0.19880 0.54165
0.96343 0.41198
0.47358 0.78726
0.11917 0.22411
0.12802 0.15726
0.27243 0.62369
0.39785 0.93067
0.86522 0.45721
0.41134 0.13362
0.61889 0.09763
0.19641 0.25272
0.07650 0.53341
0.03212 0.01087
0.99563 0.53464
0.28682 0.69786
0.63489 0.07527
0.43204 0.25088
0.37569 0.57456
0.95133 0.32031
0.72047 0.84421
0.47274 0.27105
0.77586 0.01339
0.04648 0.58213
0.80191 0.04840
0.09316 0.17340
0.69454 0.96390
0.12456 0.87801
0.82236 0.37822
0.71235 0.86765
0.23208 0.15369
0.38131 0.94449
0.45602 0.98805
0.60437 0.06478
0.49590 0.03018
0.53110 0.44166
0.31891 0.29307
0.47746 0.40766
0.63884 0.30752
0.60605 0.82853
0.74870 0.88619
0.16677 0.54275
0.43752 0.09463
0.95957 0.03783
0.26168 0.54799
0.24394 0.46538
0.49974 0.05730
0.09163 0.36365
0.99892 0.34902
0.65062 0.07904
0.60205 0.61285
0.72957 0.23671
0.38434 0.77478
0.50720 0.42213
0.36687 0.95083
0.77665 0.63790
0.86207 0.36123
0.93942 0.56296
0.63683 0.67225
0.70080 0.28399
0.79741 0.87190
0.93113 0.82408
0.55896 0.31785
0.66583 0.75384
0.38901 0.51064
0.21002 0.74705
0.75056 0.38594
0.73244 0.24569
0.91023 0.65615
0.75224 0.80811
0.90087 0.96837
0.77187 0.77578
0.78538 0.63417
0.65489 0.96780
0.43674 0.02336
0.37701 0.19243
