0.63811 0.43854
0.21419 0.59883
0.33000 0.52388
0.25576 0.13728
0.67004 0.08460
0.83396 0.51390
0.06148 0.22109
0.50252 0.59275
0.74055 0.67984
0.41753 0.41053
0.49302 0.73469
0.01926 0.27578
0.50388 0.41619
0.03244 0.35066
0.21982 0.73833
0.62836 0.77350
0.01610 0.81929
0.44430 0.05575
0.07328 0.83565
0.19083 0.70192
0.28402 0.05806
0.39712 0.47295
0.92683 0.37050
0.83520 0.81873
0.53252 0.38439
0.67391 0.58755
0.29697 0.76605
0.29832 0.78783
0.50992 0.37670
0.37540 0.26791
0.94198 0.82361
0.32618 0.43611
0.60774 0.69335
0.96409 0.83846
0.82030 0.50223
0.03840 0.83166
0.72380 0.54051
0.92578 0.30243
0.62794 0.66517
0.98685 0.10926
0.02970 0.46877
0.47613 0.29156
0.42770 0.75088
0.72711 0.05162
0.02622 0.23396
0.59559 0.63521
0.44543 0.05980
0.47484 0.58020
0.65155 0.68410
0.66089 0.78214
0.13372 0.41061
0.01342 0.28414
0.39962 0.60990
0.36698 0.88167
0.94438 0.71445
0.31107 0.25535
0.95958 0.07087
0.42008 0.99333
0.45421 0.06001
0.31790 0.52718
0.58646 0.38611
0.17997 0.25215
0.79792 0.43509
0.57199 0.33634
0.71783 0.11843
0.91036 0.10956
0.69933 0.99371
0.42360 0.68272
0.93691 0.27542
0.30487 0.33986
0.51558 0.50468
0.54322 0.50135
0.74329 0.39057
0.13658 0.64305
0.38107 0.45737
0.82910 0.12266
0.75575 0.19102
0.59487 0.44897
0.92194 0.11543
0.39599 0.44395
0.77890 0.52941
0.31543 0.46385
0.22715 0.06768
0.50627 0.81206
0.60883 0.12452
0.23297 0.30054
0.11090 0.08712
0.34283 0.97423
0.31810 0.39393
0.46917 0.41042
0.10373 0.73540
0.46878 0.17893
0.98335 0.71594
0.54391 0.69584
0.08924 0.00340
0.72775 0.88511
0.06403 0.63507
0.22881 0.76521
0.70116 0.12599
0.81273 0.64677
0.90978 0.90850
0.36316 0.27895
0.58975 0.19381
0.27449 0.02281
0.85305 0.23788
0.58209 0.21111
0.25044 0.93779
0.38956 0.23608
0.96906 0.84672
0.19375 0.19285
0.76212 0.60131
0.71398 0.40404
0.27401 0.80178
0.01063 0.62896
0.80803 0.74630
0.46579 0.55320
0.09311 0.86738
0.59648 0.54896
0.25359 0.94548
0.24262 0.28405
0.42574 0.32331
0.39448 0.80715
0.15219 0.66723
0.78411 0.16592
0.40253 0.52182
0.47985 0.87737
0.76494 0.52494
0.02310 0.24368
0.65151 0.29897
0.07169 0.67930
0.09804 0.75210
0.61781 0.30176
0.61447 0.70305
0.36974 0.36849
0.45514 0.49798
0.14615 0.28251
0.23748 0.19243
0.17194 0.31191
0.12887 0.49624
0.84173 0.67914
0.72299 0.45635
0.93477 0.79001
0.24737 0.62819
0.43121 0.26493
0.10235 0.16994
0.78904 0.16236
0.20586 0.90592
0.56815 0.23476
0.62550 0.41949
0.11301 0.30797
0.42250 0.81270
0.78476 0.19650
0.07908 0.77681
0.55162 0.98175
0.34634 0.58093
0.06222 0.49390
0.88948 0.31852
0.11831 0.31656
0.23701 0.98811
0.41208 0.45556
0.47855 0.05936
0.28680 0.28511
0.62395 0.40421
0.65207 0.50139
0.81539 0.78850
0.98770 0.08238
0.43284 0.63986
0.75545 0.29060
0.08456 0.74343
0.90587 0.52540
0.98561 0.98790
0.91704 0.08882
0.69715 0.86026
0.51148 0.96074
0.61482 0.05936
0.08757 0.11195
0.60260 0.47114
0.54205 0.11614
0.78772 0.00136
0.54704 0.76167
0.53099 0.04945
0.33556 0.53015
0.21623 0.52270
0.26507 0.96201
0.46409 0.45151
0.98026 0.62310
0.70742 0.48445
0.46066 0.63525
0.15193 0.23910
0.55828 0.14264
0.76131 0.53507
0.86996 0.56563
0.83625 0.12551
0.28297 0.63556
0.47268 0.75323
0.99531 0.16356
0.94258 0.00557
0.43160 0.94571
0.69116 0.33498
0.63101 0.03376
0.89888 0.54514
0.64513 0.07454
0.58457 0.27151
0.25875 0.93575
0.21859 0.93889
0.26576 0.00469
0.12402 0.99723
0.28960 0.41519
0.52540 0.56486
0.59018 0.30627
0.90640 0.43874
0.36223 0.36535
0.11562 0.76033
0.54008 0.44717
0.34536 0.28491
0.31480 0.94546
0.34007 0.32395
0.53712 0.96451
0.13910 0.53983
0.50189 0.59174
0.49720 0.51734
0.63709 0.31942
0.33789 0.64605
0.63712 0.76034
0.00979 0.76425
0.39565 0.74035
0.90481 0.59601
0.45059 0.51098
0.33685 0.03620
0.80828 0.85646
0.28184 0.21339
0.47488 0.11433
0.26413 0.73245
0.81934 0.20728
0.33898 0.74048
0.35944 0.61819
0.07633 0.61025
0.22870 0.56657
0.06982 0.88208
0.29722 0.93289
0.67602 0.53101
0.71755 0.70830
0.61858 0.52555
0.42314 0.38434
0.26925 0.14557
0.08281 0.01629
0.00624 0.72970
0.04714 0.86383
0.47544 0.18807
0.69880 0.49347
0.57831 0.34480
0.80164 0.52070
0.37997 0.11314
0.52850 0.04151
0.74364 0.18843
0.65092 0.79170
