0.84281 0.75619
0.53539 0.22851
0.55787 0.71486
0.41663 0.17723
0.42773 0.16343
0.97728 0.82211
0.51809 0.25620
0.05879 0.52155
0.86647 0.86204
0.77825 0.94298
0.26036 0.68139
0.81758 0.03647
0.77490 0.06214
0.66716 0.64574
0.90772 0.24707
0.79140 0.37515
0.33334 0.31867
0.24336 0.08844
0.31000 0.16530
0.09435 0.93269
0.55530 0.41934
0.54724 0.18607
0.78211 0.81995
0.65847 0.65966
0.71248 0.24318
0.38352 0.27153
0.89260 0.49235
0.51883 0.67303
0.66657 0.70111
0.09969 0.03322
0.09010 0.42419
0.23529 0.09076
0.85626 0.30596
0.21975 0.10351
0.17167 0.74763
0.89266 0.30164
0.78555 0.10149
0.56638 0.24998
0.12138 0.11681
0.63266 0.13824
0.44972 0.36360
0.68559 0.70020
0.88631 0.82121
0.61457 0.23643
0.53221 0.32415
0.15910 0.21402
0.06054 0.71478
0.68587 0.16694
0.64493 0.69019
0.36414 0.04669
0.03251 0.30574
0.55114 0.46474
0.79760 0.63847
0.21023 0.41852
0.55812 0.49619
0.05909 0.87930
0.70392 0.16386
0.45891 0.17700
0.78683 0.64481
0.26246 0.39155
0.62759 0.64550
0.90938 0.79174
0.46638 0.39164
0.64472 0.88006
0.35007 0.22894
0.33063 0.06458
0.74373 0.72361
0.04215 0.07992
0.02069 0.64540
0.94820 0.23365
0.27352 0.05194
0.33600 0.57286
0.16954 0.01746
0.71208 0.75055
0.14709 0.13603
0.78245 0.22058
0.58777 0.57734
0.47043 0.91834
0.39794 0.11074
0.74441 0.07412
0.38765 0.45901
0.56485 0.70662
0.56145 0.12848
0.08018 0.61763
0.23438 0.00849
0.20510 0.69000
0.79326 0.86302
0.76951 0.36303
0.01346 0.61074
0.03493 0.76678
0.54914 0.39786
0.04516 0.07525
0.60513 0.58724
0.50659 0.77163
0.53691 0.03557
0.67052 0.21995
0.47181 0.21295
0.15322 0.53474
0.63087 0.21562
0.13503 0.00727
0.08594 0.43408
0.02975 0.14188
0.19752 0.73137
0.64479 0.51200
0.11494 0.93134
0.58492 0.73879
0.21969 0.02251
0.86714 0.23976
0.07974 0.17822
0.70528 0.93667
0.19531 0.51874
0.79915 0.09320
0.88201 0.97191
0.16529 0.40222
0.36703 0.26293
0.45712 0.56374
0.16409 0.54497
0.34166 0.73466
0.37812 0.55592
0.30010 0.84513
0.10582 0.74342
0.86726 0.07105
0.01079 0.06146
0.31699 0.45464
0.18637 0.57579
0.37802 0.31952
0.78869 0.23321
0.40322 0.68822
0.76075 0.33764
0.90501 0.23449
0.02170 0.49749
0.71492 0.55363
0.76323 0.36239
0.58471 0.06463
0.52198 0.86982
0.89566 0.02524
0.91720 0.00688
0.06402 0.67788
0.25431 0.82463
0.81579 0.73575
0.01613 0.71934
0.30672 0.87227
0.73133 0.09260
0.86023 0.78105
0.76436 0.98630
0.25827 0.81966
0.65356 0.02002
0.45320 0.38859
0.11657 0.95204
0.29535 0.04938
0.40001 0.80945
0.44117 0.33344
0.04075 0.18281
0.38686 0.32137
0.38786 0.24926
0.59311 0.78164
0.95211 0.97050
0.05706 0.68822
0.37728 0.95676
0.48596 0.33898
0.23920 0.41712
0.92561 0.28459
0.55219 0.17005
0.53876 0.50125
0.50582 0.81722
0.58831 0.37202
0.79966 0.58127
0.92193 0.21967
0.42147 0.76602
0.49583 0.01782
0.66485 0.22426
0.29966 0.14222
0.26655 0.51067
0.18855 0.65740
0.75501 0.43401
0.19593 0.94383
0.86772 0.06896
0.77900 0.83682
0.23138 0.26135
0.90538 0.45591
0.75837 0.44433
0.89510 0.36477
0.80444 0.82541
0.38916 0.97343
0.36763 0.86766
0.00107 0.85263
0.78919 0.78045
0.27827 0.22194
0.35806 0.12102
0.35594 0.08459
0.86046 0.56204
0.69221 0.68971
0.47704 0.37357
0.23560 0.25714
0.00216 0.64858
0.53395 0.13751
0.51102 0.51034
0.68595 0.08458
0.07342 0.80219
0.97112 0.32164
0.88085 0.38260
0.30446 0.46262
0.07295 0.94744
0.98834 0.17901
0.89454 0.56641
0.37535 0.06204
0.15305 0.87754
0.67607 0.73788
0.98888 0.93191
0.71869 0.43512
0.36511 0.84929
0.55902 0.94091
0.83948 0.19616
0.55095 0.75064
0.00318 0.94380
0.61469 0.23508
0.61124 0.27259
0.70339 0.93283
0.34964 0.13903
0.67692 0.79941
0.35884 0.38580
0.90806 0.40902
0.51972 0.65196
0.37531 0.70075
0.18314 0.85577
0.74759 0.74505
0.15409 0.34104
0.51048 0.30897
0.52233 0.28504
0.28056 0.78466
0.10626 0.86858
0.37923 0.32005
0.45593 0.43179
0.14507 0.70103
0.50802 0.65542
0.84062 0.37624
0.07011 0.44163
0.84807 0.01450
0.73564 0.44238
0.18727 0.55009
0.14208 0.89912
0.57790 0.39784
0.41086 0.53973
0.59096 0.38935
0.49166 0.45116
0.92142 0.61055
0.27913 0.11497
0.05606 0.38715
0.75454 0.50007
0.65460 0.67056
0.79799 0.31235
0.09822 0.66441
0.90193 0.78906
0.43654 0.19645
0.37444 0.34775
0.39728 0.78680
