0.09082 0.92853
0.37417 0.63160
0.65651 0.50777
0.34905 0.15499
0.10586 0.87831
0.69631 0.82264
0.13967 0.85752
0.26866 0.93061
0.27082 0.81369
0.83766 0.20690
0.42870 0.69447
0.64304 0.86782
0.15603 0.82458
0.12780 0.84631
0.38092 0.31011
0.54429 0.66893
0.45894 0.13941
0.33528 0.51294
0.66221 0.10671
0.74709 0.70675
0.33004 0.42945
0.92672 0.23808
0.05009 0.14637
0.99508 0.11712
0.72453 0.14045
0.52908 0.87450
0.39276 0.54474
0.56179 0.19771
0.64733 0.61582
0.21444 0.29986
0.50255 0.69736
0.27589 0.03364
0.87478 0.92685
0.60226 0.41871
0.63135 0.90858
0.80319 0.18604
0.68769 0.63061
0.56721 0.00160
0.27594 0.08995
0.51280 0.06820
0.45470 0.55792
0.91853 0.71481
0.27396 0.17252
0.97011 0.59578
0.01024 0.89331
0.96255 0.91730
0.00327 0.25034
0.10302 0.15886
0.07428 0.32331
0.74498 0.81664
0.23825 0.40826
0.71212 0.21300
0.96928 0.19419
0.52070 0.88724
0.58866 0.60499
0.12192 0.25732
0.96277 0.80513
0.22655 0.17387
0.10747 0.70704
0.39051 0.86056
0.24120 0.75998
0.63845 0.76585
0.82806 0.13207
0.10747 0.59226
0.96509 0.68521
0.82260 0.13700
0.57281 0.09198
0.67402 0.92866
0.09533 0.86393
0.60726 0.07131
0.38267 0.89930
0.49815 0.67633
0.31077 0.24052
0.47457 0.25240
0.23328 0.10203
0.28808 0.54995
0.13526 0.04239
0.74578 0.69411
0.01614 0.93149
0.50820 0.46423
0.78045 0.18020
0.56747 0.28525
0.12243 0.39626
0.46922 0.35124
0.26585 0.73588
0.45567 0.70234
0.36049 0.30468
0.34009 0.90885
0.08254 0.64551
0.75439 0.55196
0.96368 0.21818
0.43039 0.15985
0.28591 0.86767
0.04037 0.61757
0.94774 0.73474
0.04288 0.61864
0.49846 0.57527
0.01896 0.58247
0.26278 0.70806
0.42152 0.61507
0.27391 0.10360
0.25333 0.15304
0.14646 0.15629
0.75763 0.31642
0.87211 0.44881
0.33623 0.70479
0.06930 0.30265
0.78582 0.23679
0.51867 0.36063
0.94586 0.55055
0.46450 0.99714
0.26157 0.76506
0.09681 0.67753
0.66524 0.46349
0.93489 0.79589
0.55777 0.14647
0.00001 0.16572
0.15010 0.97934
0.00878 0.51134
0.32453 0.67048
0.08289 0.51344
0.15104 0.18780
0.00578 0.29278
0.69083 0.29664
0.98104 0.76907
0.92377 0.21134
0.86620 0.62133
0.84699 0.69938
0.54596 0.34755
0.74170 0.83021
0.78465 0.37522
0.85710 0.25281
0.42170 0.24992
0.33089 0.22562
0.15152 0.02065
0.84473 0.39450
0.77039 0.70233
0.51413 0.82681
0.65446 0.98680
0.40008 0.21832
0.55965 0.92853
0.92837 0.11169
0.84538 0.38154
0.04207 0.23981
0.56983 0.49574
0.57261 0.56242
0.51469 0.76391
0.39368 0.88164
0.93510 0.91444
0.10726 0.36978
0.50589 0.71167
0.84852 0.88793
0.06448 0.70868
0.82026 0.51250
0.50993 0.95697
0.48675 0.30917
0.74541 0.29902
0.92755 0.13432
0.36917 0.24566
0.38563 0.03243
0.79666 0.48822
0.91284 0.53846
0.31016 0.00205
0.68708 0.62083
0.41057 0.25957
0.37389 0.49729
0.83437 0.88540
0.52281 0.80748
0.90280 0.24172
0.01327 0.59594
0.26198 0.72381
0.20421 0.29313
0.19380 0.87191
0.75532 0.43373
0.65516 0.06843
0.43803 0.39471
0.87405 0.09350
0.27469 0.04551
0.75814 0.05376
0.65394 0.59324
0.55254 0.59879
0.11776 0.42288
0.05426 0.24108
0.59911 0.66518
0.60455 0.45532
0.01571 0.09794
0.53565 0.26670
0.49935 0.96757
0.87908 0.66954
0.02658 0.37693
0.00653 0.42170
0.65281 0.15465
0.09960 0.24559
0.16200 0.96424
0.42515 0.32002
0.13421 0.76938
0.70048 0.04578
0.26132 0.23862
0.58350 0.12870
0.39850 0.33768
0.88927 0.56069
0.56412 0.87328
0.81310 0.57577
0.23013 0.11466
0.31625 0.75204
0.44597 0.97981
0.24558 0.03957
0.83536 0.29173
0.38727 0.17421
0.81649 0.03141
0.44958 0.24764
0.08753 0.59448
0.14697 0.14053
0.96302 0.40343
0.51006 0.83338
0.42551 0.40593
0.75224 0.85440
0.59948 0.99840
0.69273 0.28760
0.50219 0.73802
0.28045 0.07063
0.27372 0.71313
0.39118 0.32129
0.86758 0.38403
0.25574 0.97735
0.26355 0.65764
0.96969 0.40275
0.88959 0.06987
0.42891 0.30054
0.80981 0.09277
0.64606 0.28250
0.07919 0.06711
0.05012 0.21284
0.23423 0.24137
0.69064 0.34782
0.73084 0.42566
0.15542 0.01594
0.11992 0.96030
0.39215 0.04722
0.94314 0.59532
0.64565 0.66154
0.92907 0.77102
0.76648 0.48319
0.30045 0.44123
0.40116 0.89740
0.00272 0.57135
0.33261 0.10329
0.02443 0.83812
0.42911 0.14584
0.72203 0.52632
0.69391 0.13082
0.26048 0.38190
0.93569 0.84610
0.19577 0.66686
0.31614 0.98792
0.26357 0.92124
