0.12725 0.19329
0.28204 0.96341
0.98411 0.37883
0.40846 0.94476
0.36308 0.85145
0.25293 0.37350
0.51562 0.77348
0.31326 0.31823
0.39471 0.91110
0.77233 0.41806
0.68520 0.65582
0.70596 0.21678
0.50639 0.00120
0.51243 0.07386
0.09534 0.91554
0.81393 0.94269
0.98085 0.57402
0.28906 0.71910
0.75292 0.21370
0.06095 0.25991
0.44287 0.40741
0.47521 0.17847
0.86343 0.28963
0.74331 0.39427
0.55691 0.39885
0.46750 0.28965
0.51681 0.86879
0.84846 0.62946
0.53170 0.23592
0.65266 0.60993
0.41585 0.71005
0.63980 0.82323
0.13433 0.35727
0.01375 0.12516
0.92361 0.30357
0.06185 0.08532
0.35707 0.12963
0.48580 0.53618
0.22045 0.44283
0.22867 0.17255
0.36554 0.17107
0.89500 0.65737
0.79734 0.84714
0.66061 0.63203
0.01489 0.14657
0.02349 0.09750
0.88686 0.10772
0.83987 0.42242
0.13167 0.36911
0.95104 0.72735
0.55271 0.84782
0.27479 0.57380
0.46723 0.63614
0.75725 0.20195
0.41360 0.80101
0.69193 0.17142
0.79067 0.75263
0.69068 0.41950
0.69837 0.74375
0.00422 0.95450
0.47871 0.63382
0.26579 0.62835
0.72340 0.05743
0.81070 0.80514
0.92093 0.91476
0.68694 0.63306
0.75811 0.64790
0.95875 0.22317
0.32565 0.74930
0.92065 0.16963
0.54351 0.33955
0.63712 0.86748
0.76155 0.79429
0.33079 0.71093
0.60492 0.36320
0.94772 0.98335
0.25279 0.92656
0.02773 0.74828
0.45102 0.36227
0.59299 0.76554
0.92878 0.32381
0.52145 0.57840
0.13951 0.26646
0.37603 0.34257
0.90010 0.17894
0.19404 0.64702
0.30518 0.20878
0.53949 0.29747
0.31586 0.60485
0.04412 0.59421
0.58365 0.74286
0.13789 0.47558
0.80881 0.08066
0.07605 0.38636
0.75504 0.28843
0.33478 0.73608
0.56614 0.68418
0.43930 0.47915
0.17991 0.55456
0.97618 0.84173
0.27316 0.13061
0.33562 0.71065
0.69308 0.81838
0.06854 0.06707
0.56613 0.90573
0.55795 0.57665
0.54676 0.18009
0.98757 0.38695
0.69950 0.58373
0.13499 0.47252
0.07677 0.07912
0.80117 0.09826
0.14072 0.14183
0.39496 0.76300
0.25234 0.01699
0.38453 0.34812
0.60667 0.74182
0.36543 0.09999
0.10164 0.95855
0.52788 0.17308
0.56341 0.16051
0.19241 0.68970
0.03421 0.35783
0.49026 0.90343
0.00213 0.78699
0.87956 0.32533
0.36496 0.78435
0.07142 0.52122
0.95036 0.66628
0.50118 0.41020
0.86655 0.16046
0.24009 0.46984
0.70840 0.65540
0.84609 0.43218
0.79729 0.55471
0.36713 0.90952
0.20790 0.75259
0.09787 0.47032
0.95189 0.72736
0.04911 0.68933
0.88636 0.68226
0.90129 0.86917
0.58483 0.19502
0.31743 0.11872
0.87370 0.17154
0.57468 0.60655
0.29078 0.08667
0.43515 0.30920
0.25329 0.42825
0.59537 0.15010
0.16022 0.19396
0.13148 0.95729
0.98369 0.03913
0.82530 0.67450
0.26958 0.82216
0.60046 0.90007
0.93572 0.76499
0.73325 0.74744
0.49133 0.71111
0.32127 0.13718
0.47309 0.16800
0.59429 0.46841
0.82873 0.02008
0.51997 0.50425
0.79512 0.34012
0.94836 0.59375
0.05680 0.76974
0.39690 0.03620
0.85471 0.96907
0.09389 0.69851
0.47884 0.30154
0.17116 0.68976
0.69392 0.56520
0.79385 0.89562
0.96458 0.76950
0.22524 0.87858
0.92469 0.64383
0.74868 0.95629
0.74017 0.95981
0.72166 0.32016
0.73784 0.17224
0.92768 0.93284
0.49350 0.98291
0.87966 0.10219
0.29057 0.30236
0.75207 0.79117
0.22151 0.24617
0.58831 0.14667
0.06871 0.57663
0.59427 0.51561
0.02813 0.46681
0.03522 0.31785
0.84958 0.61614
0.60037 0.83239
0.68713 0.68803
0.39716 0.50203
0.44617 0.47720
0.70737 0.78048
0.10142 0.57973
0.13696 0.53639
0.82859 0.08036
0.78124 0.69556
0.52533 0.06736
0.45247 0.82463
0.73308 0.19774
0.97065 0.63519
0.91055 0.31716
0.11792 0.33210
0.82122 0.61093
0.28456 0.69826
0.51245 0.34695
0.27416 0.35168
0.43536 0.36571
0.57988 0.36895
0.78021 0.38663
0.00464 0.05043
0.34839 0.18715
0.94992 0.38695
0.97247 0.98796
0.92784 0.73162
0.76615 0.09051
0.22110 0.96820
0.52844 0.00655
0.52651 0.80554
0.79546 0.30329
0.78364 0.47002
0.24163 0.09490
0.62881 0.56949
0.26804 0.55296
0.86588 0.84670
0.52051 0.52997
0.55367 0.19002
0.43264 0.50193
0.23314 0.33012
0.02412 0.02581
0.18721 0.97407
0.55465 0.03882
0.23501 0.44651
0.92547 0.08209
0.30008 0.74549
0.46610 0.10628
0.13605 0.98821
0.16667 0.31290
0.88464 0.40201
0.96589 0.08970
0.59277 0.63712
0.41005 0.98885
0.65914 0.03709
0.82273 0.60789
0.32243 0.31091
0.77742 0.60556
0.10628 0.83449
0.02029 0.87160
0.02067 0.05025
0.61073 0.29318
0.31147 0.74442
