0.32363 0.88605
0.42229 0.60047
0.76489 0.68362
0.99564 0.67247
0.57826 0.14218
0.07807 0.55336
0.96969 0.78513
0.78570 0.03865
0.15684 0.55894
0.38884 0.61816
0.24287 0.06435
0.60375 0.03317
0.89660 0.68226
0.86937 0.48860
0.85584 0.81055
0.62307 0.22218
0.18286 0.18278
0.66491 0.55731
0.80772 0.82157
0.01044 0.72357
0.51551 0.85208
0.25051 0.46852
0.63483 0.59985
0.09003 0.57774
0.70691 0.17611
0.14508 0.62391
0.45152 0.09102
0.95963 0.05280
0.79424 0.06813
0.64689 0.00688
0.60867 0.76068
0.86371 0.87571
0.13618 0.24205
0.19441 0.37537
0.83323 0.62994
0.11726 0.62077
0.80661 0.38003
0.80123 0.47739
0.45264 0.10317
0.20652 0.85769
0.66815 0.11509
0.19001 0.23011
0.38280 0.04278
0.15017 0.59374
0.47448 0.43505
0.70740 0.09818
0.97436 0.48799
0.90605 0.34747
0.29430 0.10864
0.48955 0.38149
0.21380 0.16339
0.01287 0.48035
0.92414 0.80792
0.89461 0.65212
0.06385 0.12727
0.70973 0.26540
0.93588 0.26980
0.45250 0.76820
0.33619 0.65183
0.64261 0.39357
0.72714 0.98693
0.73797 0.46368
0.54957 0.20073
0.11143 0.91479
0.12517 0.52791
0.32708 0.52109
0.85797 0.24381
0.70514 0.99968
0.22296 0.96788
0.23433 0.69423
0.61604 0.97473
0.75055 0.52044
0.84776 0.74578
0.31603 0.54487
0.54303 0.00606
0.73504 0.85224
0.69059 0.79350
0.96968 0.11445
0.11720 0.97307
0.47673 0.35189
0.37314 0.55183
0.58100 0.30247
0.75436 0.61401
0.37505 0.78817
0.65736 0.63610
0.48103 0.13977
0.45463 0.59885
0.78655 0.02353
0.17339 0.63798
0.34856 0.18131
0.17285 0.92774
0.25056 0.65528
0.42579 0.72395
0.72590 0.70638
0.18633 0.92985
0.90883 0.62336
0.13432 0.67312
0.10627 0.19263
0.71326 0.66615
0.37119 0.77683
0.25277 0.03213
0.67370 0.21201
0.10461 0.25709
0.76461 0.23256
0.17244 0.18203
0.53590 0.20475
0.48154 0.71269
0.41822 0.28853
0.66787 0.21598
0.85121 0.11888
0.69257 0.28595
0.10826 0.77476
0.79738 0.43753
0.62792 0.04220
0.44092 0.44410
0.53628 0.33255
0.12377 0.36123
0.69727 0.92702
0.90883 0.85223
0.52269 0.92916
0.71503 0.36245
0.09128 0.62166
0.60428 0.14385
0.71365 0.99357
0.12545 0.56485
0.50827 0.47385
0.68584 0.93552
0.77352 0.92059
0.25704 0.12179
0.89563 0.08148
0.21716 0.03500
0.99543 0.65511
0.79124 0.78227
0.53349 0.58343
0.24947 0.17125
0.23148 0.42473
0.14509 0.48752
0.92667 0.16951
0.84386 0.85591
0.75054 0.31092
0.89322 0.98168
0.22427 0.11191
0.36275 0.24599
0.77366 0.84688
0.06131 0.86639
0.15699 0.15512
0.78361 0.45662
0.63803 0.42498
0.07761 0.75918
0.28466 0.27547
0.38576 0.82055
0.06180 0.39699
0.02308 0.11783
0.00270 0.13543
0.76766 0.86689
0.11386 0.08530
0.95289 0.65379
0.98036 0.36909
0.57139 0.73433
0.12993 0.87189
0.83114 0.11398
0.25836 0.78139
0.77881 0.09829
0.54786 0.20274
0.10752 0.01778
0.07989 0.28958
0.76605 0.61974
0.21708 0.84735
0.91708 0.92031
0.06828 0.79842
0.00457 0.20121
0.87437 0.77403
0.40211 0.02766
0.46196 0.73993
0.09522 0.75572
0.24786 0.86774
0.70410 0.68866
0.10841 0.51355
0.71470 0.92302
0.82208 0.86845
0.56931 0.91188
0.55168 0.86742
0.18145 0.69642
0.51079 0.44208
0.24847 0.30677
0.60900 0.65446
0.99700 0.38968
0.59837 0.32146
0.78954 0.53639
0.78559 0.07643
0.33055 0.17105
0.64253 0.86533
0.64696 0.50337
0.23346 0.21161
0.04321 0.52255
0.21310 0.24646
0.06211 0.91340
0.46865 0.95286
0.12549 0.69176
0.33734 0.74213
0.92254 0.96358
0.09409 0.33254
0.05919 0.96812
0.95257 0.77844
0.02004 0.56675
0.48496 0.04479
0.31403 0.80361
0.09563 0.81935
0.48404 0.21151
0.87123 0.89546
0.94322 0.52488
0.45814 0.85194
0.95623 0.31567
0.86422 0.21155
0.53410 0.20735
0.80968 0.61539
0.23748 0.63619
0.90612 0.31735
0.63854 0.67447
0.11686 0.88691
0.12575 0.02686
0.46223 0.00505
0.54002 0.49064
0.17215 0.67323
0.86972 0.94624
0.01900 0.20187
0.79995 0.41980
0.88662 0.31940
0.86173 0.51764
0.47837 0.67316
0.88328 0.87009
0.59231 0.65281
0.05507 0.26763
0.94395 0.72298
0.27157 0.62622
0.57356 0.84705
0.98062 0.28032
0.23541 0.13064
0.48781 0.65658
0.11686 0.04196
0.46384 0.06817
0.37519 0.74993
0.10582 0.09249
0.54116 0.00643
0.34708 0.17799
0.63866 0.41999
0.77548 0.73784
0.95461 0.90416
0.27258 0.29227
0.23461 0.05115
0.85430 0.30719
0.10773 0.03975
0.87084 0.31229
0.23357 0.63067
0.23729 0.55137
0.30318 0.59283
