0.08883 0.64256
0.49200 0.53695
0.51487 0.36151
0.10659 0.01385
0.48644 0.24469
0.60137 0.36299
0.08886 0.42068
0.79318 0.24390
0.09907 0.42552
0.43259 0.50722
0.30558 0.69590
0.73784 0.98133
0.00457 0.45905
0.00262 0.11030
0.66613 0.95572
0.38478 0.16168
0.88592 0.30035
0.86331 0.55801
0.20339 0.85447
0.00699 0.35244
0.51234 0.28223
0.95260 0.13695
0.35937 0.29721
0.41934 0.06159
0.97209 0.25703
0.71982 0.32564
0.02018 0.74625
0.07105 0.92672
0.90551 0.75921
0.01638 0.32306
0.47841 0.74820
0.19367 0.62855
0.89924 0.52424
0.41013 0.63714
0.63991 0.44707
0.37992 0.43096
0.29968 0.62671
0.31483 0.33237
0.02002 0.91274
0.46214 0.39703
0.26740 0.61707
0.72047 0.65029
0.90938 0.65072
0.00883 0.87707
0.97389 0.06943
0.87656 0.16581
0.13486 0.63282
0.51298 0.66935
0.07072 0.36309
0.67755 0.56288
0.03300 0.42721
0.44415 0.92428
0.23770 0.99643
0.06061 0.96472
0.53059 0.39405
0.12394 0.04321
0.35558 0.15106
0.58471 0.86781
0.43461 0.79002
0.17701 0.27692
0.29743 0.47245
0.91013 0.67659
0.47737 0.47424
0.33717 0.55198
0.22307 0.17288
0.83559 0.58390
0.50429 0.52865
0.91201 0.95067
0.42714 0.21665
0.25435 0.31345
0.99318 0.70817
0.28607 0.21480
0.85351 0.65006
0.35609 0.94755
0.85396 0.32920
0.31863 0.54395
0.37698 0.77263
0.27315 0.71296
0.88562 0.75702
0.00218 0.23466
0.73473 0.86020
0.08521 0.26876
0.92871 0.06309
0.02751 0.14518
0.69590 0.26825
0.43828 0.94123
0.73629 0.34995
0.33376 0.29816
0.76440 0.87910
0.66221 0.18074
0.98506 0.34649
0.05739 0.25930
0.35728 0.25285
0.13445 0.19001
0.52245 0.59333
0.93959 0.01729
0.89272 0.08350
0.03139 0.70072
0.79624 0.43325
0.17361 0.54605
0.71504 0.29685
0.43347 0.74195
0.62162 0.69444
0.44122 0.20087
0.33392 0.30526
0.64179 0.70516
0.27055 0.99108
0.63693 0.92104
0.05168 0.44804
0.60851 0.16774
0.14975 0.44442
0.37656 0.76707
0.36769 0.52852
0.30488 0.93381
0.88807 0.01002
0.76958 0.07582
0.57480 0.76468
0.75211 0.23565
0.42831 0.74271
0.18294 0.07265
0.24020 0.78483
0.74593 0.73913
0.75632 0.62329
0.24773 0.16800
0.61527 0.83647
0.99450 0.79873
0.39562 0.38626
0.80028 0.02310
0.67669 0.72056
0.80614 0.81819
0.44669 0.61053
0.37887 0.61097
0.27790 0.57065
0.73243 0.18824
0.41902 0.13666
0.26735 0.76558
0.08853 0.25476
0.96188 0.75689
0.49995 0.46368
0.58683 0.67311
0.49061 0.94243
0.85453 0.87101
0.46713 0.77864
0.00867 0.80567
0.15166 0.69590
0.58285 0.74565
0.55793 0.80876
0.48387 0.24182
0.94416 0.63845
0.50077 0.62868
0.06565 0.38559
0.04953 0.64598
0.33767 0.25053
0.30323 0.66911
0.61631 0.84319
0.68743 0.64358
0.80410 0.22019
0.53559 0.42231
0.93271 0.27045
0.74628 0.72499
0.19702 0.48092
0.79616 0.09598
0.61044 0.93378
0.88048 0.43717
0.30285 0.00790
0.64797 0.68413
0.73586 0.81497
0.56800 0.69674
0.30201 0.70867
0.71403 0.50894
0.15797 0.82602
0.02520 0.07141
0.79261 0.06829
0.38988 0.70148
0.13200 0.15549
0.74493 0.66389
0.19183 0.51646
0.32775 0.34791
0.92115 0.38376
0.64076 0.42681
0.51710 0.46022
0.09369 0.74361
0.76949 0.20527
0.31179 0.08011
0.78404 0.19349
0.30967 0.86028
0.83449 0.02492
0.21486 0.41255
0.56088 0.67778
0.04180 0.84502
0.18649 0.82240
0.32354 0.87723
0.02151 0.83463
0.63294 0.46179
0.28841 0.10192
0.49658 0.05848
0.33956 0.45424
0.65799 0.89868
0.46778 0.58294
0.91360 0.67734
0.50165 0.96736
0.89893 0.79775
0.64558 0.90561
0.99886 0.88145
0.62848 0.84522
0.27447 0.70812
0.61031 0.73174
0.45015 0.23338
0.14954 0.24600
0.63699 0.98702
0.23195 0.16733
0.53194 0.99230
0.62682 0.45933
0.47730 0.07950
0.46665 0.69248
0.97359 0.15374
0.47711 0.83619
0.44591 0.22991
0.47769 0.77427
0.24614 0.26087
0.32081 0.60681
0.99288 0.71889
0.47337 0.34823
0.17729 0.23881
0.48820 0.18160
0.82438 0.17178
0.87314 0.16149
0.58631 0.83363
0.01119 0.81437
0.12333 0.86246
0.20373 0.71269
0.40514 0.91070
0.30117 0.33361
0.92914 0.08974
0.60080 0.74315
0.76700 0.39906
0.79946 0.06880
0.18731 0.80560
0.61318 0.87334
0.50429 0.67896
0.95289 0.21426
0.11215 0.47961
0.40862 0.86559
0.34519 0.48617
0.21718 0.16301
0.61520 0.96162
0.72783 0.32966
0.17261 0.33642
0.94924 0.01903
0.65181 0.25733
0.80335 0.56602
0.68742 0.20768
0.59897 0.05395
0.96060 0.04574
0.74279 0.19798
0.42248 0.68540
