0.30039 0.54730
0.33351 0.65940
0.62599 0.55037
0.44822 0.71251
0.21044 0.56310
0.03228 0.99744
0.84915 0.79727
0.32430 0.66746
0.47726 0.06815
0.21003 0.65220
0.35071 0.77282
0.50538 0.02270
0.11720 0.69712
0.73468 0.21768
0.90737 0.78751
0.18948 0.54521
0.82386 0.67411
0.08122 0.97007
0.42241 0.83453
0.62282 0.23460
0.05134 0.58609
0.88680 0.95372
0.65586 0.93255
0.56212 0.47084
0.75960 0.35156
0.87951 0.68246
0.53380 0.41059
0.67026 0.79732
0.46258 0.62901
0.61914 0.99979
0.88825 0.18738
0.21202 0.25191
0.74581 0.80508
0.49351 0.24698
0.05625 0.11484
0.99118 0.50311
0.38208 0.63555
0.77845 0.53964
0.40032 0.08436
0.44251 0.33336
0.14329 0.48232
0.52622 0.78273
0.43018 0.49912
0.86500 0.29159
0.39604 0.34449
0.57756 0.15498
0.68613 0.82463
0.15203 0.58718
0.09404 0.14143
0.58948 0.86188
0.17231 0.68252
0.70933 0.91001
0.40320 0.66587
0.16108 0.77217
0.99111 0.49414
0.50295 0.16083
0.74698 0.35613
0.30363 0.73205
0.07184 0.21691
0.41474 0.97660
0.53154 0.78193
0.15833 0.29091
0.03467 0.93501
0.10890 0.74533
0.88990 0.88525
0.30987 0.08737
0.72297 0.36735
0.01778 0.34015
0.94449 0.87850
0.03414 0.94376
0.89615 0.25761
0.65072 0.73268
0.65750 0.69031
0.88552 0.34353
0.89788 0.59578
0.79629 0.63084
0.49604 0.12500
0.60018 0.59301
0.98082 0.43853
0.84018 0.53972
0.28430 0.23235
0.56338 0.56835
0.18392 0.54258
0.79629 0.68323
0.88630 0.45162
0.33254 0.43959
0.24754 0.85660
0.59869 0.94306
0.33290 0.88646
0.87472 0.27519
0.06004 0.10794
0.77557 0.35928
0.54344 0.73617
0.50801 0.94868
0.01739 0.06394
0.34646 0.89279
0.57411 0.63211
0.80003 0.01179
0.30377 0.98075
0.10320 0.64313
0.56650 0.26937
0.13369 0.60450
0.68916 0.93230
0.83531 0.21858
0.88376 0.05178
0.30561 0.17137
0.16520 0.95004
0.41729 0.90179
0.99851 0.94649
0.94613 0.07763
0.96215 0.32484
0.24091 0.63820
0.69757 0.37796
0.24393 0.81819
0.65371 0.58886
0.43697 0.71708
0.05188 0.30159
0.61188 0.14503
0.58595 0.18404
0.68436 0.18419
0.88403 0.61366
0.20258 0.35005
0.59164 0.90861
0.09495 0.78766
0.58078 0.31876
0.53699 0.37741
0.91991 0.24359
0.32663 0.74961
0.39346 0.95752
0.11011 0.22834
0.77741 0.72820
0.74097 0.23337
0.38715 0.94609
0.81095 0.48521
0.26215 0.11305
0.46911 0.63049
0.31154 0.74237
0.90381 0.25685
0.21359 0.19204
0.83563 0.52329
0.96717 0.95850
0.83372 0.60849
0.34906 0.89395
0.99823 0.64669
0.64846 0.53284
0.69197 0.71710
0.83102 0.34405
0.25160 0.22777
0.84253 0.72816
0.91206 0.96917
0.31390 0.11677
0.65921 0.07249
0.71034 0.15283
0.63100 0.77026
0.89864 0.81034
0.73287 0.56239
0.37578 0.21324
0.56996 0.31216
0.33312 0.63359
0.72058 0.46794
0.13083 0.94917
0.50292 0.83538
0.53138 0.78660
0.23907 0.42831
0.69813 0.39726
0.49075 0.30735
0.11992 0.31633
0.10069 0.12822
0.26569 0.87260
0.97247 0.41239
0.90556 0.34455
0.18070 0.17334
0.77999 0.71658
0.39479 0.12923
0.84138 0.65377
0.02463 0.33280
0.58676 0.50616
0.22625 0.81506
0.50124 0.41771
0.30670 0.03847
0.38611 0.88305
0.93925 0.66096
0.63225 0.48861
0.51084 0.42740
0.69196 0.56640
0.33435 0.30145
0.51705 0.31982
0.23943 0.65619
0.44921 0.72334
0.14405 0.27311
0.91062 0.15696
0.06510 0.40234
0.64430 0.66826
0.90926 0.06198
0.87368 0.71757
0.05842 0.94808
0.88070 0.77158
0.11971 0.45199
0.60222 0.09383
0.31685 0.55445
0.64124 0.16081
0.00543 0.86677
0.81102 0.19739
0.91333 0.80493
0.69922 0.09974
0.03786 0.73455
0.16344 0.15143
0.92817 0.49771
0.86678 0.17790
0.43736 0.08593
0.18613 0.64920
0.22951 0.25100
0.31270 0.90392
0.73848 0.59352
0.80739 0.75834
0.35352 0.01880
0.14159 0.12025
0.61698 0.92933
0.09994 0.50265
0.53547 0.83536
0.69113 0.65233
0.84530 0.15652
0.98314 0.18137
0.40254 0.49551
0.91030 0.90734
0.36082 0.54960
0.03226 0.07049
0.44622 0.11466
0.93558 0.29558
0.56845 0.17827
0.93136 0.08317
0.80416 0.89402
0.43690 0.62721
0.02408 0.92297
0.38468 0.86679
0.77993 0.35548
0.77268 0.63437
0.63652 0.16184
0.36730 0.57633
0.19886 0.67714
0.95479 0.01054
0.45309 0.61101
0.98966 0.54698
0.78296 0.34819
0.35566 0.39677
0.66861 0.04016
0.91232 0.82544
0.68680 0.38874
0.91359 0.94841
0.16265 0.93870
0.33036 0.94670
0.78249 0.86289
0.85685 0.47516
0.64558 0.54803
0.19294 0.54152
0.15223 0.39231
