0.94818 0.05602
0.76013 0.82080
0.73113 0.87710
0.39789 0.47491
0.71400 0.21472
0.24477 0.28822
0.09010 0.28430
0.09058 0.51820
0.87293 0.59819
0.26448 0.71131
0.46222 0.98673
0.44416 0.29038
0.09110 0.12272
0.00581 0.86219
0.94760 0.29653
0.19579 0.14780
0.94023 0.88612
0.50893 0.47823
0.16022 0.68939
0.33000 0.72654
0.90369 0.78587
0.46835 0.43710
0.29025 0.99271
0.75607 0.26318
0.47522 0.57992
0.78488 0.35957
0.95151 0.34275
0.72793 0.35837
0.30454 0.10560
0.38114 0.71774
0.39919 0.91411
0.49928 0.98504
0.96416 0.98051
0.78758 0.54304
0.78251 0.69943
0.04182 0.77528
0.75063 0.48801
0.30644 0.29136
0.62844 0.58974
0.02217 0.27781
0.37337 0.39811
0.38170 0.68432
0.14652 0.95031
0.15928 0.52642
0.99681 0.54826
0.62674 0.05301
0.50868 0.65728
0.52673 0.73905
0.03846 0.03343
0.37810 0.78109
0.36653 0.79692
0.28986 0.17446
0.48258 0.01789
0.13504 0.51574
0.03351 0.07977
0.96879 0.26876
0.49941 0.60098
0.66762 0.36427
0.34999 0.29656
0.20610 0.55976
0.73302 0.42832
0.73160 0.08643
0.55542 0.54446
0.94907 0.59720
0.01470 0.20952
0.66024 0.98354
0.42844 0.52192
0.88763 0.52100
0.00014 0.54747
0.98790 0.76008
0.23069 0.70498
0.58247 0.19755
0.69841 0.49132
0.82526 0.02831
0.75726 0.57170
0.09628 0.90639
0.47940 0.83217
0.00108 0.77982
0.46872 0.11665
0.91564 0.89587
0.53279 0.54830
0.63574 0.63971
0.90538 0.40504
0.09412 0.94258
0.31165 0.79302
0.82702 0.74068
0.74712 0.42370
0.55234 0.74331
0.34205 0.39496
0.15128 0.91910
0.56563 0.20911
0.64806 0.79553
0.51733 0.25464
0.08152 0.49600
0.01144 0.16366
0.61953 0.02136
0.98450 0.35886
0.01965 0.83728
0.63727 0.69550
0.28170 0.31928
0.34453 0.98324
0.35253 0.59374
0.24474 0.91911
0.54084 0.21245
0.85337 0.49548
0.76052 0.88575
0.66316 0.63645
0.76814 0.63079
0.47880 0.13660
0.67592 0.34180
0.78959 0.94076
0.07668 0.58374
0.70475 0.49517
0.21243 0.18369
0.05810 0.71502
0.33357 0.26121
0.12938 0.01184
0.83740 0.69909
0.75254 0.31516
0.49327 0.06051
0.68032 0.07177
0.54875 0.68651
0.72301 0.03460
0.49799 0.11326
0.02303 0.53923
0.02445 0.63741
0.33439 0.08393
0.51774 0.11217
0.15247 0.72308
0.47267 0.35287
0.50294 0.72366
0.41386 0.28822
0.13052 0.76537
0.68105 0.41208
0.92426 0.73884
0.89308 0.87782
0.01042 0.02353
0.00847 0.05168
0.57106 0.75349
0.31677 0.53470
0.91194 0.91508
0.59468 0.97875
0.79105 0.59921
0.84411 0.18423
0.56636 0.21492
0.14234 0.19397
0.87520 0.66335
0.99337 0.14284
0.12010 0.91924
0.90570 0.40086
0.19126 0.30931
0.51737 0.77134
0.14529 0.75036
0.45857 0.68569
0.84019 0.65859
0.49533 0.25538
0.84332 0.75106
0.65572 0.19069
0.23971 0.92339
0.91744 0.33251
0.90151 0.81177
0.71208 0.97487
0.36096 0.78709
0.92252 0.51811
0.76964 0.29254
0.72243 0.12316
0.60287 0.14942
0.73815 0.83677
0.43297 0.81169
0.72588 0.49288
0.66923 0.72621
0.52502 0.62249
0.27177 0.10698
0.27018 0.23539
0.82054 0.86614
0.51876 0.31701
0.67017 0.89795
0.55634 0.71002
0.32725 0.39047
0.89549 0.99698
0.22445 0.76722
0.37862 0.69709
0.40222 0.55760
0.90582 0.00581
0.56454 0.48143
0.56538 0.33451
0.55314 0.39332
0.97283 0.80340
0.56635 0.87712
0.18784 0.08438
0.31954 0.24066
0.77466 0.75870
0.38721 0.79866
0.90377 0.97233
0.17075 0.54845
0.17847 0.32096
0.05154 0.18092
0.13535 0.93811
0.54038 0.32254
0.59924 0.62198
0.99956 0.17159
0.03790 0.21941
0.94668 0.45773
0.13800 0.94678
0.14147 0.47301
0.83990 0.91125
0.44115 0.26204
0.11746 0.83475
0.42325 0.59650
0.02463 0.42493
0.66358 0.13857
0.09787 0.86990
0.66842 0.69549
0.41152 0.81113
0.85977 0.64601
0.44201 0.31054
0.90055 0.48601
0.11877 0.68603
0.66725 0.87401
0.97322 0.65387
0.36500 0.67931
0.81463 0.31804
0.61288 0.90275
0.90329 0.43454
0.22627 0.06407
0.03138 0.59123
0.23096 0.12540
0.98629 0.88761
0.63800 0.22737
0.22977 0.26076
0.46259 0.40850
0.31804 0.59664
0.18536 0.81588
0.68953 0.18643
0.94928 0.99788
0.93295 0.52789
0.82229 0.12152
0.04332 0.20587
0.78809 0.52367
0.84216 0.17465
0.25655 0.76501
0.30168 0.58362
0.94685 0.99396
0.42011 0.40769
0.11705 0.08496
0.14057 0.22962
0.93451 0.56074
0.16682 0.67689
0.67364 0.00220
0.82410 0.40181
0.34904 0.09525
0.22826 0.11163
0.17802 0.53035
0.93239 0.45819
0.37374 0.72625
0.19623 0.71911
