0.05172 0.09759
0.91850 0.17757
0.99740 0.43819
0.78200 0.51406
0.31148 0.30534
0.56555 0.90793
0.28432 0.84911
0.57120 0.61872
0.79475 0.01938
0.79426 0.78438
0.57747 0.97321
0.47689 0.17737
0.45815 0.45565
0.02019 0.25372
0.94765 0.14209
0.29653 0.97836
0.52457 0.62200
0.96155 0.96681
0.76377 0.42313
0.68874 0.06809
0.77208 0.26291
0.30998 0.03264
0.46610 0.38091
0.27218 0.58813
0.76561 0.59831
0.72873 0.05144
0.14337 0.17094
0.07492 0.15536
0.56023 0.71377
0.89006 0.78005
0.86440 0.19813
0.90414 0.26103
0.79995 0.41746
0.01529 0.92021
0.12297 0.17097
0.72997 0.57758
0.31303 0.59098
0.04098 0.60061
0.59016 0.01179
0.78563 0.93355
0.88181 0.33457
0.55139 0.62684
0.69245 0.06686
0.31440 0.99243
0.74925 0.24582
0.96078 0.60453
0.68204 0.30890
0.28393 0.06799
0.79619 0.90147
0.48744 0.35706
0.35538 0.88363
0.40891 0.17075
0.28013 0.70742
0.01726 0.91456
0.47595 0.00175
0.45498 0.49560
0.57715 0.36628
0.67101 0.61200
0.58679 0.99221
0.41573 0.68131
0.88398 0.44638
0.82476 0.65091
0.18851 0.80845
0.32244 0.04725
0.16991 0.58875
0.06439 0.95094
0.49655 0.25068
0.18797 0.15674
0.57574 0.94502
0.98913 0.43985
0.41016 0.07838
0.36809 0.37443
0.41126 0.25428
0.51128 0.72034
0.36577 0.04750
0.58022 0.58845
0.53864 0.71286
0.99756 0.39949
0.69988 0.74393
0.18447 0.85228
0.19734 0.35171
0.15109 0.45652
0.60812 0.40464
0.41116 0.74163
0.26298 0.19327
0.81821 0.55827
0.28805 0.24662
0.96734 0.39555
0.79617 0.53196
0.70625 0.38403
0.18940 0.34218
0.48624 0.22676
0.11235 0.40499
0.92549 0.60135
0.50796 0.97809
0.15340 0.71130
0.51953 0.50280
0.59733 0.71506
0.38363 0.96002
0.87498 0.37966
0.70044 0.84819
0.88941 0.06896
0.37477 0.34810
0.16890 0.76377
0.84606 0.37999
0.40739 0.89321
0.31691 0.68465
0.70067 0.21064
0.59287 0.77840
0.71723 0.61316
0.64066 0.68754
0.36463 0.86268
0.10172 0.80563
0.47248 0.92951
0.56558 0.89822
0.60278 0.24460
0.73747 0.99068
0.97595 0.22359
0.24614 0.36499
0.07668 0.33128
0.68661 0.48149
0.41678 0.26212
0.04443 0.47731
0.39286 0.99408
0.58096 0.26309
0.54688 0.94893
0.94421 0.28641
0.05769 0.21310
0.02044 0.68153
0.20818 0.99023
0.00229 0.42349
0.91136 0.12146
0.68022 0.43701
0.25407 0.59053
0.23232 0.37271
0.79442 0.15703
0.02925 0.05003
0.59497 0.87070
0.21498 0.83478
0.08037 0.28637
0.70036 0.56758
0.28753 0.43292
0.77489 0.24873
0.22880 0.89144
0.73745 0.18199
0.82482 0.25956
0.74059 0.55409
0.71456 0.22875
0.21634 0.25310
0.96603 0.61081
0.85833 0.86068
0.98673 0.62539
0.26131 0.14722
0.81068 0.06883
0.14671 0.65476
0.78003 0.87325
0.91666 0.93053
0.15783 0.35501
0.25911 0.57076
0.79534 0.23524
0.75886 0.92886
0.62745 0.22664
0.97423 0.82726
0.21616 0.76247
0.35003 0.94243
0.18172 0.20565
0.81965 0.07833
0.51006 0.43784
0.76749 0.47602
0.10854 0.28821
0.93220 0.04095
0.85346 0.77401
0.27448 0.97839
0.49500 0.41803
0.52843 0.99730
0.19836 0.04791
0.81132 0.26796
0.16435 0.44390
0.80401 0.76900
0.40803 0.47273
0.59034 0.58729
0.63184 0.29614
0.98962 0.28855
0.62267 0.22093
0.51170 0.73198
0.81997 0.63148
0.69740 0.90736
0.62808 0.39156
0.66734 0.42129
0.86777 0.97090
0.29152 0.55496
0.95013 0.67524
0.76458 0.27546
0.93359 0.31580
0.72162 0.99691
0.77205 0.14001
0.22426 0.39652
0.48366 0.31157
0.39694 0.89802
0.87239 0.23267
0.22374 0.37981
0.13393 0.49589
0.76014 0.77429
0.38020 0.09656
0.05809 0.02726
0.72294 0.43616
0.60541 0.69199
0.38079 0.71354
0.63898 0.24533
0.18320 0.62171
0.24933 0.35223
0.83528 0.23385
0.83804 0.19856
0.94023 0.73998
0.05838 0.94786
0.19309 0.54832
0.31584 0.55787
0.85293 0.43229
0.47126 0.54018
0.69719 0.83718
0.83792 0.31020
0.48642 0.77334
0.54581 0.51027
0.83971 0.22450
0.60131 0.34283
0.95111 0.12937
0.32673 0.57544
0.41017 0.37613
0.19722 0.28929
0.08012 0.81997
0.33822 0.50615
0.55372 0.41085
0.87350 0.45511
0.02601 0.05054
0.11015 0.67456
0.53306 0.31573
0.62386 0.37750
0.28064 0.37112
0.69795 0.87645
0.86477 0.47619
0.65174 0.06395
0.04223 0.57253
0.15301 0.83318
0.06112 0.74398
0.93840 0.46712
0.76312 0.47953
0.15529 0.54207
0.31858 0.81598
0.23181 0.64228
0.99872 0.44695
0.79183 0.00844
0.18207 0.59138
0.68276 0.07440
0.25910 0.88653
0.26090 0.35376
0.79884 0.80597
