0.29734 0.17632
0.78512 0.48324
0.71310 0.26092
0.58627 0.52201
0.81872 0.32244
0.96617 0.68365
0.91085 0.05644
0.31742 0.84805
0.64746 0.19735
0.18477 0.54217
0.23768 0.46366
0.70608 0.89965
0.00213 0.52858
0.55808 0.62813
0.02369 0.25891
0.38132 0.43889
0.05015 0.05341
0.22949 0.34829
0.89756 0.40753
0.99260 0.80778
0.18944 0.04955
0.34699 0.86435
0.07878 0.53701
0.89207 0.66728
0.90669 0.71863
0.90597 0.39693
0.85280 0.60719
0.14499 0.20462
0.73284 0.61443
0.09935 0.25041
0.62355 0.29789
0.75272 0.16222
0.29161 0.42078
0.64481 0.20499
0.72287 0.67406
0.87789 0.71809
0.61035 0.43181
0.85830 0.02599
0.19346 0.10879
0.81978 0.05855
0.91031 0.48546
0.48241 0.24146
0.78466 0.01599
0.41432 0.01629
0.26354 0.34042
0.56366 0.01750
0.42713 0.85495
0.00661 0.39311
0.50675 0.08243
0.28753 0.74996
0.26403 0.60283
0.84712 0.10987
0.18493 0.17373
0.90368 0.57379
0.21439 0.22666
0.40499 0.91463
0.10735 0.39635
0.96778 0.79735
0.48682 0.67974
0.54539 0.54272
0.48096 0.67508
0.63510 0.16047
0.69865 0.06795
0.92862 0.29008
0.57266 0.42686
0.49687 0.84617
0.75628 0.27811
0.71960 0.50558
0.11706 0.52506
0.61928 0.07258
0.39528 0.36632
0.76279 0.62029
0.40128 0.74131
0.11361 0.44288
0.73489 0.47939
0.32666 0.14431
0.71641 0.56248
0.48571 0.99829
0.27185 0.08440
0.04918 0.62964
0.30797 0.37776
0.60167 0.94641
0.04115 0.66759
0.06584 0.51684
0.45967 0.40301
0.16096 0.63707
0.22506 0.81760
0.40192 0.44072
0.16805 0.72945
0.43413 0.95848
0.24204 0.61597
0.93413 0.80072
0.85787 0.70909
0.73469 0.24713
0.26066 0.83115
0.30142 0.16498
0.27454 0.78886
0.81208 0.62402
0.39824 0.72735
0.15809 0.24515
0.78391 0.65834
0.12312 0.15490
0.33618 0.43225
0.53958 0.15045
0.90559 0.57189
0.51409 0.96574
0.30937 0.39294
0.38655 0.85984
0.14307 0.25681
0.80452 0.03816
0.98574 0.46108
0.29922 0.76629
0.11050 0.47035
0.96064 0.19502
0.20583 0.84654
0.80565 0.70055
0.29643 0.52493
0.24992 0.36701
0.04060 0.82661
0.02247 0.86646
0.27366 0.00669
0.07134 0.10976
0.79420 0.58104
0.08165 0.11072
0.03340 0.88513
0.70177 0.28606
0.37365 0.99875
0.42423 0.35597
0.14428 0.59542
0.42144 0.28698
0.53679 0.54095
0.23698 0.68682
0.61134 0.46154
0.28874 0.57389
0.95946 0.30351
0.82636 0.25823
0.66116 0.66507
0.73504 0.53112
0.27636 0.05970
0.48183 0.07056
0.54186 0.97603
0.49020 0.68442
0.77669 0.84798
0.33614 0.88116
0.16185 0.06169
0.41800 0.53477
0.14172 0.32864
0.53229 0.96369
0.57690 0.51317
0.30681 0.72315
0.81576 0.90346
0.77549 0.08168
0.53343 0.45502
0.27924 0.35351
0.21316 0.00567
0.83032 0.02599
0.74562 0.99801
0.76808 0.04860
0.52389 0.37093
0.33171 0.59929
0.91890 0.58068
0.46732 0.60404
0.26203 0.43879
0.60886 0.31921
0.40461 0.45113
0.40872 0.57596
0.98386 0.21315
0.98240 0.56919
0.30839 0.34065
0.40913 0.38148
0.67258 0.57104
0.35882 0.66542
0.84000 0.76747
0.27653 0.67855
0.51376 0.64812
0.49059 0.70826
0.49678 0.48728
0.97622 0.59408
0.51055 0.86574
0.81591 0.03316
0.97792 0.35109
0.41922 0.47041
0.63629 0.10574
0.15110 0.37443
0.53528 0.50563
0.32631 0.38013
0.92322 0.80575
0.87902 0.17695
0.28610 0.44295
0.60772 0.07432
0.89699 0.65591
0.93105 0.89337
0.62001 0.75797
0.77511 0.31481
0.77878 0.42795
0.84520 0.30960
0.06726 0.40746
0.75520 0.02271
0.24423 0.28754
0.68892 0.67193
0.34739 0.39133
0.38156 0.86525
0.86709 0.06522
0.39518 0.83623
0.60911 0.63315
0.17484 0.31370
0.50209 0.05237
0.11031 0.83140
0.42640 0.85048
0.11064 0.93181
0.51458 0.74964
0.66920 0.99136
0.85983 0.92483
0.89658 0.73915
0.10809 0.42341
0.94668 0.13330
0.39854 0.50064
0.04890 0.24623
0.89782 0.83262
0.77639 0.80210
0.51548 0.13665
0.87876 0.70627
0.95429 0.76789
0.89952 0.47684
0.01127 0.81962
0.62539 0.59385
0.39749 0.00499
0.48116 0.30351
0.66221 0.71133
0.85710 0.09092
0.57363 0.47689
0.32439 0.75225
0.03850 0.68481
0.63176 0.73054
0.97621 0.99768
0.86557 0.32240
0.22522 0.31603
0.37260 0.39147
0.78416 0.64531
0.84145 0.25702
0.81425 0.41518
0.77134 0.06970
0.40857 0.35208
0.84385 0.17033
0.81039 0.91610
0.74671 0.88540
0.00308 0.63923
0.90473 0.07949
0.06198 0.66477
0.65475 0.16308
0.47706 0.28835
0.69178 0.20845
0.16793 0.44156
0.58324 0.90468
0.97454 0.25581
0.34077 0.21700
