0.39926 0.68562
0.14492 0.10719
0.37501 0.13444
0.08996 0.67551
0.83733 0.30514
0.53115 0.08372
0.04976 0.41952
0.27297 0.15670
0.55210 0.12324
0.36104 0.36060
0.06552 0.36154
0.68590 0.52624
0.80797 0.69456
0.51841 0.76481
0.10125 0.98913
0.27424 0.77687
0.56515 0.08103
0.08796 0.11800
0.37796 0.10864
0.90996 0.91553
0.63078 0.89478
0.73713 0.10339
0.64128 0.25768
0.12163 0.41594
0.71589 0.31584
0.96432 0.71594
0.15689 0.54298
0.03300 0.74206
0.26562 0.93597
0.97455 0.03972
0.08830 0.43318
0.07103 0.49185
0.60229 0.12763
0.32877 0.28914
0.54381 0.35266
0.45739 0.76960
0.69749 0.01358
0.79647 0.81902
0.23407 0.22449
0.00270 0.32799
0.53986 0.83717
0.42773 0.48532
0.52655 0.71162
0.09454 0.09591
0.20144 0.06725
0.05013 0.74073
0.28847 0.45890
0.75310 0.21179
0.74441 0.79556
0.87750 0.56481
0.88996 0.63815
0.27395 0.21638
0.12996 0.85969
0.38984 0.11311
0.80819 0.43141
0.19284 0.38479
0.23577 0.08334
0.81455 0.82377
0.75146 0.74538
0.58998 0.33070
0.48678 0.29222
0.39735 0.90584
0.50184 0.31798
0.00288 0.93029
0.88520 0.30121
0.79577 0.36289
0.38164 0.46055
0.04019 0.47701
0.73735 0.99348
0.31375 0.49882
0.31067 0.38964
0.79056 0.93406
0.47381 0.48140
0.86382 0.92243
0.73133 0.40126
0.15397 0.92936
0.25126 0.65362
0.01986 0.10431
0.32060 0.26926
0.04901 0.94687
0.07394 0.17517
0.43760 0.30367
0.48296 0.97531
0.84832 0.92401
0.21901 0.89776
0.24446 0.36445
0.63039 0.33188
0.26850 0.53036
0.56358 0.61611
0.05445 0.75784
0.54735 0.20335
0.96696 0.18168
0.81226 0.64685
0.31593 0.52281
0.01806 0.99236
0.16528 0.31464
0.13042 0.83006
0.58195 0.67233
0.82335 0.05175
0.97002 0.97527
0.47511 0.83746
0.16243 0.88980
0.12800 0.36697
0.12741 0.19654
0.28228 0.61181
0.24538 0.38221
0.35938 0.81679
0.37413 0.55095
0.69115 0.31487
0.96238 0.43676
0.44527 0.49945
0.69693 0.98302
0.70472 0.65779
0.22771 0.56240
0.67196 0.21669
0.89140 0.72915
0.18502 0.85979
0.08641 0.03320
0.59016 0.20950
0.34862 0.45683
0.75455 0.75202
0.20698 0.36963
0.04505 0.39239
0.10604 0.96509
0.11606 0.40025
0.61059 0.55678
0.10207 0.41538
0.04769 0.73104
0.33870 0.51379
0.85957 0.23073
0.26095 0.89320
0.40372 0.46453
0.13621 0.29716
0.78675 0.97126
0.33802 0.76417
0.47113 0.02467
0.25657 0.08673
0.56288 0.55169
0.93966 0.30446
0.46594 0.12756
0.08955 0.97038
0.90447 0.59028
0.62648 0.81806
0.09366 0.77129
0.28386 0.80811
0.11820 0.68723
0.50538 0.92675
0.09551 0.13625
0.12817 0.09390
0.23825 0.65539
0.35935 0.41974
0.19396 0.72989
0.80103 0.62988
0.70333 0.11156
0.55133 0.45671
0.42295 0.54879
0.45359 0.07442
0.57681 0.53132
0.26501 0.09520
0.48290 0.68400
0.07818 0.66414
0.24298 0.13542
0.96724 0.05373
0.57799 0.71338
0.55691 0.21434
0.38939 0.03484
0.07532 0.44998
0.69612 0.22485
0.52494 0.21269
0.34068 0.56703
0.67159 0.89163
0.30763 0.29617
0.67609 0.06197
0.22583 0.50252
0.63053 0.58818
0.15125 0.91376
0.89594 0.48009
0.02440 0.80075
0.92652 0.06416
0.51244 0.72717
0.43794 0.91249
0.20181 0.76603
0.97825 0.90477
0.17569 0.73478
0.25942 0.47059
0.03899 0.39091
0.49095 0.62179
0.87013 0.00651
0.04193 0.20980
0.43800 0.49304
0.14945 0.47318
0.60511 0.35987
0.27122 0.07188
0.03821 0.51473
0.45863 0.78743
0.75297 0.23740
0.95727 0.25780
0.57265 0.99885
0.09078 0.21909
0.23658 0.95441
0.45984 0.21284
0.81340 0.24706
0.71747 0.18221
0.71997 0.54429
0.56653 0.95197
0.07498 0.06243
0.04036 0.25575
0.62486 0.17132
0.85953 0.01928
0.51230 0.53210
0.65220 0.85096
0.05000 0.72756
0.12624 0.59804
0.51007 0.04211
0.58813 0.33183
0.59286 0.64964
0.09105 0.11117
0.89071 0.67503
0.25833 0.16450
0.57966 0.74919
0.19590 0.98667
0.21926 0.30588
0.60451 0.84806
0.06903 0.74763
0.80953 0.29974
0.01093 0.35820
0.57041 0.32210
0.83827 0.66068
0.18813 0.41479
0.09471 0.41892
0.00551 0.53532
0.55817 0.00590
0.63024 0.40243
0.72539 0.00323
0.98669 0.13588
0.51768 0.12999
0.01718 0.78097
0.84658 0.28898
0.06432 0.97175
0.71083 0.39555
0.70573 0.80803
0.36498 0.77454
0.64182 0.18121
0.22750 0.63349
0.33798 0.38783
0.66067 0.24392
0.10980 0.14970
0.19336 0.14766
0.51840 0.77199
0.72987 0.66951
0.54147 0.51528
0.08265 0.89525
0.16688 0.37458
0.25126 0.73683
0.23922 0.53582
0.37353 0.56543
