0.42406 0.53393
0.66067 0.21994
0.78082 0.17411
0.14526 0.75194
0.58952 0.25517
0.41834 0.07114
0.69638 0.89939
0.32049 0.23482
0.10192 0.23896
0.65092 0.71542
0.24962 0.01055
0.05935 0.28085
0.25936 0.15272
0.04093 0.49681
0.82504 0.41481
0.16571 0.89493
0.21181 0.11583
0.07726 0.22529
0.24287 0.13174
0.23972 0.22597
0.94225 0.14848
0.89075 0.33712
0.57236 0.94485
0.83843 0.19206
0.81639 0.62725
0.06698 0.34213
0.08145 0.24896
0.08048 0.57490
0.75830 0.21154
0.61735 0.63941
0.27816 0.34899
0.52022 0.42678
0.54679 0.16450
0.54379 0.25151
0.51850 0.05430
0.53357 0.40273
0.81944 0.35549
0.96312 0.27015
0.21250 0.82708
0.02363 0.99094
0.58962 0.73842
0.72721 0.88065
0.14193 0.69047
0.68362 0.38080
0.22272 0.53780
0.96116 0.81565
0.84710 0.74389
0.91657 0.20327
0.22695 0.25186
0.62930 0.91215
0.94630 0.41524
0.73878 0.11898
0.90204 0.08370
0.61836 0.33719
0.52896 0.72951
0.70411 0.27526
0.25136 0.33807
0.96942 0.68769
0.14710 0.88434
0.55765 0.41557
0.21557 0.32898
0.79862 0.91411
0.84783 0.55410
0.45349 0.64160
0.49297 0.91159
0.06696 0.13378
0.60311 0.19010
0.85827 0.21918
0.63705 0.66729
0.72822 0.02553
0.89909 0.19322
0.41138 0.75666
0.30372 0.48921
0.50637 0.84613
0.86059 0.53174
0.01881 0.12885
0.16145 0.35080
0.27717 0.28652
0.32640 0.02563
0.34484 0.46928
0.93069 0.54138
0.44833 0.57255
0.87823 0.19940
0.65102 0.39343
0.69252 0.16555
0.12191 0.10316
0.59314 0.36840
0.71141 0.98680
0.91462 0.30051
0.61200 0.78537
0.41165 0.36672
0.49244 0.80412
0.04763 0.43050
0.37667 0.98842
0.11756 0.42862
0.40996 0.37853
0.59164 0.72362
0.80413 0.44804
0.64182 0.10131
0.18891 0.52339
0.49778 0.65859
0.94922 0.32351
0.25051 0.75769
0.94969 0.62541
0.43541 0.59492
0.92967 0.29847
0.17770 0.57979
0.13202 0.99773
0.88563 0.51533
0.99658 0.66642
0.34691 0.11740
0.75989 0.13452
0.13204 0.03301
0.97761 0.39452
0.78440 0.11431
0.99382 0.15482
0.20582 0.82659
0.38196 0.16506
0.41593 0.96133
0.49337 0.92946
0.21390 0.61918
0.70089 0.37166
0.21529 0.21913
0.60707 0.95211
0.60748 0.64397
0.77894 0.67437
0.69450 0.00960
0.21152 0.23505
0.63407 0.21989
0.10311 0.48435
0.40329 0.09384
0.08204 0.25999
0.08974 0.86862
0.87794 0.36528
0.62740 0.38186
0.33026 0.81060
0.87431 0.94610
0.85378 0.33611
0.10948 0.88113
0.76550 0.11432
0.20796 0.06990
0.28784 0.51856
0.01043 0.59113
0.14325 0.79489
0.88633 0.48048
0.24617 0.47896
0.82005 0.83706
0.57343 0.85348
0.26289 0.76826
0.32208 0.48542
0.13813 0.25092
0.47020 0.46100
0.22102 0.65520
0.24383 0.16744
0.59958 0.34725
0.98303 0.61378
0.57056 0.76017
0.90127 0.41480
0.76327 0.71667
0.32672 0.26074
0.62677 0.90440
0.32685 0.99800
0.25568 0.19413
0.75186 0.26856
0.27333 0.70341
0.44501 0.76782
0.95224 0.13147
0.69886 0.06435
0.77934 0.16503
0.16981 0.87052
0.15264 0.96193
0.23380 0.62746
0.00674 0.22548
0.24096 0.98147
0.93630 0.04557
0.88885 0.38027
0.25451 0.77058
0.83310 0.42627
0.50850 0.29630
0.77906 0.09443
0.66546 0.90290
0.83168 0.25705
0.70643 0.31196
0.85456 0.74248
0.50683 0.33375
0.55164 0.31997
0.65841 0.50953
0.09520 0.06038
0.09112 0.49580
0.40342 0.34456
0.31225 0.48284
0.13695 0.27437
0.48038 0.74482
0.97326 0.69112
0.00679 0.16996
0.47022 0.81387
0.68617 0.26664
0.89506 0.87883
0.03927 0.70187
0.29288 0.67340
0.91291 0.01035
0.83194 0.05372
0.80926 0.43165
0.87907 0.91834
0.79023 0.60593
0.72402 0.62473
0.68579 0.24751
0.86674 0.36863
0.28738 0.59195
0.33572 0.53898
0.25236 0.25133
0.82751 0.97294
0.16911 0.03647
0.88721 0.60931
0.33037 0.39627
0.63293 0.20529
0.58686 0.12205
0.71478 0.25038
0.13256 0.22084
0.20898 0.75693
0.88301 0.02540
0.61250 0.08065
0.93708 0.74066
0.58937 0.06133
0.52214 0.80845
0.34557 0.03496
0.09171 0.41100
0.92172 0.70800
0.86497 0.02041
0.28846 0.96947
0.62341 0.48521
0.52708 0.14290
0.36642 0.68665
0.00745 0.51096
0.13296 0.54368
0.70233 0.14849
0.92670 0.58129
0.99385 0.20810
0.40431 0.25482
0.32375 0.27441
0.42275 0.50246
0.64975 0.67879
0.11225 0.75749
0.23188 0.21859
0.21300 0.72444
0.11338 0.97867
0.74821 0.24153
0.31015 0.57885
0.18435 0.73289
0.16959 0.49942
0.85081 0.62841
0.57265 0.95234
0.24721 0.85668
0.09742 0.85093
0.11096 0.92653
0.35120 0.59417
