0.52795 0.72942
0.11878 0.34902
0.03468 0.89872
0.68675 0.38143
0.10485 0.09233
0.25104 0.35426
0.65784 0.28368
0.85015 0.28523
0.48250 0.59562
0.38247 0.96784
0.06426 0.53166
0.98314 0.00622
0.25977 0.54317
0.82399 0.17001
0.86995 0.34481
0.24362 0.82968
0.76119 0.36026
0.71202 0.07771
0.59416 0.38716
0.38298 0.66390
0.37760 0.42797
0.14017 0.89951
0.47867 0.98755
0.93517 0.84172
0.08825 0.06007
0.39223 0.98794
0.28752 0.22887
0.73186 0.49376
0.27334 0.02534
0.59076 0.04701
0.55755 0.37188
0.67048 0.22546
0.22758 0.66212
0.81477 0.15581
0.78825 0.26085
0.29773 0.16571
0.18397 0.86066
0.80053 0.60269
0.64204 0.94329
0.15614 0.60745
0.60192 0.54686
0.25618 0.80585
0.54113 0.05121
0.77600 0.20517
0.61943 0.29630
0.22542 0.63297
0.22624 0.85150
0.49962 0.20861
0.94100 0.07834
0.52411 0.31407
0.00776 0.81211
0.19954 0.62436
0.05787 0.99777
0.48018 0.56892
0.13916 0.49752
0.55960 0.68033
0.05374 0.48610
0.24245 0.14244
0.15433 0.87937
0.21288 0.83685
0.80878 0.70070
0.36656 0.47157
0.10714 0.69908
0.98740 0.26895
0.45241 0.07008
0.22373 0.96522
0.27980 0.69047
0.67422 0.08168
0.60541 0.38589
0.03444 0.23048
0.79149 0.06753
0.50402 0.09534
0.30244 0.03421
0.67138 0.44781
0.77408 0.82010
0.70335 0.46286
0.02562 0.66973
0.08804 0.39618
0.89062 0.12468
0.70571 0.41881
0.96756 0.87871
0.05135 0.98914
0.70532 0.10064
0.40644 0.54283
0.83654 0.70775
0.07073 0.19287
0.17765 0.88703
0.97204 0.04308
0.57585 0.55119
0.53630 0.15477
0.92885 0.54066
0.27311 0.35482
0.41193 0.23642
0.09344 0.89606
0.75755 0.53670
0.09035 0.95515
0.53487 0.45271
0.71887 0.87802
0.13392 0.76144
0.46665 0.65099
0.32647 0.80188
0.89522 0.33708
0.29246 0.88950
0.82090 0.86995
0.11306 0.01788
0.70268 0.20537
0.46830 0.16716
0.56537 0.08282
0.81063 0.73439
0.55630 0.80349
0.99096 0.14087
0.06609 0.62316
0.17975 0.28561
0.63592 0.47231
0.35928 0.28803
0.82467 0.85005
0.72492 0.51238
0.44663 0.79911
0.49090 0.62645
0.65552 0.03626
0.96083 0.88387
0.75802 0.71342
0.69014 0.23784
0.31663 0.40181
0.83590 0.94546
0.98030 0.22479
0.76569 0.40968
0.12692 0.85607
0.10181 0.72577
0.62271 0.59155
0.93624 0.44730
0.92785 0.17499
0.21917 0.25307
0.16296 0.19731
0.61303 0.25237
0.77995 0.89294
0.87181 0.06550
0.91946 0.18834
0.37536 0.33527
0.36946 0.03107
0.33551 0.13621
0.97195 0.01981
0.99199 0.57684
0.89518 0.21071
0.18700 0.79648
0.50292 0.70399
0.63682 0.22504
0.81063 0.81518
0.28378 0.31718
0.20814 0.85333
0.34757 0.73153
0.31959 0.65587
0.07243 0.74205
0.09395 0.08622
0.81921 0.23892
0.99778 0.12681
0.61757 0.63038
0.94833 0.28783
0.91411 0.55368
0.63266 0.49919
0.55656 0.89302
0.18200 0.74009
0.25134 0.94945
0.83725 0.62165
0.58175 0.38301
0.28702 0.32809
0.91607 0.09203
0.00868 0.74237
0.50527 0.15533
0.09451 0.16565
0.06306 0.38789
0.85135 0.28358
0.08642 0.58030
0.22934 0.93677
0.22349 0.79690
0.28105 0.16342
0.51857 0.13961
0.21250 0.91129
0.33119 0.02023
0.91510 0.33448
0.66350 0.60447
0.73228 0.18268
0.11851 0.30865
0.51110 0.79444
0.59899 0.30790
0.94434 0.89904
0.32774 0.46506
0.45644 0.94294
0.52194 0.17797
0.71561 0.29973
0.77281 0.65303
0.44792 0.15380
0.77818 0.98391
0.17005 0.20681
0.24135 0.23573
0.09328 0.29883
0.54578 0.11682
0.33559 0.36664
0.43766 0.00813
0.69084 0.10919
0.26450 0.57621
0.71944 0.05308
0.50858 0.23554
0.63563 0.76871
0.36615 0.51142
0.86237 0.10659
0.15733 0.12571
0.91215 0.55605
0.51916 0.99206
0.54214 0.24635
0.24424 0.04923
0.80892 0.18779
0.96690 0.57790
0.26716 0.30037
0.75641 0.54016
0.21102 0.96618
0.18247 0.13883
0.46118 0.28238
0.11678 0.01924
0.41101 0.90165
0.10653 0.41351
0.74108 0.15664
0.81850 0.38177
0.40836 0.44552
0.23036 0.08347
0.27158 0.82505
0.62341 0.94292
0.89976 0.65218
0.16472 0.53088
0.51352 0.65814
0.38960 0.86028
0.65112 0.09327
0.14759 0.33031
0.55096 0.83132
0.80536 0.44998
0.66614 0.79956
0.90726 0.29860
0.15883 0.79494
0.79922 0.73426
0.36433 0.46787
0.23788 0.05719
0.42855 0.22693
0.78169 0.50919
0.31171 0.96198
0.47040 0.01505
0.20950 0.64236
0.30983 0.79600
0.20492 0.01868
0.91773 0.16410
0.82361 0.91138
0.67566 0.88152
0.67475 0.63598
0.96993 0.39075
0.37334 0.23709
0.32762 0.03194
0.38602 0.51407
