0.60930 0.92533
0.65053 0.48694
0.26035 0.69401
0.21476 0.22596
0.02929 0.49509
0.47416 0.85233
0.85570 0.43551
0.76162 0.53912
0.24328 0.80544
0.43670 0.62999
0.93867 0.79398
0.16674 0.60938
0.03946 0.87910
0.56140 0.65831
0.50725 0.90141
0.36988 0.78393
0.83506 0.97034
0.13142 0.62195
0.22062 0.96594
0.89396 0.07445
0.08007 0.74692
0.40195 0.18440
0.26752 0.92624
0.81612 0.92850
0.04140 0.06417
0.54373 0.00998
0.53887 0.35476
0.80485 0.41945
0.22626 0.18284
0.23944 0.18213
0.21293 0.03269
0.64075 0.67275
0.16353 0.43777
0.14483 0.69139
0.03838 0.20760
0.65059 0.09180
0.68222 0.35261
0.87806 0.30881
0.88148 0.95027
0.67411 0.11902
0.19769 0.30790
0.42052 0.40181
0.37948 0.68614
0.60376 0.51578
0.79448 0.77514
0.95274 0.12657
0.56049 0.25785
0.83798 0.75311
0.03212 0.58882
0.43403 0.88693
0.99923 0.80768
0.09200 0.16260
0.95517 0.40465
0.47788 0.18545
0.64963 0.99204
0.12100 0.05385
0.00820 0.61610
0.32474 0.57923
0.08147 0.31811
0.26815 0.06608
0.88252 0.85210
0.81313 0.77038
0.82695 0.16999
0.95977 0.78929
0.45494 0.01244
0.69542 0.45133
0.68139 0.55949
0.56228 0.50878
0.89846 0.01473
0.43370 0.78848
0.27766 0.93325
0.10337 0.47900
0.54097 0.51821
0.08382 0.19715
0.22886 0.12665
0.43971 0.23128
0.86071 0.26437
0.20958 0.87734
0.07605 0.73382
0.85175 0.93471
0.87586 0.17522
0.69129 0.08205
0.86865 0.58898
0.01060 0.03854
0.73851 0.53500
0.34731 0.89386
0.30208 0.46687
0.16805 0.92708
0.63586 0.00513
0.54268 0.22167
0.30496 0.01757
0.41236 0.47441
0.96864 0.84947
0.19406 0.32797
0.83979 0.26133
0.94551 0.20919
0.07669 0.36071
0.09807 0.14469
0.24120 0.35579
0.81991 0.75866
0.39831 0.51006
0.32266 0.03211
0.26208 0.71435
0.65628 0.36220
0.84084 0.27970
0.47040 0.69427
0.96774 0.40467
0.08342 0.09274
0.06193 0.97640
0.58268 0.36402
0.98417 0.18432
0.51999 0.57974
0.08535 0.22457
0.35774 0.69835
0.24497 0.04420
0.65119 0.44527
0.47511 0.09572
0.56024 0.32476
0.43949 0.75556
0.05802 0.82992
0.61881 0.23564
0.67696 0.14287
0.91752 0.36804
0.35287 0.61107
0.84223 0.87612
0.31572 0.43936
0.31255 0.37571
0.31790 0.40741
0.80892 0.01069
0.58108 0.55399
0.92516 0.21802
0.35641 0.20545
0.55141 0.25911
0.22468 0.00329
0.96966 0.96826
0.55309 0.69751
0.18389 0.45769
0.15286 0.42634
0.47493 0.63042
0.52652 0.49631
0.75964 0.31183
0.68436 0.42647
0.45847 0.93119
0.12530 0.51113
0.23360 0.62995
0.92987 0.08545
0.98719 0.23919
0.84405 0.07238
0.71516 0.29101
0.39438 0.23094
0.23754 0.11423
0.56649 0.87436
0.06832 0.06093
0.18879 0.02666
0.67694 0.44994
0.18503 0.64913
0.73940 0.78088
0.28470 0.84705
0.92545 0.21768
0.49751 0.70885
0.06401 0.64248
0.71645 0.19492
0.08419 0.70311
0.07016 0.87685
0.39995 0.72591
0.37597 0.25244
0.52589 0.92457
0.57450 0.37798
0.90416 0.86067
0.73137 0.45684
0.89539 0.51438
0.08957 0.25516
0.98364 0.38936
0.68795 0.22629
0.45828 0.11593
0.29645 0.28380
0.32380 0.49448
0.14324 0.32201
0.91426 0.77120
0.04929 0.61235
0.93753 0.68700
0.21919 0.71714
0.98205 0.16412
0.74915 0.87546
0.15487 0.22257
0.65019 0.33941
0.17421 0.68015
0.55954 0.62117
0.66084 0.85015
0.62120 0.91979
0.63738 0.12850
0.96314 0.06438
0.99402 0.88256
0.71688 0.29295
0.63795 0.15473
0.70438 0.34041
0.77288 0.35392
0.06015 0.83421
0.30125 0.84395
0.69143 0.29213
0.08855 0.31842
0.43135 0.81302
0.87189 0.75981
0.46893 0.88739
0.87988 0.68943
0.17778 0.82752
0.17774 0.57533
0.01277 0.14688
0.79874 0.88655
0.74866 0.49312
0.49916 0.30147
0.18281 0.06367
0.12741 0.32247
0.81784 0.58310
0.08208 0.33472
0.10760 0.26218
0.01087 0.15174
0.70086 0.10970
0.07242 0.77193
0.98596 0.21148
0.89515 0.69106
0.46185 0.47188
0.00637 0.04279
0.53960 0.17738
0.27575 0.59898
0.90936 0.97347
0.05278 0.02552
0.41803 0.55961
0.16602 0.04995
0.95012 0.86829
0.52540 0.42068
0.99802 0.43573
0.86595 0.46577
0.27455 0.49533
0.58132 0.08802
0.97273 0.04934
0.99455 0.08140
0.29830 0.16741
0.15190 0.88992
0.81997 0.37362
0.45174 0.62635
0.15993 0.17488
0.35061 0.34997
0.35604 0.64737
0.74872 0.60649
0.74165 0.69746
0.51360 0.08868
0.65974 0.14558
0.74136 0.99572
0.78801 0.47357
0.97491 0.13693
0.11355 0.40601
0.71870 0.92666
0.86788 0.28082
0.35867 0.35437
0.20765 0.88268
