0.58210 0.90917
0.43799 0.12354
0.85771 0.28791
0.65757 0.78236
0.14958 0.69559
0.83949 0.28745
0.67733 0.23615
0.24696 0.52738
0.21066 0.44385
0.58836 0.81980
0.28863 0.47074
0.96669 0.59026
0.22663 0.96148
0.23111 0.21488
0.86966 0.86610
0.38078 0.01790
0.27517 0.31911
0.89673 0.40117
0.46336 0.88461
0.52086 0.78810
0.50398 0.34851
0.13008 0.46379
0.01406 0.19892
0.90634 0.87686
0.94987 0.67638
0.25003 0.64254
0.87149 0.01992
0.87611 0.97411
0.93603 0.24107
0.39416 0.53518
0.66687 0.98338
0.29432 0.19685
0.94412 0.98380
0.47955 0.21017
0.41918 0.02305
0.67395 0.16513
0.68557 0.08311
0.02386 0.53833
0.01594 0.75216
0.04415 0.71657
0.36315 0.54331
0.03828 0.37991
0.51025 0.20232
0.94866 0.41780
0.92941 0.35324
0.74811 0.57231
0.55264 0.86300
0.33119 0.68672
0.03340 0.31935
0.47132 0.31263
0.91089 0.95475
0.41110 0.83835
0.31155 0.47911
0.69560 0.73689
0.88707 0.85714
0.49551 0.03296
0.35812 0.63415
0.42149 0.47758
0.66475 0.43612
0.62055 0.97787
0.56266 0.23190
0.06799 0.99906
0.60104 0.10813
0.16878 0.81539
0.96874 0.25601
0.05165 0.65338
0.06647 0.53921
0.11788 0.90350
0.40147 0.02415
0.13699 0.67459
0.76289 0.91784
0.25404 0.93906
0.54738 0.02780
0.16739 0.19813
0.28776 0.24920
0.76641 0.19242
0.20151 0.88244
0.80058 0.63991
0.22182 0.31223
0.90637 0.54250
0.40087 0.45041
0.11762 0.07031
0.88998 0.73754
0.18180 0.88896
0.46285 0.45763
0.01462 0.07421
0.57128 0.60317
0.70150 0.81238
0.71930 0.58128
0.14326 0.29287
0.96378 0.60900
0.21577 0.28351
0.35186 0.52669
0.68371 0.86088
0.71766 0.63464
0.27808 0.31696
0.45963 0.79511
0.88121 0.23313
0.63934 0.94208
0.02332 0.61603
0.17025 0.07712
0.56647 0.33789
0.57520 0.79367
0.64297 0.66422
0.68334 0.80811
0.50685 0.49848
0.29306 0.08775
0.72524 0.41432
0.56446 0.06881
0.77987 0.73889
0.94297 0.32791
0.01443 0.06912
0.46406 0.47474
0.19418 0.40756
0.59615 0.32182
0.84534 0.56080
0.14214 0.61185
0.63631 0.65968
0.61244 0.71412
0.56334 0.73125
0.86036 0.68746
0.94850 0.60869
0.21765 0.80730
0.48085 0.71140
0.41820 0.91927
0.39753 0.59686
0.38013 0.94680
0.88974 0.96106
0.90641 0.87450
0.08581 0.69413
0.12016 0.35157
0.57932 0.47083
0.40029 0.53033
0.39245 0.88746
0.87606 0.68975
0.01113 0.32944
0.73367 0.87607
0.20870 0.66665
0.20632 0.61597
0.40672 0.62903
0.41258 0.68554
0.80070 0.59403
0.14827 0.24301
0.09890 0.57850
0.60148 0.19949
0.01275 0.70129
0.11535 0.07601
0.70737 0.48307
0.54525 0.85442
0.03039 0.55755
0.68616 0.01361
0.77659 0.74527
0.65198 0.11475
0.43194 0.26864
0.26932 0.99904
0.47054 0.26504
0.77791 0.80918
0.08338 0.76428
0.08974 0.06337
0.23673 0.36472
0.88843 0.05429
0.94477 0.21675
0.81494 0.37906
0.85110 0.46547
0.41897 0.33354
0.81046 0.17230
0.56570 0.76846
0.31901 0.60788
0.29063 0.22500
0.35180 0.72169
0.71429 0.54717
0.47839 0.92675
0.51968 0.88331
0.01163 0.11083
0.96197 0.88132
0.79904 0.02672
0.51760 0.19210
0.46171 0.33257
0.56593 0.85244
0.21455 0.25190
0.24373 0.00194
0.08324 0.90527
0.48437 0.32084
0.91393 0.95235
0.02297 0.27628
0.08318 0.98351
0.78394 0.04332
0.48554 0.81074
0.21545 0.09779
0.50163 0.93664
0.89801 0.46879
0.22065 0.55451
0.74015 0.07151
0.16643 0.31745
0.47658 0.24356
0.08486 0.25105
0.31004 0.36235
0.41784 0.90480
0.29444 0.66363
0.36349 0.06510
0.55282 0.68765
0.80122 0.41749
0.77221 0.14893
0.74286 0.33466
0.44552 0.46174
0.66495 0.60047
0.89421 0.68395
0.72098 0.72110
0.11111 0.11032
0.65586 0.75897
0.06003 0.65121
0.76026 0.77128
0.15264 0.25279
0.36362 0.73200
0.23150 0.40244
0.37566 0.87078
0.15341 0.86272
0.88514 0.96428
0.61706 0.08201
0.61229 0.89920
0.34127 0.57472
0.47078 0.13154
0.58626 0.50613
0.71126 0.97073
0.60695 0.28173
0.37847 0.52462
0.73219 0.52712
0.38161 0.76950
0.15889 0.45129
0.37027 0.43240
0.41060 0.35965
0.01157 0.50273
0.68749 0.61052
0.76841 0.31145
0.47205 0.83918
0.85757 0.17825
0.09721 0.66085
0.46229 0.01202
0.60367 0.57471
0.12918 0.55204
0.86693 0.94249
0.33787 0.22167
0.92911 0.58154
0.69087 0.46421
0.76897 0.75321
0.70464 0.56083
0.00079 0.89941
0.28685 0.85609
0.17860 0.34608
0.04354 0.66404
0.82691 0.75397
0.20537 0.81935
0.06940 0.51744
0.62801 0.57565
0.04571 0.48125
0.90222 0.41582
