0.97653 0.97439
0.21599 0.10900
0.25309 0.67553
0.55620 0.24222
0.02163 0.18789
0.48353 0.20911
0.33461 0.24559
0.08909 0.72453
0.77233 0.96884
0.47371 0.31375
0.56099 0.43989
0.78725 0.90888
0.68926 0.64625
0.68245 0.28103
0.83662 0.28092
0.82400 0.01951
0.19822 0.72131
0.97355 0.62226
0.12195 0.91334
0.00870 0.11344
0.93636 0.60503
0.24648 0.25155
0.62701 0.96377
0.70566 0.54719
0.48012 0.27595
0.10602 0.86140
0.92999 0.50544
0.76017 0.03065
0.54220 0.92510
0.92221 0.14423
0.92049 0.10982
0.63012 0.16468
0.06585 0.68216
0.31823 0.26673
0.38814 0.63278
0.38830 0.50420
0.44578 0.84817
0.42577 0.13802
0.25967 0.29810
0.21739 0.90460
0.84531 0.89985
0.93981 0.63000
0.24529 0.15672
0.07357 0.74766
0.64521 0.70220
0.98482 0.96872
0.80187 0.66651
0.24413 0.30970
0.38777 0.73856
0.01212 0.77302
0.68818 0.97061
0.13616 0.20251
0.69989 0.71574
0.92462 0.84124
0.73581 0.53777
0.16472 0.47089
0.04119 0.19224
0.78692 0.98974
0.80142 0.17430
0.75071 0.26772
0.90885 0.88898
0.45872 0.04666
0.36615 0.08088
0.88056 0.78259
0.21394 0.70405
0.94611 0.47162
0.64862 0.43571
0.39189 0.29590
0.46233 0.66029
0.37262 0.23317
0.89952 0.17871
0.88863 0.41675
0.85816 0.61005
0.41350 0.11607
0.63493 0.98626
0.68056 0.84127
0.06455 0.56213
0.63032 0.29048
0.12547 0.58254
0.28168 0.86686
0.24728 0.20955
0.17138 0.61971
0.90222 0.38571
0.54023 0.64270
0.53630 0.13729
0.12597 0.93410
0.42526 0.20854
0.59363 0.88021
0.95105 0.85830
0.56657 0.29061
0.62587 0.21754
0.19451 0.91784
0.54047 0.77601
0.51088 0.12300
0.72164 0.23311
0.60610 0.34124
0.38963 0.41711
0.93089 0.20292
0.38659 0.13342
0.24049 0.30867
0.03225 0.17876
0.33800 0.55011
0.81595 0.78875
0.91336 0.37596
0.07022 0.12247
0.80601 0.03582
0.59043 0.40448
0.84076 0.12240
0.75762 0.21048
0.95697 0.94185
0.09897 0.60966
0.69448 0.19720
0.64196 0.09112
0.62286 0.70376
0.71452 0.10421
0.14165 0.93963
0.98807 0.68310
0.78084 0.59733
0.75395 0.14531
0.12983 0.67543
0.69248 0.05795
0.09027 0.70319
0.28503 0.03582
0.75257 0.66405
0.45347 0.93168
0.46777 0.18881
0.26723 0.18113
0.40267 0.08562
0.07174 0.70991
0.33650 0.19889
0.53216 0.63275
0.99915 0.04131
0.33075 0.84969
0.57290 0.24739
0.12726 0.35849
0.50273 0.90200
0.01294 0.96163
0.42740 0.32258
0.69898 0.01320
0.94757 0.92609
0.21306 0.15755
0.18798 0.99289
0.22795 0.87078
0.33344 0.33990
0.15227 0.22218
0.91056 0.07847
0.11180 0.38664
0.03283 0.37803
0.06410 0.78834
0.58321 0.12518
0.11878 0.18340
0.72169 0.45643
0.14782 0.24945
0.54050 0.08325
0.63511 0.65960
0.75491 0.01925
0.76684 0.88390
0.29150 0.18616
0.01205 0.64518
0.85549 0.49610
0.88690 0.17019
0.38737 0.38895
0.20310 0.70063
0.34598 0.94225
0.44618 0.38903
0.70307 0.32377
0.89435 0.55725
0.87369 0.86057
0.90322 0.04775
0.49342 0.20099
0.97900 0.75898
0.78857 0.71016
0.17102 0.37512
0.72696 0.37490
0.20447 0.71728
0.78462 0.95942
0.29343 0.32121
0.29682 0.42688
0.77991 0.01494
0.10063 0.86265
0.21273 0.25653
0.74081 0.95103
0.86635 0.49834
0.15889 0.45960
0.50120 0.44383
0.29668 0.48214
0.85748 0.51937
0.07251 0.03380
0.53819 0.33401
0.01341 0.94304
0.79285 0.21113
0.59730 0.96934
0.65042 0.57071
0.04422 0.66323
0.02156 0.64053
0.37024 0.24136
0.85233 0.37145
0.19857 0.41012
0.43647 0.29543
0.68430 0.22436
0.89293 0.37002
0.49429 0.73209
0.59742 0.76857
0.93472 0.95529
0.42500 0.54545
0.87381 0.47934
0.90214 0.60686
0.68438 0.32494
0.35285 0.01660
0.40631 0.49672
0.73174 0.29930
0.41869 0.74205
0.38641 0.00598
0.10285 0.46126
0.45769 0.20631
0.87714 0.85360
0.23420 0.72639
0.21021 0.72177
0.33708 0.85039
0.55114 0.17691
0.69679 0.65657
0.15924 0.57059
0.33204 0.30850
0.65722 0.97554
0.84499 0.97941
0.69341 0.45451
0.93144 0.82420
0.97775 0.36064
0.85168 0.68532
0.23626 0.58467
0.38706 0.35400
0.50643 0.75507
0.61611 0.77104
0.33774 0.13449
0.93174 0.07301
0.63452 0.75414
0.46782 0.31444
0.81821 0.61705
0.62494 0.87057
0.06503 0.85902
0.08896 0.83711
0.24315 0.96020
0.36499 0.49784
0.10046 0.17686
0.01213 0.97554
0.95597 0.05292
0.64382 0.20294
0.98200 0.51723
0.33777 0.24871
0.23356 0.34310
0.39979 0.12979
0.86894 0.89695
0.82807 0.07647
0.49481 0.49576
0.63081 0.19959
0.37726 0.84528
