0.02274 0.31850
0.31788 0.90335
0.47544 0.91822
0.08338 0.94554
0.10399 0.74715
0.54551 0.10247
0.73477 0.33985
0.65743 0.02904
0.73151 0.81374
0.78620 0.96436
0.48706 0.39501
0.59523 0.62475
0.38498 0.91362
0.46438 0.93581
0.83769 0.39482
0.96782 0.93735
0.34005 0.59705
0.24058 0.37047
0.36219 0.78581
0.34938 0.64239
0.41522 0.46831
0.38577 0.52503
0.72478 0.62816
0.28357 0.27426
0.97747 0.65136
0.80049 0.67192
0.96970 0.97777
0.11949 0.61877
0.01331 0.33652
0.21234 0.31456
0.77648 0.86985
0.10148 0.73005
0.17967 0.99153
0.64351 0.03536
0.29095 0.48187
0.96185 0.16088
0.60715 0.27091
0.02522 0.50178
0.06972 0.62760
0.78968 0.54098
0.78058 0.17783
0.17781 0.93846
0.98924 0.65078
0.34880 0.29500
0.93983 0.42244
0.81768 0.45221
0.53110 0.72592
0.79346 0.18214
0.54635 0.78986
0.54401 0.79542
0.91423 0.40548
0.28793 0.74721
0.04046 0.04160
0.63932 0.89614
0.42473 0.04058
0.08578 0.82578
0.66588 0.90061
0.69960 0.58156
0.33674 0.79660
0.04154 0.73047
0.94089 0.05342
0.94357 0.19462
0.27716 0.15398
0.15849 0.93690
0.57041 0.42907
0.25014 0.85855
0.23899 0.99621
0.70194 0.67930
0.72885 0.89468
0.32060 0.43912
0.70697 0.68757
0.47045 0.93716
0.20499 0.35864
0.99954 0.34040
0.39473 0.62695
0.21410 0.97898
0.37814 0.98823
0.58907 0.21398
0.17642 0.55491
0.90052 0.75480
0.53486 0.15049
0.04823 0.74152
0.88996 0.37106
0.94635 0.96241
0.76851 0.69044
0.05923 0.87672
0.57179 0.91993
0.64616 0.09049
0.25237 0.46426
0.25471 0.56621
0.82239 0.75816
0.61769 0.24056
0.26482 0.72783
0.60658 0.86253
0.13981 0.53241
0.83510 0.60854
0.77457 0.93879
0.37993 0.12447
0.02272 0.30816
0.21811 0.26670
0.14269 0.66769
0.55299 0.74550
0.80446 0.36376
0.52193 0.78464
0.98895 0.63504
0.30180 0.59129
0.91977 0.54134
0.64671 0.06795
0.49582 0.61401
0.53056 0.29476
0.31619 0.21865
0.45391 0.14480
0.55027 0.13957
0.21811 0.86757
0.26228 0.10025
0.84874 0.30673
0.94207 0.96335
0.41171 0.97901
0.62511 0.81428
0.32384 0.56015
0.18611 0.50292
0.31698 0.23762
0.29316 0.27572
0.89485 0.34545
0.79209 0.84864
0.58226 0.04481
0.48564 0.60398
0.46381 0.32648
0.22900 0.12868
0.33374 0.83572
0.80383 0.86157
0.67249 0.75642
0.12801 0.22811
0.54686 0.97569
0.04831 0.35546
0.45725 0.00936
0.10339 0.67522
0.26079 0.02497
0.56443 0.58160
0.27505 0.44522
0.13745 0.85241
0.59367 0.23703
0.21364 0.32822
0.64453 0.19433
0.74832 0.06311
0.05794 0.02549
0.88395 0.98142
0.37497 0.24667
0.28900 0.55167
0.61818 0.97139
0.10699 0.40295
0.26371 0.27204
0.84945 0.67516
0.80442 0.49555
0.80946 0.21977
0.88682 0.60368
0.52748 0.29215
0.95103 0.40519
0.97495 0.69401
0.64142 0.91123
0.86851 0.11488
0.89637 0.80467
0.25463 0.78415
0.46968 0.55474
0.40301 0.87220
0.21688 0.08009
0.31942 0.24712
0.09345 0.72628
0.94635 0.43775
0.29014 0.58983
0.24527 0.71431
0.00180 0.38612
0.20766 0.39787
0.87051 0.30830
0.60121 0.10831
0.85284 0.10116
0.60372 0.82028
0.60272 0.52724
0.02173 0.53999
0.16211 0.82038
0.64198 0.88340
0.24624 0.15648
0.96888 0.13765
0.76912 0.68630
0.77416 0.34862
0.60341 0.92636
0.79085 0.97295
0.87946 0.68662
0.72500 0.79543
0.04163 0.57914
0.14933 0.92592
0.68188 0.53734
0.89716 0.75514
0.56330 0.59867
0.63399 0.70935
0.29199 0.73024
0.54181 0.91652
0.80939 0.89156
0.37040 0.79218
0.76464 0.77795
0.77736 0.90292
0.90678 0.52290
0.45986 0.84860
0.20710 0.36429
0.61220 0.92757
0.50642 0.25098
0.41201 0.09805
0.70373 0.39434
0.55323 0.58409
0.06275 0.11785
0.19293 0.93823
0.47015 0.36434
0.61066 0.46125
0.21446 0.66667
0.47399 0.41857
0.44826 0.81934
0.99710 0.64972
0.82451 0.01010
0.09898 0.96480
0.45209 0.92564
0.69734 0.35071
0.34206 0.22379
0.97214 0.43344
0.92283 0.32738
0.39195 0.81302
0.02980 0.97742
0.58213 0.22548
0.86369 0.51986
0.16399 0.19646
0.49355 0.49678
0.64131 0.87175
0.16846 0.38417
0.54459 0.48593
0.11320 0.57677
0.14986 0.57852
0.93489 0.74999
0.06357 0.19475
0.91426 0.37655
0.06517 0.26949
0.82430 0.87004
0.88290 0.45205
0.03676 0.54619
0.34117 0.47938
0.14313 0.70627
0.64956 0.84481
0.13620 0.15990
0.54344 0.77465
0.07064 0.15358
0.18235 0.85192
0.64602 0.84235
0.07027 0.60827
0.92006 0.68916
0.63972 0.87513
0.66327 0.33187
0.53643 0.51401
0.18367 0.07075
