0.57252 0.35815
0.59339 0.53604
0.21349 0.04447
0.17668 0.32500
0.89016 0.51739
0.14629 0.19560
0.18600 0.95123
0.50452 0.93723
0.29605 0.28796
0.23394 0.01849
0.92743 0.84350
0.51210 0.01042
0.14830 0.73882
0.60534 0.76911
0.38969 0.66097
0.30530 0.24982
0.50982 0.14685
0.49001 0.81140
0.40171 0.54840
0.86471 0.43016
0.31414 0.40805
0.69979 0.45814
0.17596 0.21888
0.04282 0.17584
0.04455 0.72369
0.12699 0.45874
0.32775 0.95398
0.43633 0.73494
0.97983 0.47948
0.29719 0.89589
0.41440 0.81327
0.87235 0.55410
0.73231 0.54571
0.63486 0.40086
0.52486 0.28884
0.74277 0.52823
0.20129 0.07390
0.81677 0.38591
0.75475 0.43392
0.93833 0.74851
0.12281 0.62131
0.64458 0.44776
0.96201 0.58748
0.72481 0.93327
0.06706 0.53213
0.08025 0.37371
0.42374 0.87129
0.46857 0.71724
0.40989 0.95628
0.26559 0.14046
0.37393 0.73913
0.53944 0.86839
0.63267 0.29086
0.13147 0.01622
0.76859 0.23056
0.95302 0.97273
0.74535 0.28748
0.11318 0.38341
0.37763 0.51306
0.35585 0.05127
0.48707 0.70997
0.76007 0.03637
0.83187 0.04527
0.88623 0.55571
0.29767 0.46855
0.35445 0.87521
0.80974 0.66410
0.24501 0.27129
0.26776 0.39282
0.24948 0.60137
0.81827 0.11703
0.67772 0.26018
0.85535 0.52621
0.91890 0.21831
0.43837 0.54770
0.58477 0.06617
0.70546 0.95513
0.74964 0.35681
0.04378 0.04539
0.52547 0.88857
0.32252 0.78527
0.68260 0.64994
0.86709 0.94024
0.54812 0.10657
0.53342 0.55053
0.06165 0.48501
0.42707 0.97819
0.25906 0.45426
0.15245 0.39804
0.23970 0.59735
0.73006 0.61142
0.43680 0.24932
0.08540 0.09068
0.97181 0.26049
0.48375 0.73143
0.09358 0.14201
0.69858 0.64137
0.37992 0.13974
0.56124 0.57113
0.84405 0.54017
0.26220 0.65685
0.98898 0.51863
0.58738 0.77552
0.74308 0.45166
0.71000 0.37157
0.79847 0.25893
0.08820 0.88115
0.45321 0.01825
0.22413 0.76810
0.60028 0.79424
0.95854 0.02552
0.77790 0.68332
0.45525 0.60521
0.53717 0.22445
0.75498 0.35298
0.57397 0.35683
0.61205 0.45333
0.26367 0.54673
0.69735 0.09371
0.19706 0.66713
0.20793 0.06035
0.22492 0.22483
0.61159 0.86874
0.01245 0.95268
0.42858 0.11792
0.77375 0.44321
0.89273 0.61228
0.70255 0.15723
0.08242 0.76647
0.15984 0.91530
0.14713 0.46317
0.33718 0.19620
0.53924 0.92924
0.93801 0.22054
0.62314 0.30069
0.35007 0.50163
0.14582 0.63378
0.73891 0.47936
0.10544 0.48389
0.27599 0.39278
0.95475 0.54328
0.01517 0.18986
0.16269 0.76467
0.02238 0.56076
0.39397 0.15338
0.93127 0.30771
0.40525 0.89059
0.23609 0.57651
0.74766 0.76033
0.16806 0.17449
0.01367 0.32449
0.96594 0.06188
0.47593 0.34464
0.68294 0.98356
0.44902 0.25876
0.56824 0.95353
0.44527 0.43866
0.52041 0.16490
0.63830 0.34112
0.38405 0.30768
0.93643 0.21748
0.37878 0.96644
0.11732 0.98092
0.28669 0.09032
0.77145 0.87302
0.67079 0.43980
0.38164 0.27666
0.62076 0.35927
0.34234 0.89090
0.30606 0.49759
0.02337 0.06399
0.83784 0.95188
0.26559 0.67058
0.90355 0.28614
0.16163 0.61240
0.55639 0.03158
0.14005 0.10207
0.44665 0.86355
0.19012 0.41983
0.92088 0.48524
0.54922 0.03619
0.39658 0.20821
0.24341 0.89002
0.77144 0.36235
0.25720 0.36791
0.57344 0.45975
0.81815 0.32486
0.34823 0.27694
0.38602 0.46383
0.05348 0.06727
0.13031 0.32880
0.68103 0.18356
0.99685 0.15422
0.32232 0.11375
0.05446 0.28074
0.62682 0.78087
0.97951 0.33386
0.40523 0.01712
0.42062 0.55471
0.82468 0.38896
0.89209 0.92355
0.80695 0.09743
0.08335 0.03668
0.97987 0.95241
0.72666 0.41517
0.51166 0.58421
0.33058 0.52854
0.50488 0.91441
0.10917 0.74433
0.73148 0.69979
0.54160 0.18528
0.35450 0.51071
0.51620 0.77156
0.49902 0.88747
0.41178 0.32493
0.43192 0.32512
0.07528 0.06814
0.11392 0.03229
0.15397 0.32706
0.99812 0.60310
0.08157 0.28298
0.07655 0.00614
0.10691 0.47072
0.97691 0.16438
0.39445 0.74297
0.16205 0.04045
0.80834 0.65408
0.08948 0.58975
0.30782 0.68968
0.55313 0.16785
0.50277 0.49132
0.42387 0.59110
0.03983 0.29647
0.70581 0.92137
0.83324 0.05919
0.92493 0.91504
0.81869 0.87060
0.31542 0.14443
0.46436 0.39282
0.51645 0.16596
0.31998 0.38706
0.30421 0.15497
0.51321 0.96429
0.33863 0.53883
0.59989 0.14301
0.03492 0.02582
0.84105 0.73921
0.61820 0.25666
0.28739 0.13412
0.57264 0.66819
0.90389 0.02208
0.85481 0.66720
0.18073 0.52795
0.20162 0.49969
0.55467 0.31622
0.50313 0.44528
