0.73288 0.62324
0.00658 0.79595
0.64581 0.63050
0.36679 0.63552
0.70843 0.40601
0.51377 0.61239
0.67330 0.75321
0.28452 0.18804
0.62119 0.83308
0.45677 0.15760
0.57188 0.60397
0.18561 0.36843
0.83890 0.06592
0.07861 0.08202
0.03250 0.54547
0.56632 0.03979
0.73701 0.51435
0.95972 0.10434
0.15430 0.95691
0.77230 0.62362
0.97316 0.02534
0.42521 0.82456
0.29271 0.07677
0.15016 0.16043
0.43524 0.56574
0.79349 0.41446
0.18366 0.66586
0.57261 0.35660
0.36377 0.18539
0.65001 0.59553
0.37295 0.09129
0.76159 0.83832
0.44241 0.02996
0.64364 0.05827
0.48353 0.13927
0.78262 0.86399
0.34623 0.45767
0.57119 0.28596
0.60503 0.51533
0.53640 0.88885
0.12016 0.20901
0.38184 0.73549
0.41485 0.66550
0.13542 0.73303
0.82430 0.57741
0.10122 0.15894
0.85234 0.31856
0.31445 0.29902
0.44614 0.98705
0.50738 0.19812
0.58647 0.85426
0.28267 0.74546
0.99879 0.56971
0.71287 0.59408
0.90712 0.23541
0.14952 0.68470
0.56060 0.67046
0.05530 0.83917
0.38365 0.14867
0.55628 0.17276
0.97644 0.40679
0.79694 0.83715
0.20482 0.56653
0.17486 0.51399
0.59227 0.67321
0.98559 0.86839
0.06344 0.05604
0.38680 0.53480
0.33667 0.39005
0.45461 0.56824
0.01889 0.39589
0.89475 0.56854
0.14811 0.08330
0.88672 0.73021
0.42112 0.38199
0.11873 0.80101
0.70902 0.57871
0.49042 0.48932
0.72805 0.86264
0.27041 0.76375
0.56339 0.75964
0.46783 0.51193
0.84032 0.87941
0.47920 0.67636
0.34937 0.77722
0.95158 0.11160
0.17052 0.16984
0.00187 0.28265
0.58962 0.42006
0.37774 0.96669
0.62797 0.87583
0.18735 0.89411
0.61484 0.84911
0.90214 0.28024
0.00272 0.01120
0.26334 0.55235
0.64185 0.48140
0.97247 0.36727
0.26187 0.49262
0.41093 0.93020
0.16580 0.67073
0.11249 0.06569
0.94394 0.34615
0.91264 0.90358
0.00862 0.16178
0.61890 0.60574
0.11429 0.46827
0.45197 0.39627
0.27425 0.27008
0.91535 0.66323
0.55507 0.85282
0.18344 0.50389
0.14875 0.94909
0.22324 0.40447
0.96850 0.13679
0.23999 0.16153
0.73625 0.78951
0.46830 0.65093
0.17600 0.54068
0.16400 0.73231
0.88597 0.54931
0.77609 0.78121
0.22603 0.45635
0.76463 0.93103
0.82128 0.96165
0.07573 0.23342
0.93277 0.46065
0.00537 0.57874
0.01397 0.73991
0.11012 0.70838
0.49424 0.83830
0.52650 0.74551
0.46073 0.97239
0.29595 0.10699
0.88162 0.26602
0.98226 0.95755
0.60879 0.24656
0.64107 0.95090
0.91457 0.22618
0.60818 0.71822
0.85256 0.14970
0.42354 0.22332
0.42759 0.89422
0.75104 0.79785
0.36563 0.45037
0.02663 0.74104
0.26012 0.01947
0.65656 0.98773
0.38203 0.66910
0.37550 0.04763
0.33384 0.34329
0.55145 0.69774
0.23897 0.21799
0.71439 0.36846
0.77023 0.88702
0.31212 0.75396
0.39837 0.14646
0.20507 0.46946
0.53573 0.32222
0.81447 0.53823
0.06638 0.28940
0.55223 0.92280
0.75885 0.24927
0.23855 0.70026
0.90021 0.00964
0.10077 0.95205
0.93874 0.72757
0.32637 0.28834
0.00056 0.58767
0.09652 0.77569
0.72561 0.03280
0.83361 0.81838
0.93163 0.54915
0.94656 0.76531
0.62949 0.15023
0.84351 0.00199
0.13353 0.87354
0.56509 0.60821
0.50634 0.51984
0.46891 0.32954
0.38218 0.77198
0.68424 0.48912
0.13976 0.90281
0.37295 0.71869
0.18805 0.96193
0.98608 0.57254
0.19479 0.18955
0.19261 0.49885
0.63578 0.85972
0.14740 0.19742
0.40930 0.76744
0.99162 0.11622
0.21964 0.73378
0.49281 0.43398
0.37482 0.48398
0.17038 0.57121
0.31616 0.32526
0.10580 0.48564
0.27281 0.26691
0.50958 0.81219
0.66951 0.34763
0.80008 0.55014
0.39374 0.61876
0.65973 0.27145
0.32078 0.77309
0.87607 0.46232
0.30140 0.84869
0.12739 0.84179
0.09421 0.07971
0.22588 0.16254
0.62654 0.65140
0.62639 0.79238
0.56874 0.74045
0.37972 0.62084
0.44042 0.65382
0.04716 0.94881
0.05820 0.99104
0.06800 0.04964
0.75055 0.30119
0.12106 0.75418
0.21709 0.83676
0.38811 0.65234
0.34682 0.20553
0.50972 0.86093
0.97567 0.95065
0.03820 0.98789
0.76606 0.52704
0.43162 0.14614
0.12402 0.84493
0.55497 0.49548
0.38397 0.29290
0.08468 0.97236
0.47715 0.85250
0.52559 0.96822
0.83501 0.17825
0.86216 0.39178
0.02610 0.29593
0.86779 0.51029
0.56518 0.94864
0.02539 0.11065
0.14594 0.23909
0.22863 0.73512
0.28976 0.19597
0.79704 0.27716
0.78217 0.99813
0.64406 0.08734
0.53927 0.56334
0.87286 0.34801
0.94034 0.23870
0.37319 0.66473
0.80131 0.23883
0.68110 0.45261
0.43020 0.26991
0.88290 0.81555
0.79408 0.74289
0.48562 0.00718
