0.43140 0.98692
0.95338 0.84678
0.77270 0.34150
0.66500 0.88727
0.02024 0.94469
0.32580 0.56034
0.32768 0.37221
0.82558 0.52015
0.96187 0.02910
0.69871 0.67193
0.30339 0.71555
0.54616 0.36665
0.75299 0.71698
0.30752 0.90677
0.54948 0.63017
0.15631 0.32051
0.73646 0.80126
0.54236 0.38902
0.01775 0.19193
0.37303 0.03943
0.24455 0.04049
0.03826 0.89228
0.12980 0.95541
0.03099 0.81811
0.99193 0.65317
0.28851 0.50923
0.20192 0.58628
0.84024 0.39331
0.40522 0.71616
0.92093 0.33871
0.87172 0.18722
0.99235 0.30915
0.06060 0.79514
0.64426 0.71238
0.53072 0.92885
0.97536 0.21426
0.84632 0.49897
0.05460 0.05081
0.11269 0.56685
0.09855 0.69325
0.88162 0.53140
0.44839 0.36615
0.70326 0.73441
0.54467 0.86530
0.65725 0.82854
0.78431 0.93257
0.03032 0.70218
0.61305 0.98478
0.51515 0.61500
0.42249 0.05179
0.97252 0.37510
0.62669 0.80173
0.27859 0.94088
0.61747 0.59689
0.60649 0.44086
0.51433 0.39490
0.48911 0.35404
0.23529 0.45661
0.39070 0.21234
0.31533 0.00281
0.26427 0.23099
0.30755 0.47579
0.57291 0.43316
0.40039 0.14764
0.80117 0.76416
0.80496 0.26166
0.75630 0.73998
0.64605 0.79540
0.11576 0.64707
0.11773 0.43014
0.06677 0.21785
0.76395 0.70885
0.68419 0.79777
0.10701 0.25532
0.09581 0.72599
0.70629 0.56981
0.02879 0.79302
0.99723 0.61403
0.63987 0.01195
0.61061 0.57999
0.09971 0.83848
0.30680 0.24600
0.86419 0.76883
0.19661 0.92339
0.56802 0.75363
0.10359 0.07174
0.83275 0.83617
0.85531 0.37154
0.50488 0.40175
0.96659 0.19635
0.06975 0.29519
0.36787 0.84348
0.39267 0.53298
0.64327 0.31528
0.51803 0.13375
0.61545 0.57985
0.20979 0.24112
0.56457 0.14218
0.94761 0.86067
0.84715 0.01903
0.97789 0.41924
0.45874 0.25400
0.51527 0.83338
0.58643 0.55003
0.47369 0.20467
0.03193 0.69356
0.66237 0.88040
0.05132 0.69048
0.19226 0.12059
0.73154 0.64093
0.41422 0.14447
0.05509 0.32459
0.11280 0.42808
0.84560 0.76564
0.37729 0.27503
0.55593 0.41540
0.08051 0.08085
0.17974 0.60743
0.46014 0.84453
0.04530 0.43959
0.02443 0.22085
0.02643 0.85453
0.53667 0.12942
0.70862 0.11135
0.48742 0.23215
0.84760 0.99962
0.12823 0.61318
0.27328 0.26019
0.52499 0.76849
0.67141 0.71627
0.07829 0.11434
0.93036 0.54770
0.51505 0.07100
0.23166 0.25491
0.00294 0.53086
0.84710 0.45878
0.82316 0.53898
0.00142 0.57360
0.67164 0.79253
0.55869 0.10233
0.78233 0.48138
0.37834 0.09056
0.05586 0.97857
0.93254 0.51340
0.19530 0.86315
0.74647 0.17925
0.53995 0.85030
0.61148 0.33926
0.32890 0.81940
0.94347 0.46561
0.89545 0.16435
0.20931 0.84135
0.12897 0.40832
0.21938 0.23982
0.69756 0.29117
0.95449 0.58030
0.04703 0.57378
0.75837 0.59155
0.29901 0.44453
0.56738 0.16517
0.02832 0.55943
0.16247 0.63336
0.79095 0.11316
0.46601 0.84431
0.36888 0.58392
0.11131 0.74605
0.79415 0.19323
0.90606 0.15074
0.30009 0.10296
0.79705 0.80975
0.64855 0.89651
0.85068 0.06210
0.95713 0.56796
0.91737 0.90416
0.63769 0.88091
0.21233 0.02168
0.35390 0.31155
0.87261 0.18094
0.71864 0.04266
0.22105 0.81037
0.76118 0.18939
0.98516 0.15631
0.35472 0.62886
0.65207 0.40157
0.04492 0.43747
0.21966 0.93983
0.07908 0.20427
0.23049 0.38904
0.34346 0.32390
0.33151 0.75113
0.45753 0.78111
0.80486 0.69946
0.43220 0.58950
0.32225 0.46766
0.15532 0.55457
0.41454 0.71304
0.92441 0.92987
0.82315 0.21718
0.87856 0.62637
0.30830 0.95822
0.21419 0.07004
0.19422 0.01947
0.90854 0.10579
0.00005 0.74202
0.26870 0.86086
0.77490 0.02067
0.11079 0.88678
0.00541 0.40550
0.50245 0.12985
0.87699 0.50668
0.81349 0.51372
0.33117 0.45736
0.48888 0.19339
0.82381 0.33371
0.06616 0.35295
0.53910 0.70021
0.81610 0.15029
0.94189 0.37124
0.95570 0.14589
0.13240 0.84575
0.13640 0.66845
0.99528 0.52742
0.98094 0.17164
0.30708 0.70843
0.19913 0.80040
0.78799 0.24911
0.64862 0.86125
0.48225 0.36994
0.17600 0.11862
0.38851 0.63902
0.74753 0.97066
0.74613 0.87290
0.41253 0.36915
0.49960 0.55554
0.05313 0.59515
0.20664 0.02290
0.13290 0.01686
0.17698 0.55313
0.35947 0.25738
0.08624 0.81910
0.19757 0.78140
0.97918 0.55827
0.57414 0.21777
0.93030 0.51659
0.83809 0.16873
0.56240 0.83320
0.41324 0.23855
0.57033 0.17996
0.21707 0.00865
0.18742 0.66078
0.11052 0.79174
0.68741 0.85948
0.64378 0.77112
0.44744 0.04303
0.72709 0.62047
0.99303 0.61934
