0.77300 0.33605
0.78042 0.26137
0.96723 0.25589
0.20327 0.11142
0.08497 0.38338
0.09660 0.05167
0.72369 0.74390
0.64477 0.52233
0.94525 0.80743
0.33260 0.24660
0.31922 0.86244
0.22273 0.91163
0.09423 0.22994
0.56511 0.69205
0.07665 0.76193
0.56611 0.52631
0.73009 0.67673
0.81974 0.72843
0.95796 0.16781
0.15411 0.82639
0.92163 0.26971
0.95566 0.14350
0.54421 0.68366
0.31182 0.18999
0.01796 0.30359
0.52914 0.37625
0.15153 0.26244
0.58013 0.07554
0.70830 0.13808
0.71918 0.01136
0.42172 0.22846
0.23648 0.78886
0.13045 0.86637
0.50816 0.74324
0.76635 0.74248
0.79474 0.81724
0.20774 0.31014
0.20881 0.35881
0.91019 0.89084
0.75177 0.24873
0.71799 0.35812
0.31283 0.47645
0.88185 0.34363
0.93288 0.50391
0.18617 0.85603
0.46402 0.93746
0.84516 0.07442
0.78293 0.83489
0.02321 0.49496
0.43637 0.54763
0.73971 0.39998
0.31024 0.31717
0.12657 0.61543
0.96840 0.80336
0.26831 0.76673
0.22392 0.91492
0.13641 0.37327
0.22209 0.28383
0.90610 0.59966
0.59196 0.90676
0.59122 0.95851
0.17196 0.71564
0.01841 0.11299
0.43131 0.19740
0.70860 0.99513
0.53706 0.37380
0.60355 0.27738
0.42183 0.11765
0.28270 0.25008
0.14214 0.48009
0.37462 0.51831
0.68731 0.98256
0.67008 0.23812
0.74597 0.35437
0.24775 0.37480
0.74221 0.52665
0.16873 0.97927
0.92929 0.51111
0.53895 0.54585
0.41408 0.13234
0.56980 0.09720
0.82805 0.99743
0.79027 0.21528
0.79474 0.21897
0.85468 0.31784
0.87218 0.21167
0.57336 0.36347
0.34664 0.44820
0.47220 0.45167
0.70053 0.45287
0.61870 0.09539
0.87749 0.32761
0.43815 0.96050
0.51927 0.24604
0.61482 0.32724
0.45015 0.23489
0.01280 0.68968
0.63608 0.17899
0.72927 0.67557
0.19982 0.80656
0.12930 0.43411
0.35920 0.08342
0.32879 0.47471
0.64702 0.78047
0.07381 0.37845
0.16759 0.57223
0.90028 0.64432
0.14225 0.53547
0.99035 0.78529
0.91215 0.78598
0.56563 0.12447
0.88058 0.49785
0.30334 0.01358
0.27857 0.71561
0.43150 0.74747
0.44461 0.93008
0.02251 0.34520
0.44014 0.59040
0.60292 0.49736
0.92433 0.76369
0.56224 0.45417
0.42865 0.51492
0.78297 0.89852
0.27414 0.34820
0.90099 0.57484
0.49085 0.82923
0.28405 0.61270
0.41490 0.78190
0.71688 0.30749
0.95132 0.74912
0.52080 0.40222
0.76645 0.55649
0.59275 0.91617
0.84229 0.18524
0.37676 0.30124
0.74489 0.49778
0.94920 0.55679
0.29286 0.97081
0.71692 0.72886
0.59319 0.01022
0.95514 0.25555
0.67929 0.92797
0.35150 0.77484
0.01554 0.98874
0.29157 0.18967
0.02119 0.52337
0.07819 0.04583
0.54065 0.04157
0.96064 0.49418
0.20847 0.88580
0.64888 0.88847
0.22828 0.72165
0.54808 0.12689
0.29435 0.86718
0.45808 0.89501
0.68726 0.03366
0.98101 0.75880
0.32298 0.84412
0.44443 0.96878
0.95450 0.49886
0.31902 0.89271
0.37638 0.33200
0.19673 0.07976
0.81275 0.59568
0.31832 0.58732
0.74343 0.37455
0.48921 0.04883
0.63531 0.82165
0.03946 0.36575
0.39028 0.72669
0.23148 0.26966
0.85226 0.94195
0.14655 0.51218
0.21152 0.63098
0.55019 0.93349
0.24684 0.73795
0.00733 0.11283
0.80291 0.83257
0.75003 0.98620
0.33464 0.39559
0.65634 0.01501
0.87428 0.73191
0.72225 0.68627
0.78347 0.77002
0.32722 0.57928
0.03175 0.83475
0.52854 0.76561
0.89736 0.29562
0.23119 0.18598
0.75427 0.69852
0.56975 0.48269
0.98734 0.79925
0.31507 0.01932
0.11036 0.75078
0.29974 0.31960
0.40234 0.34364
0.21311 0.66237
0.18934 0.12263
0.98045 0.61588
0.24041 0.95087
0.74386 0.89825
0.68423 0.56854
0.70858 0.16005
0.24315 0.28153
0.81006 0.69434
0.15325 0.13188
0.53559 0.44918
0.84342 0.13022
0.53519 0.14068
0.46531 0.19388
0.31824 0.43073
0.70439 0.14251
0.98133 0.68098
0.02096 0.78250
0.03894 0.51607
0.63993 0.22213
0.83676 0.22486
0.88550 0.09356
0.22624 0.01114
0.65434 0.48927
0.64368 0.68092
0.59776 0.31361
0.48331 0.00222
0.76676 0.57408
0.98408 0.61555
0.70899 0.47804
0.80318 0.24803
0.12425 0.75789
0.84674 0.23407
0.98909 0.52394
0.12359 0.92312
0.27175 0.47878
0.11761 0.48426
0.68210 0.56064
0.88924 0.82425
0.91419 0.44473
0.76917 0.50065
0.76515 0.89175
0.30586 0.52956
0.05495 0.09489
0.75455 0.00525
0.57344 0.06413
0.74733 0.14420
0.99050 0.30537
0.59914 0.07099
0.37241 0.85251
0.18260 0.80578
0.39163 0.37925
0.72727 0.84331
0.11134 0.89856
0.87043 0.35317
0.08346 0.52146
0.11021 0.93647
0.68418 0.57594
0.83360 0.39838
0.13114 0.94434
