0.69187 0.28693
0.37044 0.21512
0.16068 0.03753
0.08166 0.87200
0.94853 0.75542
0.67621 0.02719
0.91433 0.25148
0.46297 0.69812
0.70431 0.58570
0.32904 0.20315
0.53666 0.05545
0.79133 0.15356
0.70742 0.36543
0.85645 0.69028
0.49609 0.46984
0.56787 0.87974
0.38369 0.59692
0.35697 0.50839
0.97451 0.68179
0.12506 0.51336
0.64187 0.30560
0.81064 0.11397
0.03633 0.72006
0.03006 0.90557
0.90942 0.13238
0.27604 0.25460
0.60527 0.16215
0.71431 0.82146
0.55820 0.37346
0.07632 0.16323
0.20198 0.30860
0.00070 0.15773
0.01796 0.94180
0.69285 0.77144
0.83404 0.17236
0.54657 0.54681
0.09221 0.85109
0.50037 0.55842
0.81583 0.25532
0.63814 0.97588
0.89551 0.49479
0.35893 0.68036
0.79277 0.12111
0.43095 0.75350
0.01053 0.47668
0.53800 0.22301
0.68941 0.92435
0.16409 0.71949
0.75495 0.40766
0.23780 0.83998
0.85787 0.90373
0.72426 0.63879
0.80767 0.56824
0.37122 0.07982
0.39496 0.48042
0.20099 0.44860
0.36252 0.53186
0.45003 0.06358
0.60510 0.36986
0.94291 0.89870
0.12586 0.88935
0.40311 0.98556
0.10276 0.69990
0.77804 0.62077
0.29789 0.45481
0.75959 0.51638
0.99170 0.44498
0.10797 0.63930
0.37432 0.14544
0.34928 0.02176
0.07560 0.36111
0.28931 0.12169
0.34546 0.54479
0.18708 0.40928
0.05761 0.21174
0.27454 0.52485
0.96745 0.64987
0.58011 0.75094
0.61519 0.86674
0.48432 0.86169
0.20410 0.55899
0.59759 0.21561
0.22526 0.52056
0.42158 0.89743
0.24411 0.36829
0.90670 0.53124
0.46420 0.24742
0.35776 0.42303
0.86378 0.53852
0.86231 0.23599
0.00390 0.66818
0.71243 0.95525
0.95647 0.23444
0.86439 0.56211
0.33875 0.86036
0.91661 0.04419
0.90972 0.25285
0.20358 0.48490
0.27379 0.02407
0.79265 0.75363
0.48146 0.32329
0.63320 0.59759
0.40451 0.39128
0.95229 0.53326
0.30794 0.27304
0.00921 0.68812
0.76857 0.21854
0.01463 0.25468
0.34627 0.80788
0.01660 0.28285
0.00137 0.27145
0.28902 0.45083
0.61151 0.04263
0.40754 0.38415
0.59426 0.65487
0.22344 0.98591
0.65726 0.14083
0.39624 0.43752
0.71698 0.26231
0.99845 0.28442
0.81616 0.87239
0.71656 0.31608
0.76979 0.01645
0.92727 0.67826
0.90010 0.95896
0.89981 0.65520
0.53311 0.88710
0.48945 0.48352
0.07489 0.95069
0.80318 0.24928
0.70830 0.08509
0.75173 0.31838
0.56100 0.89423
0.45712 0.27390
0.82820 0.80968
0.70729 0.59743
0.79949 0.00049
0.79162 0.04864
0.86828 0.53581
0.56602 0.86238
0.99754 0.70803
0.04553 0.07551
0.61488 0.20339
0.23374 0.16331
0.01096 0.06217
0.69492 0.71600
0.47864 0.40121
0.27807 0.51081
0.88265 0.31427
0.53374 0.52187
0.01760 0.26349
0.60583 0.82366
0.18342 0.92024
0.18767 0.65756
0.86497 0.38160
0.71711 0.41609
0.47347 0.34170
0.19085 0.15216
0.53775 0.89208
0.09946 0.21813
0.59846 0.12258
0.95838 0.84720
0.58954 0.65096
0.13540 0.42952
0.12716 0.82806
0.78521 0.36035
0.23571 0.66130
0.44287 0.44173
0.37719 0.27500
0.05308 0.74493
0.83700 0.88373
0.98408 0.34241
0.15633 0.24527
0.56361 0.03118
0.30334 0.15012
0.27222 0.81957
0.89231 0.16626
0.46140 0.84991
0.53257 0.00752
0.77931 0.39774
0.72561 0.84632
0.71139 0.42613
0.93049 0.32790
0.78120 0.85612
0.26152 0.71394
0.24847 0.90299
0.49034 0.25946
0.49861 0.67461
0.86601 0.94012
0.01451 0.15658
0.07542 0.60825
0.55025 0.16072
0.92950 0.60387
0.92746 0.57263
0.75479 0.98559
0.39951 0.51350
0.83427 0.46029
0.32330 0.58542
0.33561 0.96002
0.51368 0.94044
0.92016 0.71907
0.99684 0.57901
0.63941 0.15681
0.98548 0.51858
0.88467 0.87976
0.25004 0.67569
0.27300 0.38491
0.74169 0.01941
0.03570 0.13588
0.65255 0.74847
0.97927 0.37046
0.89616 0.20057
0.77457 0.30937
0.37508 0.30741
0.42458 0.13951
0.49784 0.34497
0.72033 0.86529
0.78791 0.69701
0.49599 0.64508
0.31982 0.95538
0.07212 0.77319
0.00721 0.23148
0.72097 0.12083
0.02953 0.55829
0.64044 0.18883
0.53789 0.24685
0.40514 0.50399
0.77814 0.65848
0.34255 0.42009
0.28815 0.60569
0.98439 0.23472
0.54249 0.24671
0.91264 0.05573
0.34202 0.52968
0.43065 0.42684
0.29124 0.35127
0.48823 0.23090
0.42200 0.98466
0.67649 0.25884
0.29810 0.81472
0.46340 0.28555
0.32196 0.79775
0.17302 0.90637
0.40972 0.57478
0.45206 0.06640
0.70749 0.58102
0.48801 0.62210
0.05404 0.21552
0.19726 0.50401
0.56512 0.81719
0.59975 0.02912
0.19729 0.20085
0.57713 0.64200
0.87184 0.96528
0.62123 0.95785
0.28963 0.27178
