0.43408 0.79098
0.73946 0.27567
0.07706 0.99607
0.29073 0.93113
0.40450 0.77047
0.57566 0.61230
0.05142 0.51972
0.92992 0.82269
0.59721 0.86268
0.19383 0.83648
0.87872 0.29004
0.36103 0.24104
0.06916 0.06837
0.63868 0.64027
0.21205 0.92272
0.33237 0.97426
0.32056 0.95021
0.70943 0.80820
0.24515 0.82827
0.26651 0.42465
0.64675 0.00598
0.01562 0.36062
0.19588 0.60898
0.81524 0.95404
0.97670 0.07912
0.30919 0.67290
0.03543 0.87956
0.86144 0.02272
0.16893 0.88472
0.84657 0.73362
0.60178 0.09678
0.13843 0.75062
0.36500 0.23188
0.58861 0.13445
0.99141 0.89348
0.35853 0.28885
0.27617 0.97645
0.19347 0.11900
0.42206 0.01097
0.90351 0.51604
0.23052 0.63117
0.86829 0.22269
0.22201 0.56408
0.42083 0.03522
0.95084 0.35473
0.58394 0.73643
0.45732 0.82035
0.74608 0.01006
0.31148 0.21697
0.46723 0.28715
0.68911 0.56579
0.34615 0.93667
0.33213 0.00455
0.54408 0.19164
0.84342 0.86897
0.51089 0.98912
0.44338 0.38945
0.70402 0.69451
0.96415 0.62301
0.79156 0.57962
0.53134 0.15970
0.64412 0.83998
0.79672 0.07295
0.55374 0.61990
0.68970 0.86214
0.78043 0.06876
0.25145 0.19316
0.18915 0.22681
0.91138 0.85852
0.31217 0.16348
0.64598 0.81197
0.68599 0.50820
0.41615 0.95337
0.38827 0.27661
0.20350 0.52218
0.85055 0.38309
0.48539 0.78211
0.81909 0.39488
0.46949 0.07155
0.94572 0.99867
0.06035 0.04340
0.12995 0.45698
0.86868 0.02261
0.66148 0.37450
0.26394 0.23697
0.68716 0.34684
0.35605 0.59951
0.61865 0.37827
0.27122 0.12959
0.15647 0.78366
0.05147 0.47091
0.21628 0.63534
0.97125 0.02176
0.73751 0.12728
0.96297 0.82475
0.63925 0.97877
0.63426 0.25000
0.84729 0.92343
0.51777 0.02765
0.78615 0.29549
0.75181 0.07341
0.57649 0.33976
0.44135 0.48945
0.77182 0.24536
0.03476 0.48555
0.76312 0.90304
0.03807 0.94407
0.83338 0.98207
0.65227 0.47360
0.87822 0.93767
0.49674 0.57640
0.22480 0.05082
0.73400 0.78774
0.03099 0.50771
0.43182 0.58808
0.03595 0.37495
0.84840 0.09131
0.51441 0.12416
0.77664 0.07054
0.36848 0.50188
0.81849 0.76684
0.54830 0.76748
0.37067 0.19729
0.09199 0.31711
0.08600 0.45045
0.36660 0.89045
0.58934 0.41623
0.07899 0.23934
0.77017 0.64930
0.87696 0.19600
0.85693 0.02932
0.73981 0.76642
0.04251 0.04021
0.27432 0.64202
0.19436 0.36729
0.30628 0.48207
0.27989 0.29320
0.91439 0.62947
0.20265 0.85665
0.42252 0.58061
0.75820 0.46423
0.85099 0.63540
0.49344 0.14415
0.70560 0.55579
0.69165 0.12732
0.13481 0.36361
0.22433 0.78077
0.55425 0.62590
0.15112 0.92074
0.98772 0.02975
0.48517 0.57214
0.70157 0.73290
0.42783 0.76117
0.92238 0.52295
0.73721 0.13719
0.91484 0.08191
0.92610 0.16356
0.70576 0.26531
0.24279 0.38720
0.41948 0.08304
0.79886 0.06579
0.90040 0.76275
0.21462 0.71878
0.33443 0.51356
0.18491 0.79072
0.58233 0.93865
0.04804 0.58134
0.50745 0.31409
0.94670 0.45418
0.21891 0.90754
0.48743 0.19841
0.89491 0.45185
0.18735 0.97199
0.24315 0.88584
0.63372 0.83369
0.50050 0.51102
0.04762 0.52885
0.27970 0.42892
0.70857 0.33960
0.96637 0.56388
0.88425 0.31408
0.21158 0.18901
0.14570 0.57120
0.30546 0.43013
0.00878 0.60485
0.66090 0.25073
0.94853 0.07011
0.99905 0.76250
0.13221 0.69192
0.35474 0.45300
0.71356 0.85246
0.35853 0.89751
0.22843 0.43953
0.11436 0.49746
0.94857 0.52173
0.08722 0.29854
0.69292 0.18704
0.91887 0.62644
0.94684 0.18729
0.25205 0.94954
0.76723 0.85625
0.00092 0.62097
0.27749 0.89115
0.55513 0.60285
0.10772 0.62974
0.33608 0.88309
0.35477 0.99296
0.56983 0.04876
0.10979 0.95077
0.32849 0.99032
0.20376 0.20533
0.88712 0.74787
0.86670 0.97167
0.45118 0.28701
0.06155 0.86349
0.57094 0.71146
0.23079 0.63699
0.86168 0.01810
0.48982 0.29013
0.14502 0.48419
0.36920 0.92408
0.99982 0.59019
0.28948 0.24631
0.66606 0.95973
0.55453 0.95005
0.98721 0.78753
0.25229 0.64264
0.09155 0.69661
0.80233 0.37475
0.13852 0.65838
0.82660 0.24300
0.63170 0.32416
0.30938 0.58742
0.83272 0.95493
0.29672 0.42710
0.56855 0.35860
0.93514 0.83462
0.73682 0.51775
0.75386 0.55605
0.87150 0.40284
0.68420 0.62732
0.01128 0.89835
0.23220 0.32857
0.68403 0.73879
0.81601 0.38602
0.20323 0.11837
0.23038 0.90558
0.92502 0.33649
0.25473 0.47261
0.76952 0.26449
0.09720 0.53006
0.02175 0.19490
0.19261 0.26767
0.59837 0.80626
0.18810 0.40530
0.79364 0.81234
