0.16790 0.66965
0.87474 0.15360
0.02444 0.15443
0.43435 0.68487
0.56656 0.28392
0.87609 0.23922
0.08653 0.23429
0.11054 0.51789
0.61765 0.64120
0.02589 0.10568
0.62553 0.10899
0.99613 0.33900
0.55660 0.13729
0.95787 0.23406
0.57802 0.17189
0.97162 0.97913
0.20078 0.76859
0.24659 0.54197
0.78494 0.57653
0.39002 0.97520
0.11092 0.42185
0.61475 0.04430
0.05055 0.61042
0.73420 0.11637
0.40783 0.47771
0.41363 0.34219
0.70966 0.98492
0.94015 0.30034
0.27449 0.19390
0.00258 0.44569
0.09857 0.41434
0.19355 0.44247
0.17645 0.92180
0.53263 0.03500
0.63713 0.00147
0.81395 0.70388
0.35739 0.44755
0.47861 0.65454
0.24363 0.57838
0.12330 0.40123
0.55776 0.85903
0.16906 0.95759
0.21350 0.42959
0.53885 0.55845
0.99335 0.47535
0.69365 0.00633
0.71887 0.38430
0.09061 0.00101
0.39754 0.84711
0.90717 0.16326
0.36518 0.89090
0.53187 0.19472
0.55397 0.83133
0.42719 0.60707
0.44243 0.30061
0.34569 0.90450
0.50244 0.43703
0.01312 0.28372
0.73128 0.90737
0.48170 0.64263
0.30646 0.28842
0.13745 0.83318
0.66849 0.38914
0.75613 0.85650
0.95755 0.20422
0.89906 0.45231
0.15659 0.57510
0.48108 0.02486
0.69767 0.22320
0.34898 0.80301
0.52721 0.45419
0.78294 0.74374
0.32801 0.70471
0.87196 0.42235
0.01679 0.33042
0.76129 0.56846
0.30676 0.33297
0.94343 0.47064
0.79197 0.39541
0.60812 0.19512
0.00696 0.69265
0.16150 0.83619
0.53199 0.87804
0.21164 0.89648
0.23972 0.91748
0.98548 0.53119
0.57954 0.64526
0.70441 0.71346
0.20531 0.33111
0.95765 0.96103
0.44200 0.85914
0.64986 0.52480
0.91559 0.33580
0.17577 0.57375
0.60861 0.21132
0.41989 0.03713
0.97822 0.78399
0.08753 0.40756
0.74988 0.69218
0.54523 0.90412
0.88002 0.71133
0.66550 0.71139
0.83087 0.68311
0.22932 0.03694
0.84197 0.80266
0.86702 0.74611
0.32640 0.16833
0.40814 0.96533
0.10165 0.36534
0.24542 0.90034
0.66518 0.44654
0.12669 0.29815
0.39737 0.60879
0.97439 0.69017
0.01005 0.58006
0.02212 0.73075
0.29232 0.97565
0.52452 0.75904
0.97592 0.03940
0.91830 0.75213
0.13300 0.44184
0.98485 0.34617
0.74453 0.84803
0.48949 0.82726
0.41152 0.93129
0.62862 0.27745
0.34173 0.65591
0.57146 0.71381
0.02774 0.48087
0.68484 0.24363
0.40661 0.94819
0.67478 0.78047
0.58809 0.28388
0.28456 0.74409
0.94624 0.22624
0.69246 0.69302
0.92817 0.34839
0.97220 0.70774
0.17471 0.12298
0.77078 0.08196
0.29724 0.39701
0.98762 0.79689
0.68704 0.60588
0.86227 0.86995
0.87991 0.68627
0.95886 0.41768
0.69028 0.57981
0.52312 0.16738
0.06420 0.56418
0.65184 0.63018
0.33752 0.87077
0.56013 0.08065
0.47594 0.88622
0.40207 0.78578
0.70359 0.02613
0.09496 0.97532
0.77308 0.17548
0.95187 0.17024
0.27067 0.51139
0.17374 0.29804
0.16631 0.68016
0.86205 0.87260
0.94435 0.74465
0.18909 0.14419
0.50879 0.77952
0.97412 0.94743
0.22563 0.72104
0.93100 0.26530
0.78840 0.24368
0.20792 0.03105
0.27528 0.23020
0.47061 0.63516
0.56537 0.38581
0.00493 0.59348
0.65002 0.74336
0.07725 0.37764
0.30928 0.93564
0.41159 0.09917
0.29858 0.91354
0.67206 0.20384
0.24867 0.97086
0.91197 0.21967
0.17642 0.80826
0.67249 0.11893
0.50243 0.11326
0.28462 0.61490
0.75558 0.63631
0.90294 0.51211
0.09908 0.71740
0.59845 0.69298
0.43417 0.30258
0.50098 0.60252
0.59197 0.38181
0.74952 0.06122
0.62435 0.42745
0.27964 0.97830
0.06379 0.76263
0.01819 0.95676
0.62458 0.29789
0.79027 0.10300
0.47935 0.23042
0.09335 0.24865
0.47589 0.55525
0.80287 0.24931
0.31607 0.71766
0.43796 0.53533
0.56458 0.72765
0.03625 0.35401
0.64715 0.02813
0.45952 0.93282
0.39845 0.52494
0.59315 0.76128
0.37838 0.43874
0.49069 0.74116
0.18374 0.00872
0.13307 0.79970
0.90024 0.52171
0.98200 0.16154
0.18649 0.92950
0.71239 0.48607
0.37660 0.08648
0.48434 0.49288
0.75380 0.86819
0.38899 0.13113
0.83037 0.89821
0.74377 0.39203
0.45820 0.65629
0.43803 0.75612
0.52871 0.11576
0.43995 0.55982
0.07139 0.89561
0.43502 0.95604
0.01080 0.34138
0.84791 0.85893
0.76749 0.22575
0.71155 0.74716
0.50800 0.01031
0.41351 0.48631
0.03058 0.31930
0.27753 0.30620
0.58109 0.43590
0.77533 0.72141
0.78684 0.01202
0.53744 0.14553
0.78430 0.30136
0.04552 0.57031
0.09387 0.71440
0.57017 0.86511
0.65246 0.07461
0.98008 0.10999
0.51787 0.12277
0.94578 0.70961
0.93578 0.55956
0.28176 0.34615
0.86335 0.34685
0.78958 0.71944
