0.71532 0.00706
0.33801 0.34620
0.46432 0.04195
0.10619 0.62318
0.99982 0.15432
0.59039 0.20741
0.33255 0.25314
0.92885 0.47732
0.66312 0.08106
0.11321 0.20012
0.83785 0.63901
0.60738 0.87907
0.04814 0.10797
0.75770 0.24326
0.89907 0.29243
0.94051 0.49169
0.09306 0.52478
0.51840 0.99119
0.37339 0.93188
0.71496 0.68576
0.60669 0.56089
0.71878 0.33559
0.48606 0.85667
0.71639 0.81397
0.04522 0.30599
0.30638 0.23233
0.18873 0.75293
0.61035 0.78117
0.80907 0.39797
0.37692 0.50915
0.50297 0.52034
0.06949 0.13463
0.71314 0.74205
0.29409 0.48535
0.39110 0.05780
0.88290 0.14799
0.39138 0.15428
0.96517 0.07419
0.19841 0.96848
0.95361 0.68111
0.43308 0.84591
0.10189 0.36798
0.76303 0.52581
0.04752 0.33823
0.23358 0.13126
0.51792 0.63977
0.28020 0.66527
0.90589 0.62643
0.91169 0.52752
0.15563 0.83937
0.66273 0.33905
0.01125 0.03241
0.99658 0.05217
0.05275 0.04740
0.86558 0.21601
0.04707 0.86844
0.30292 0.07737
0.04971 0.57845
0.69490 0.74616
0.41424 0.25951
0.25954 0.96703
0.41312 0.27400
0.68661 0.32902
0.28988 0.28674
0.96432 0.72580
0.10295 0.54292
0.29051 0.95269
0.09426 0.07290
0.89127 0.99182
0.70214 0.27389
0.22944 0.37893
0.72984 0.80918
0.45738 0.25569
0.96659 0.22223
0.82512 0.52971
0.13894 0.35422
0.96466 0.90247
0.72619 0.51157
0.29131 0.65694
0.57572 0.48872
0.60064 0.87444
0.59558 0.17230
0.38323 0.61909
0.02609 0.16322
0.09928 0.16852
0.37400 0.44424
0.54126 0.67411
0.85367 0.99119
0.00015 0.64233
0.79070 0.99795
0.36510 0.99281
0.48654 0.00081
0.68451 0.19849
0.60388 0.36284
0.58929 0.38508
0.26732 0.46251
0.05293 0.38068
0.03514 0.52153
0.69055 0.39174
0.66372 0.20599
0.84703 0.99938
0.55660 0.45770
0.96244 0.68970
0.05260 0.73380
0.91938 0.17853
0.41382 0.20004
0.03721 0.13891
0.24411 0.33648
0.57342 0.23311
0.69370 0.15841
0.40843 0.49964
0.82058 0.11602
0.13223 0.28997
0.13387 0.62366
0.71181 0.47409
0.48879 0.35728
0.62705 0.71171
0.80269 0.37833
0.71780 0.55337
0.89210 0.70989
0.51492 0.45291
0.58352 0.76963
0.65934 0.85763
0.65124 0.96960
0.43250 0.33679
0.36436 0.47070
0.59292 0.65550
0.75654 0.06609
0.62061 0.51786
0.97643 0.53776
0.06317 0.65152
0.92510 0.52064
0.72680 0.17071
0.81924 0.95481
0.82369 0.21364
0.21372 0.62643
0.93274 0.14660
0.59773 0.36085
0.18086 0.38314
0.93084 0.53774
0.91175 0.22613
0.48554 0.82341
0.82103 0.42145
0.86393 0.11719
0.17183 0.75247
0.41093 0.45318
0.39510 0.01068
0.55441 0.94815
0.19499 0.76117
0.84739 0.58262
0.34192 0.29949
0.23251 0.93175
0.98837 0.53482
0.52898 0.68130
0.51515 0.81061
0.75382 0.91272
0.82425 0.44312
0.25954 0.29838
0.18418 0.02561
0.93990 0.82356
0.71179 0.28676
0.51573 0.54973
0.00697 0.25318
0.05981 0.58161
0.60433 0.07171
0.36311 0.60963
0.11552 0.99089
0.09935 0.34570
0.01037 0.45697
0.29523 0.50519
0.20458 0.17435
0.31548 0.57759
0.27798 0.76159
0.63829 0.63668
0.40099 0.02370
0.01612 0.98542
0.86171 0.80515
0.27982 0.28541
0.84997 0.84642
0.41392 0.80485
0.18564 0.39707
0.59403 0.69112
0.21740 0.26870
0.60472 0.01548
0.58310 0.16881
0.82171 0.35756
0.38825 0.63556
0.62507 0.70064
0.33917 0.87223
0.53689 0.21907
0.02668 0.32343
0.35302 0.88112
0.20909 0.62299
0.07319 0.03029
0.40390 0.96215
0.62573 0.00551
0.93749 0.43829
0.49707 0.05601
0.41687 0.39952
0.93503 0.23658
0.31733 0.43267
0.34874 0.52855
0.80648 0.26118
0.29851 0.36965
0.32035 0.66516
0.37110 0.31931
0.68257 0.55021
0.80931 0.21272
0.37605 0.66879
0.87341 0.27330
0.19568 0.86920
0.77580 0.53775
0.64409 0.53510
0.86329 0.07396
0.55728 0.83249
0.30776 0.60260
0.71992 0.58888
0.83807 0.54046
0.79599 0.03493
0.53272 0.82592
0.02061 0.10893
0.29728 0.99431
0.90067 0.09694
0.99369 0.14469
0.83865 0.48830
0.35270 0.22262
0.56175 0.40703
0.87311 0.63516
0.24455 0.45545
0.19093 0.42515
0.24644 0.84525
0.55920 0.43624
0.49483 0.88076
0.91948 0.69302
0.42524 0.69490
0.46399 0.11147
0.35897 0.49143
0.36105 0.66551
0.63529 0.71084
0.90454 0.45279
0.51573 0.25977
0.08132 0.09545
0.84355 0.72258
0.63076 0.10123
0.33492 0.34970
0.99815 0.92311
0.81682 0.60446
0.09595 0.24798
0.43106 0.93034
0.42470 0.95639
0.56496 0.33654
0.43727 0.94418
0.03547 0.42868
0.12394 0.24069
0.13002 0.19461
0.17698 0.11089
