0.65534 0.89577
0.59790 0.74499
0.36220 0.85357
0.56610 0.83000
0.37250 0.19398
0.96522 0.98187
0.45960 0.81584
0.94691 0.54428
0.39988 0.46304
0.97505 0.26811
0.62070 0.54516
0.05355 0.34112
0.20682 0.85065
0.70548 0.02251
0.00041 0.72330
0.58948 0.73540
0.22249 0.41959
0.94262 0.00814
0.77639 0.78426
0.42958 0.72038
0.10059 0.06000
0.92678 0.00914
0.34865 0.08370
0.90317 0.89644
0.93421 0.42032
0.32162 0.98660
0.22871 0.18339
0.69810 0.55315
0.68892 0.41712
0.94051 0.65254
0.99869 0.86631
0.44090 0.88786
0.04527 0.72496
0.65542 0.40869
0.90445 0.02903
0.67671 0.98743
0.97480 0.76149
0.79145 0.33819
0.95320 0.78558
0.90698 0.34029
0.63375 0.67216
0.65471 0.85297
0.99131 0.87032
0.70227 0.82861
0.37860 0.64389
0.65745 0.78819
0.41115 0.23724
0.83924 0.82939
0.67108 0.51027
0.95333 0.45283
0.09325 0.19475
0.26765 0.92400
0.65823 0.03470
0.23334 0.11235
0.36970 0.51197
0.89322 0.03825
0.80218 0.80143
0.86071 0.47278
0.19951 0.71319
0.07417 0.59879
0.03946 0.08902
0.03746 0.59488
0.96946 0.24338
0.09918 0.94205
0.30992 0.88165
0.21429 0.97905
0.11410 0.19256
0.63726 0.75970
0.58770 0.10383
0.24944 0.09009
0.14724 0.46870
0.51616 0.17474
0.05911 0.97857
0.09172 0.77399
0.31278 0.06711
0.41405 0.89750
0.44638 0.04699
0.04780 0.16415
0.31484 0.01647
0.86717 0.73060
0.90798 0.68780
0.33510 0.15400
0.39082 0.80983
0.72784 0.36426
0.35171 0.31331
0.42203 0.64359
0.17204 0.98243
0.38653 0.31277
0.40426 0.96443
0.63289 0.47571
0.67818 0.65684
0.71777 0.14815
0.85358 0.25484
0.49667 0.06513
0.21800 0.73382
0.87893 0.12779
0.83611 0.09251
0.63150 0.12344
0.00044 0.48375
0.33970 0.47466
0.81576 0.27632
0.48298 0.82830
0.49692 0.97630
0.96833 0.91547
0.13331 0.65369
0.72999 0.84676
0.74740 0.77021
0.99605 0.81449
0.47817 0.46064
0.06774 0.22884
0.50984 0.77398
0.68309 0.97585
0.59088 0.93083
0.95724 0.97755
0.43836 0.86903
0.50087 0.89220
0.39997 0.73945
0.85023 0.07141
0.96640 0.53003
0.82233 0.48400
0.47096 0.48068
0.27127 0.25523
0.82059 0.49747
0.20211 0.20421
0.16619 0.57398
0.43734 0.31618
0.29345 0.07485
0.60852 0.27289
0.95441 0.00113
0.97299 0.01700
0.55643 0.95897
0.03972 0.85313
0.92648 0.18327
0.25941 0.37355
0.97426 0.52080
0.56787 0.89749
0.33845 0.10032
0.69490 0.68551
0.03576 0.51463
0.91768 0.42824
0.12333 0.47567
0.39550 0.57206
0.03440 0.13149
0.36375 0.46167
0.66412 0.19128
0.85086 0.71810
0.23416 0.54357
0.98601 0.43600
0.29009 0.44645
0.47794 0.92948
0.26905 0.41746
0.41901 0.60287
0.58899 0.38534
0.42214 0.98075
0.19968 0.92443
0.40559 0.49643
0.13028 0.00794
0.82015 0.17876
0.06317 0.04246
0.86359 0.79851
0.65210 0.13139
0.43314 0.10971
0.03131 0.41618
0.34178 0.88606
0.58700 0.73682
0.17480 0.84117
0.43914 0.97369
0.81475 0.50268
0.17712 0.99198
0.37695 0.57624
0.77908 0.27389
0.24385 0.68087
0.46137 0.63808
0.31047 0.19875
0.85305 0.51956
0.38969 0.96373
0.65326 0.08644
0.39472 0.98429
0.05004 0.75628
0.43796 0.47432
0.32102 0.32006
0.55654 0.47352
0.09145 0.44745
0.08288 0.08428
0.70536 0.50264
0.40871 0.57740
0.92665 0.65537
0.26801 0.18533
0.78773 0.68253
0.54096 0.11318
0.10105 0.32480
0.17777 0.82764
0.52472 0.72443
0.87419 0.18085
0.06559 0.28806
0.69854 0.99147
0.45229 0.26312
0.45712 0.74186
0.21427 0.89750
0.02516 0.01382
0.41197 0.81810
0.83384 0.01672
0.50883 0.10249
0.24687 0.62900
0.40345 0.12674
0.68202 0.06265
0.60171 0.30470
0.84934 0.14979
0.43818 0.90638
0.91687 0.09032
0.11045 0.13729
0.61713 0.57602
0.12826 0.05601
0.30132 0.64413
0.60508 0.04443
0.03955 0.49127
0.15783 0.72523
0.62506 0.84610
0.63964 0.55399
0.67205 0.78791
0.65002 0.89245
0.42825 0.28193
0.76451 0.62807
0.98977 0.55694
0.41129 0.09381
0.04864 0.09552
0.64906 0.01280
0.26443 0.19502
0.25191 0.85325
0.91332 0.69515
0.63613 0.82471
0.55414 0.26169
0.15422 0.45471
0.67450 0.09782
0.18067 0.15371
0.14128 0.22552
0.24591 0.40422
0.84631 0.12953
0.71063 0.69132
0.77662 0.46992
0.97401 0.12394
0.87230 0.69842
0.63748 0.62451
0.64486 0.50006
0.05222 0.58855
0.87440 0.53994
0.50038 0.41727
0.10874 0.70788
0.14591 0.57706
0.01089 0.09781
0.07228 0.17542
0.50881 0.20448
0.06232 0.86809
0.25586 0.41021
0.76307 0.97311
0.43586 0.86872
