0.28418 0.81117
0.06393 0.89974
0.72383 0.24384
0.11024 0.56909
0.17340 0.57833
0.50411 0.07928
0.33761 0.12873
0.63505 0.69972
0.82832 0.03238
0.53706 0.87863
0.77899 0.62799
0.09670 0.68744
0.85350 0.67025
0.73598 0.29408
0.54158 0.03867
0.90422 0.63305
0.46854 0.13356
0.81943 0.06215
0.01931 0.63511
0.57571 0.04116
0.05950 0.49074
0.91644 0.22840
0.52818 0.98421
0.80562 0.60074
0.40218 0.95140
0.57777 0.95275
0.88700 0.07952
0.01015 0.53386
0.89218 0.24525
0.52522 0.57456
0.50605 0.87611
0.58798 0.50657
0.17790 0.74115
0.07253 0.76301
0.30899 0.17880
0.91639 0.76125
0.42080 0.22989
0.63633 0.43428
0.83035 0.46839
0.73292 0.39740
0.05179 0.08187
0.79626 0.01233
0.19467 0.88426
0.05282 0.26879
0.47527 0.91815
0.11992 0.65487
0.63852 0.71827
0.21330 0.28692
0.79790 0.27402
0.85682 0.36676
0.99858 0.73141
0.49995 0.58849
0.70523 0.89720
0.65376 0.74099
0.15103 0.18439
0.93774 0.01607
0.75210 0.22357
0.73850 0.21172
0.87453 0.12277
0.29607 0.91539
0.64207 0.86568
0.37588 0.96926
0.23641 0.67720
0.69005 0.66082
0.77296 0.32780
0.57097 0.99329
0.80571 0.16272
0.74296 0.25639
0.08506 0.28868
0.82243 0.74438
0.69704 0.37854
0.58733 0.62834
0.49112 0.75987
0.49612 0.60121
0.63011 0.53715
0.70737 0.27726
0.32769 0.79278
0.38341 0.34130
0.94617 0.46982
0.53279 0.23516
0.16270 0.03562
0.17926 0.62898
0.44655 0.11894
0.88052 0.55571
0.35201 0.76996
0.43635 0.30676
0.26541 0.51007
0.47941 0.14005
0.72315 0.89199
0.40731 0.99897
0.01152 0.43199
0.14957 0.35186
0.35192 0.51760
0.77781 0.72670
0.83767 0.69807
0.97966 0.74502
0.71926 0.08144
0.51931 0.12072
0.43842 0.39065
0.63202 0.01183
0.12205 0.46496
0.84127 0.06453
0.96640 0.37660
0.93065 0.03357
0.63477 0.13898
0.61193 0.09564
0.60355 0.35101
0.42120 0.48737
0.23637 0.30016
0.14465 0.29249
0.39596 0.48128
0.25002 0.13588
0.86882 0.71974
0.29100 0.56598
0.10832 0.60569
0.95490 0.47152
0.34349 0.41254
0.22198 0.29390
0.45196 0.65737
0.95543 0.28774
0.56578 0.53649
0.05559 0.08305
0.92027 0.18323
0.10948 0.35667
0.02424 0.43668
0.37420 0.11933
0.48520 0.58023
0.84026 0.09684
0.75350 0.01249
0.86081 0.21832
0.98910 0.65306
0.32628 0.38565
0.46434 0.79040
0.57261 0.52017
0.80999 0.63479
0.51335 0.79796
0.89692 0.80225
0.18053 0.96210
0.63465 0.75628
0.51256 0.02172
0.68675 0.12519
0.50555 0.54149
0.46645 0.21723
0.57998 0.20115
0.75141 0.85009
0.99084 0.15552
0.04916 0.81694
0.89730 0.06127
0.85487 0.35646
0.90285 0.57131
0.37285 0.95874
0.12878 0.00859
0.82300 0.49615
0.70493 0.77925
0.51915 0.98323
0.98546 0.43125
0.97103 0.42473
0.27766 0.29260
0.48091 0.59646
0.96123 0.31054
0.70541 0.15211
0.27540 0.39147
0.46445 0.77680
0.62264 0.98948
0.06081 0.42546
0.55561 0.38525
0.21074 0.48257
0.68604 0.88652
0.88901 0.13393
0.55435 0.17903
0.98484 0.25196
0.10427 0.64326
0.46154 0.31378
0.86155 0.23887
0.48821 0.08961
0.62832 0.90081
0.15412 0.82256
0.08826 0.71401
0.20468 0.20393
0.42104 0.34427
0.17312 0.02084
0.51494 0.46800
0.46727 0.92598
0.43103 0.13980
0.75694 0.85974
0.33275 0.88503
0.55706 0.69107
0.33453 0.95928
0.37618 0.93447
0.12503 0.47835
0.60490 0.22120
0.74493 0.87798
0.98557 0.13296
0.53105 0.87039
0.39450 0.15057
0.86643 0.10729
0.28070 0.78218
0.32271 0.24750
0.41908 0.93158
0.47696 0.56809
0.76235 0.79159
0.10067 0.33232
0.81039 0.48601
0.51683 0.25399
0.65302 0.49635
0.31936 0.04608
0.76363 0.67227
0.30528 0.46479
0.16765 0.95610
0.06770 0.05704
0.61431 0.49846
0.81453 0.27561
0.96231 0.61583
0.37648 0.95266
0.29102 0.56475
0.68361 0.46266
0.61874 0.43101
0.20695 0.84045
0.08027 0.44306
0.67090 0.27558
0.01313 0.26028
0.61820 0.58542
0.41256 0.72741
0.95377 0.82051
0.24348 0.57245
0.64673 0.96820
0.17481 0.50200
0.56242 0.97489
0.37881 0.24178
0.38871 0.15620
0.76380 0.70233
0.78510 0.38801
0.98129 0.36997
0.26472 0.26909
0.50752 0.91815
0.06111 0.50779
0.19023 0.04860
0.74994 0.45676
0.38030 0.30412
0.56169 0.07779
0.26612 0.09068
0.73682 0.37490
0.23146 0.41552
0.64999 0.04634
0.29472 0.64724
0.36229 0.10792
0.35926 0.69240
0.93097 0.21141
0.58377 0.69043
0.91850 0.93589
0.30237 0.29831
0.68712 0.81156
0.79945 0.66491
0.96380 0.60916
0.07311 0.27544
0.40078 0.89375
