0.96908 0.86126
0.79186 0.60022
0.74910 0.34783
0.83718 0.63871
0.83616 0.25321
0.99401 0.31271
0.15721 0.08432
0.17348 0.24104
0.78882 0.50274
0.20779 0.60041
0.84989 0.93395
0.65619 0.81713
0.67831 0.10363
0.24872 0.51121
0.33321 0.39473
0.68104 0.70567
0.61802 0.61191
0.60164 0.20034
0.03664 0.92483
0.23750 0.68145
0.92791 0.51207
0.87591 0.20069
0.96340 0.12723
0.02098 0.63978
0.06599 0.12071
0.26719 0.92916
0.56451 0.81280
0.59723 0.93392
0.32148 0.39838
0.26511 0.72288
0.32461 0.20203
0.53221 0.14146
0.56860 0.05986
0.57925 0.17415
0.02642 0.07668
0.32674 0.27985
0.33654 0.51631
0.98616 0.25576
0.17430 0.17654
0.34968 0.80996
0.69414 0.16492
0.88412 0.64006
0.83601 0.32079
0.80768 0.42843
0.99191 0.17776
0.97132 0.17220
0.97862 0.58723
0.85223 0.81442
0.41890 0.50273
0.40977 0.03599
0.00134 0.16593
0.54776 0.45311
0.24472 0.25453
0.70062 0.34650
0.59364 0.89112
0.34255 0.82016
0.29363 0.66616
0.22386 0.21492
0.53002 0.41270
0.50215 0.28970
0.60767 0.22194
0.08218 0.01334
0.84731 0.38419
0.70992 0.60582
0.76198 0.70041
0.93730 0.67621
0.04637 0.50144
0.31110 0.62032
0.40761 0.78925
0.81080 0.11969
0.37214 0.09715
0.31787 0.58711
0.98917 0.61804
0.11013 0.98561
0.75686 0.04252
0.93951 0.26729
0.18093 0.35599
0.92780 0.67191
0.29110 0.31945
0.32690 0.97994
0.99722 0.34825
0.73044 0.75285
0.50672 0.22453
0.22970 0.04548
0.68567 0.94818
0.61579 0.87534
0.09144 0.65223
0.07008 0.15678
0.03844 0.39907
0.35927 0.26956
0.44250 0.97225
0.37591 0.92969
0.08331 0.97988
0.57091 0.26908
0.40444 0.61677
0.68041 0.58108
0.90918 0.84062
0.47736 0.89739
0.68376 0.14063
0.09071 0.53870
0.90138 0.84908
0.88611 0.03591
0.53028 0.37333
0.34290 0.49294
0.79533 0.88677
0.33534 0.44477
0.36607 0.97329
0.48204 0.37922
0.83974 0.02418
0.84195 0.33094
0.09295 0.25161
0.17375 0.26294
0.82131 0.58299
0.26713 0.08137
0.23557 0.51582
0.37793 0.13811
0.32149 0.26412
0.52798 0.53816
0.40254 0.00530
0.18846 0.49567
0.71954 0.92615
0.81621 0.26317
0.33935 0.62647
0.17289 0.70585
0.47004 0.20225
0.06414 0.18600
0.87192 0.45577
0.10519 0.55250
0.39872 0.57603
0.63389 0.84222
0.03507 0.00946
0.60808 0.16772
0.20524 0.52338
0.53729 0.02999
0.33927 0.05677
0.32242 0.78807
0.94281 0.11863
0.16789 0.26160
0.87354 0.33304
0.88555 0.09839
0.54687 0.64957
0.91790 0.87165
0.60094 0.98143
0.63058 0.00629
0.88718 0.98187
0.00564 0.60921
0.36469 0.71651
0.67521 0.91833
0.74141 0.90135
0.19319 0.81920
0.14997 0.08348
0.41754 0.38153
0.05749 0.41947
0.00205 0.53622
0.10978 0.80125
0.47816 0.45511
0.05377 0.18668
0.19912 0.66801
0.73904 0.38294
0.54957 0.04064
0.53699 0.76160
0.65909 0.48493
0.10131 0.73263
0.86480 0.96997
0.38995 0.06254
0.86379 0.75391
0.90512 0.80561
0.72342 0.59023
0.17254 0.39398
0.48333 0.19467
0.96962 0.93476
0.95670 0.37552
0.92468 0.57175
0.00882 0.73497
0.93018 0.93661
0.13011 0.27706
0.87792 0.91548
0.53848 0.76207
0.75853 0.89599
0.79031 0.97987
0.16010 0.18995
0.09917 0.05893
0.72698 0.63882
0.18909 0.06143
0.74669 0.32662
0.05886 0.92260
0.36954 0.51043
0.48582 0.56519
0.33231 0.82090
0.79314 0.78666
0.82579 0.70302
0.04348 0.29789
0.18692 0.74260
0.39002 0.51490
0.86300 0.67039
0.18341 0.91586
0.58368 0.83410
0.59299 0.51268
0.98591 0.84311
0.38392 0.54487
0.74458 0.65177
0.48024 0.18980
0.86321 0.43301
0.90352 0.74019
0.84299 0.26134
0.43233 0.33741
0.02985 0.71371
0.18562 0.56171
0.04870 0.19219
0.00574 0.26619
0.15364 0.17305
0.37528 0.20374
0.36797 0.38768
0.17190 0.92988
0.77725 0.74185
0.58365 0.68007
0.43977 0.94710
0.32965 0.00926
0.88305 0.54499
0.31043 0.03174
0.39093 0.95311
0.48309 0.13151
0.55721 0.47206
0.61567 0.86188
0.02740 0.33007
0.97643 0.38912
0.30571 0.35956
0.70775 0.57792
0.06918 0.88222
0.61119 0.55994
0.31201 0.81907
0.32279 0.87774
0.96681 0.70522
0.61104 0.55416
0.48754 0.74701
0.64566 0.29333
0.74285 0.07283
0.94374 0.08400
0.82842 0.99699
0.14100 0.64536
0.68186 0.92655
0.48345 0.93222
0.18482 0.21422
0.86676 0.50391
0.10810 0.37750
0.75813 0.26031
0.65789 0.13645
0.94786 0.68119
0.49166 0.05957
0.73801 0.87977
0.67399 0.18057
0.53819 0.05602
0.27597 0.85584
0.28391 0.56001
0.92193 0.08379
0.21790 0.40456
