0.48520 0.01102
0.32589 0.03082
0.23158 0.74669
0.96453 0.43755
0.17169 0.19187
0.20997 0.39337
0.54701 0.32183
0.61312 0.61539
0.44680 0.03208
0.31173 0.15650
0.56632 0.41021
0.56486 0.82082
0.49122 0.26010
0.79172 0.96318
0.68247 0.53114
0.32516 0.34053
0.55407 0.54103
0.34034 0.52619
0.73944 0.24312
0.84771 0.75803
0.85413 0.18291
0.91286 0.84023
0.67022 0.00337
0.32080 0.51211
0.44996 0.00782
0.97045 0.07995
0.46288 0.84423
0.10891 0.82041
0.37540 0.45608
0.99054 0.18148
0.44877 0.96289
0.14787 0.84725
0.43398 0.84515
0.37849 0.48022
0.39125 0.15661
0.99232 0.27601
0.63202 0.02725
0.54253 0.84280
0.30770 0.79365
0.44488 0.81391
0.38738 0.17076
0.57447 0.12551
0.65640 0.99619
0.95797 0.53780
0.26336 0.19780
0.83951 0.48260
0.47228 0.28374
0.77224 0.85000
0.77450 0.53057
0.04439 0.56882
0.54609 0.67117
0.10934 0.20426
0.34531 0.68466
0.93310 0.91008
0.19840 0.18895
0.67409 0.18227
0.99517 0.71802
0.17941 0.67398
0.75385 0.08049
0.08712 0.96824
0.10705 0.27608
0.95120 0.15561
0.02057 0.50449
0.04594 0.21412
0.08362 0.88523
0.15105 0.61925
0.64378 0.74337
0.25897 0.28181
0.88377 0.15267
0.48736 0.64925
0.40662 0.09887
0.62427 0.00635
0.16313 0.17666
0.97160 0.49281
0.98854 0.65975
0.98298 0.14147
0.73008 0.30712
0.65214 0.92386
0.16404 0.83959
0.48984 0.38621
0.63085 0.41046
0.07549 0.56539
0.38560 0.97947
0.49416 0.96355
0.69158 0.37654
0.64525 0.86709
0.15858 0.56068
0.04354 0.15902
0.64591 0.14962
0.19345 0.41867
0.16751 0.26084
0.56996 0.90172
0.38229 0.01454
0.58905 0.08106
0.09873 0.44275
0.30387 0.10621
0.52892 0.28084
0.94956 0.81818
0.45679 0.42118
0.24381 0.51946
0.70734 0.95901
0.31580 0.58994
0.84152 0.94081
0.32051 0.94664
0.43807 0.95377
0.31433 0.12063
0.21958 0.20112
0.49600 0.80974
0.19834 0.08082
0.57826 0.98464
0.81811 0.13282
0.29202 0.29955
0.04899 0.70574
0.86927 0.16301
0.71663 0.75867
0.45287 0.06012
0.44824 0.68504
0.73204 0.30435
0.83439 0.37457
0.19621 0.89309
0.21493 0.37519
0.09793 0.24124
0.97590 0.66009
0.54157 0.40363
0.69364 0.73949
0.39793 0.16797
0.76171 0.10213
0.77031 0.62881
0.45553 0.20409
0.79723 0.89864
0.01121 0.64428
0.83195 0.21368
0.57388 0.83634
0.58086 0.42059
0.81863 0.52462
0.70171 0.04672
0.67527 0.84796
0.74256 0.31361
0.92143 0.38163
0.31483 0.42579
0.93636 0.58997
0.55222 0.23754
0.12958 0.33367
0.74748 0.20594
0.73370 0.89677
0.32378 0.77156
0.18836 0.84942
0.86783 0.90506
0.70625 0.97394
0.59726 0.44238
0.53836 0.56350
0.87285 0.28241
0.40291 0.72244
0.98276 0.78982
0.83062 0.87887
0.41705 0.09855
0.83288 0.43874
0.02548 0.68114
0.20879 0.11797
0.55461 0.03168
0.05476 0.10000
0.62703 0.00068
0.88869 0.17037
0.53369 0.66848
0.15617 0.63791
0.55305 0.70538
0.74054 0.65583
0.77992 0.13172
0.88635 0.17195
0.57766 0.45593
0.65749 0.28759
0.52798 0.83398
0.66966 0.18527
0.78417 0.63661
0.22906 0.70682
0.77777 0.45687
0.63777 0.82862
0.38098 0.33565
0.57711 0.09862
0.30633 0.38562
0.96512 0.29384
0.05251 0.46999
0.44370 0.29507
0.88960 0.62347
0.05268 0.30119
0.64520 0.61801
0.27816 0.17399
0.21128 0.10085
0.69531 0.54663
0.31414 0.25587
0.12463 0.73422
0.69147 0.43444
0.27214 0.24731
0.88528 0.82215
0.09863 0.56932
0.20209 0.82545
0.52323 0.82806
0.68749 0.39500
0.39063 0.94875
0.59849 0.68456
0.63086 0.57958
0.66629 0.12037
0.14165 0.65706
0.85053 0.20183
0.81105 0.51496
0.02735 0.91640
0.82939 0.38180
0.19387 0.91729
0.43952 0.23831
0.60164 0.83867
0.93702 0.01494
0.07000 0.61400
0.02598 0.88443
0.80889 0.98578
0.35412 0.08455
0.31071 0.23481
0.75394 0.18109
0.02238 0.59813
0.92623 0.41529
0.08314 0.36501
0.48969 0.49879
0.86570 0.40175
0.62469 0.46855
0.42079 0.78137
0.63280 0.17290
0.81832 0.67963
0.41460 0.95387
0.31860 0.09377
0.01692 0.36646
0.58520 0.56824
0.93293 0.55341
0.28366 0.50009
0.58556 0.97613
0.39773 0.50282
0.92199 0.22074
0.26011 0.45892
0.78022 0.07808
0.35917 0.33671
0.77570 0.52543
0.75472 0.68971
0.00008 0.12006
0.18244 0.33431
0.18441 0.06309
0.99891 0.06581
0.21415 0.81928
0.11740 0.25065
0.36245 0.53717
0.13811 0.09846
0.77789 0.82752
0.53868 0.22924
0.39964 0.14927
0.20352 0.81980
0.85139 0.22658
0.10207 0.49822
0.36321 0.66447
0.99165 0.43397
