0.02900 0.51239
0.95498 0.84593
0.22151 0.99320
0.01695 0.11241
0.86111 0.97811
0.63231 0.25436
0.41093 0.52792
0.11336 0.60063
0.65622 0.49629
0.14472 0.06968
0.48086 0.95172
0.56981 0.06058
0.57273 0.91184
0.38111 0.07354
0.43249 0.61406
0.08230 0.02810
0.91609 0.21221
0.95150 0.77296
0.42090 0.79838
0.37685 0.48411
0.58727 0.09511
0.47837 0.25570
0.74353 0.81989
0.08442 0.76395
0.14493 0.35517
0.22600 0.89491
0.33857 0.20615
0.12808 0.01624
0.14538 0.05248
0.15182 0.16148
0.54738 0.13572
0.03351 0.20159
0.25920 0.14697
0.02107 0.73408
0.76552 0.37851
0.10311 0.89979
0.43448 0.84419
0.72449 0.84661
0.23813 0.80260
0.19981 0.53808
0.01983 0.34061
0.64906 0.14638
0.53603 0.43291
0.81824 0.81405
0.14545 0.04844
0.95101 0.47157
0.27118 0.96603
0.55864 0.88684
0.66237 0.48620
0.41336 0.41376
0.70804 0.80426
0.79804 0.85941
0.04205 0.96284
0.33256 0.08022
0.03103 0.21489
0.94680 0.59751
0.35383 0.57926
0.70990 0.83152
0.87867 0.43133
0.33535 0.35957
0.66239 0.48053
0.68578 0.01626
0.55729 0.20792
0.65686 0.11869
0.23363 0.38162
0.37761 0.37118
0.98083 0.36468
0.28041 0.68652
0.94578 0.98508
0.91880 0.98803
0.82485 0.02784
0.73216 0.33841
0.82904 0.47934
0.01608 0.82370
0.16905 0.82666
0.00397 0.07731
0.40421 0.70404
0.24776 0.44619
0.26387 0.49107
0.09750 0.34986
0.04464 0.11799
0.04439 0.46212
0.32120 0.13104
0.10934 0.67849
0.94746 0.74803
0.08497 0.28561
0.30347 0.92880
0.21997 0.82370
0.42116 0.85385
0.28506 0.05317
0.49447 0.40545
0.73221 0.26640
0.86290 0.48651
0.46505 0.63981
0.49491 0.80570
0.31011 0.78779
0.48040 0.33884
0.62481 0.37495
0.44241 0.17923
0.35122 0.95811
0.65499 0.76568
0.39822 0.63773
0.70389 0.38501
0.84041 0.68854
0.28882 0.45222
0.44513 0.75493
0.46410 0.71659
0.72030 0.13495
0.93960 0.78336
0.29982 0.27867
0.81758 0.12498
0.15778 0.85531
0.30226 0.47458
0.92130 0.28426
0.37087 0.86346
0.74462 0.44330
0.02842 0.21660
0.32839 0.40454
0.65720 0.25853
0.62219 0.80929
0.37580 0.30394
0.99127 0.43986
0.55457 0.51797
0.57889 0.02152
0.92383 0.53754
0.03868 0.16286
0.37541 0.32703
0.84593 0.97908
0.96164 0.88931
0.62306 0.16456
0.02554 0.05530
0.89623 0.52583
0.79635 0.77426
0.35869 0.37030
0.14360 0.56687
0.06040 0.68662
0.68776 0.05697
0.51334 0.79227
0.35825 0.09677
0.52962 0.10070
0.61902 0.42704
0.10948 0.78406
0.57192 0.30502
0.67320 0.86630
0.31554 0.24366
0.17653 0.69689
0.97693 0.33611
0.42637 0.79742
0.77820 0.90924
0.57106 0.92675
0.89560 0.55279
0.27260 0.25872
0.31115 0.72414
0.28016 0.38228
0.91823 0.47113
0.55528 0.12077
0.87836 0.44677
0.21659 0.22340
0.89967 0.09966
0.89129 0.96084
0.71548 0.64758
0.05135 0.99186
0.58284 0.56743
0.50300 0.50565
0.49469 0.37096
0.01680 0.34130
0.67722 0.58807
0.45429 0.00503
0.50518 0.30467
0.17463 0.67686
0.81553 0.83029
0.66054 0.53295
0.43249 0.02759
0.71272 0.30745
0.84336 0.40593
0.92958 0.87420
0.08768 0.46592
0.70668 0.65659
0.99464 0.17277
0.47956 0.10650
0.75088 0.96247
0.76007 0.32801
0.86717 0.89385
0.24221 0.84781
0.58093 0.77269
0.62662 0.70485
0.69696 0.10820
0.21153 0.57178
0.35994 0.95127
0.67098 0.68274
0.13098 0.63869
0.82195 0.27290
0.59150 0.71175
0.02581 0.27680
0.21704 0.77718
0.33865 0.00350
0.54959 0.99985
0.73139 0.61438
0.87357 0.46689
0.20806 0.02525
0.57061 0.09899
0.71988 0.17921
0.93201 0.32642
0.38084 0.09974
0.18160 0.17739
0.94940 0.96702
0.25872 0.25782
0.85361 0.69261
0.22630 0.89583
0.55933 0.10574
0.95006 0.45803
0.34478 0.74443
0.92890 0.94969
0.62857 0.74109
0.86779 0.16270
0.45401 0.44138
0.25648 0.66377
0.01270 0.38892
0.70012 0.31271
0.84224 0.93749
0.40097 0.22102
0.43632 0.91968
0.73266 0.75307
0.15209 0.72009
0.34665 0.28106
0.12669 0.40262
0.42374 0.73100
0.85280 0.69227
0.46671 0.34989
0.84712 0.00234
0.36710 0.10839
0.21824 0.22466
0.02113 0.61764
0.41351 0.16361
0.08420 0.14553
0.36752 0.11626
0.37053 0.76444
0.64586 0.67897
0.42741 0.30539
0.43716 0.36379
0.18449 0.54810
0.61217 0.47693
0.03186 0.95594
0.74637 0.19188
0.49172 0.73068
0.94793 0.91512
0.13610 0.21976
0.06358 0.82380
0.78601 0.46178
0.90545 0.56003
0.13293 0.75919
0.38138 0.47906
0.70724 0.34689
0.07004 0.93960
0.07915 0.00130
0.78583 0.06840
