0.21281 0.39385
0.20959 0.54559
0.58070 0.43641
0.30638 0.43551
0.83377 0.97129
0.78449 0.63627
0.50473 0.86965
0.69653 0.42019
0.66172 0.85025
0.04804 0.40554
0.64087 0.74467
0.64209 0.16433
0.66752 0.36627
0.97832 0.20567
0.79142 0.48347
0.15489 0.45768
0.99978 0.42578
0.60338 0.38981
0.60111 0.76287
0.53394 0.76581
0.46743 0.07485
0.94325 0.21161
0.24545 0.23966
0.20322 0.86032
0.53782 0.26121
0.52997 0.27571
0.33006 0.53335
0.22546 0.76377
0.42971 0.62795
0.60942 0.99421
0.83858 0.03876
0.69306 0.52020
0.43223 0.24359
0.00254 0.63062
0.18634 0.14454
0.19462 0.01389
0.88134 0.79420
0.22283 0.09846
0.21633 0.27611
0.02625 0.02269
0.59016 0.27650
0.04754 0.74540
0.85696 0.87613
0.85699 0.58651
0.89399 0.91646
0.83919 0.52072
0.85173 0.75721
0.98199 0.61902
0.76723 0.89695
0.24027 0.59724
0.47796 0.67290
0.35776 0.08475
0.06085 0.55580
0.23215 0.46853
0.63925 0.48540
0.48935 0.01659
0.99881 0.97982
0.75509 0.99530
0.30861 0.21401
0.57114 0.97532
0.59344 0.74221
0.56899 0.77665
0.05953 0.55671
0.48709 0.64480
0.19647 0.89753
0.03059 0.73861
0.90060 0.75847
0.99991 0.90915
0.37093 0.95680
0.97600 0.15707
0.59011 0.84823
0.35141 0.67875
0.45233 0.99318
0.70872 0.52742
0.85957 0.37750
0.50026 0.38714
0.29208 0.40996
0.50257 0.21964
0.44434 0.66315
0.51384 0.82181
0.15769 0.74326
0.46007 0.89931
0.87645 0.52913
0.44841 0.59400
0.23470 0.66688
0.53234 0.12707
0.81742 0.31123
0.73867 0.55428
0.64710 0.72811
0.98924 0.67592
0.42822 0.08354
0.37926 0.48034
0.89312 0.41230
0.76726 0.48685
0.57558 0.66040
0.95312 0.98856
0.82486 0.66847
0.86163 0.47151
0.64799 0.35547
0.47726 0.32240
0.38242 0.03671
0.87683 0.09095
0.88923 0.10679
0.86168 0.72086
0.75613 0.29423
0.23252 0.48610
0.64807 0.60925
0.18898 0.78897
0.53241 0.09931
0.40901 0.56096
0.58124 0.85047
0.18891 0.88765
0.35786 0.77581
0.84089 0.55009
0.31962 0.85737
0.87692 0.37535
0.21005 0.31475
0.26025 0.79201
0.37316 0.61401
0.79763 0.31806
0.23064 0.65019
0.31739 0.51151
0.87142 0.83621
0.71059 0.78479
0.70748 0.01412
0.14191 0.82181
0.28875 0.43440
0.61484 0.01448
0.36002 0.44403
0.33957 0.58381
0.88090 0.67545
0.74378 0.25801
0.79011 0.35721
0.31184 0.59549
0.99895 0.79431
0.70888 0.13866
0.07915 0.88318
0.08913 0.00865
0.17375 0.95699
0.74302 0.85594
0.25219 0.87827
0.22174 0.23436
0.86334 0.09712
0.32736 0.78349
0.07502 0.96415
0.84452 0.07572
0.38804 0.91543
0.01789 0.92405
0.31030 0.02186
0.10670 0.75696
0.21658 0.76332
0.02870 0.79580
0.52000 0.52307
0.08279 0.43983
0.56364 0.46166
0.99903 0.57157
0.19097 0.81036
0.77844 0.06036
0.28138 0.75154
0.95882 0.24820
0.43921 0.11634
0.73432 0.01428
0.30382 0.27914
0.05783 0.59521
0.30415 0.95675
0.75210 0.85476
0.21834 0.39359
0.35203 0.24817
0.65450 0.10514
0.22050 0.42557
0.59554 0.19129
0.27725 0.98075
0.11819 0.07744
0.24160 0.69284
0.73480 0.09228
0.42501 0.13245
0.82840 0.63811
0.07868 0.84767
0.55610 0.27546
0.44837 0.53502
0.83544 0.46202
0.48702 0.14757
0.47596 0.61260
0.50541 0.51391
0.71275 0.76681
0.06247 0.52288
0.56806 0.23486
0.57128 0.46179
0.92781 0.42440
0.00637 0.58993
0.35689 0.13122
0.99536 0.22363
0.29438 0.44481
0.36241 0.25137
0.87472 0.56424
0.49567 0.60970
0.19324 0.65832
0.43943 0.27232
0.39889 0.74636
0.59889 0.23902
0.70810 0.42165
0.82925 0.14578
0.31414 0.45570
0.87722 0.79839
0.07863 0.76638
0.53985 0.06873
0.86750 0.17632
0.97786 0.64109
0.09054 0.18331
0.52656 0.85523
0.76989 0.00877
0.65738 0.13498
0.30269 0.09080
0.22180 0.78457
0.84252 0.32497
0.41746 0.02673
0.18126 0.21591
0.38520 0.69245
0.12186 0.43459
0.28478 0.87638
0.75047 0.12243
0.21551 0.89968
0.77560 0.11374
0.17277 0.52934
0.26667 0.32026
0.10643 0.94237
0.38932 0.89142
0.16214 0.86336
0.47721 0.81814
0.06769 0.30339
0.38360 0.88460
0.18999 0.67018
0.33197 0.25948
0.63796 0.52940
0.03648 0.35387
0.10468 0.20602
0.51531 0.23742
0.05390 0.03046
0.80869 0.85171
0.93238 0.80525
0.14718 0.54056
0.69810 0.90316
0.75235 0.40025
0.34094 0.31934
0.09328 0.99910
0.59641 0.31193
0.59197 0.11864
0.71662 0.80799
0.35304 0.76072
0.12529 0.29249
0.84804 0.06858
0.65879 0.43054
0.48466 0.27555
0.17860 0.03060
0.49123 0.67083
0.95539 0.09023
