0.04560 0.13146
0.75017 0.59806
0.07283 0.80924
0.54020 0.64181
0.51874 0.78042
0.74718 0.83041
0.44651 0.31623
0.18097 0.05109
0.81860 0.69684
0.16970 0.00837
0.70633 0.61497
0.75075 0.91503
0.91436 0.49787
0.04107 0.03004
0.61935 0.00511
0.63006 0.05431
0.61301 0.41592
0.90104 0.92767
0.70245 0.27628
0.19508 0.68798
0.60499 0.41441
0.20652 0.71592
0.37142 0.01256
0.39643 0.26272
0.79785 0.05418
0.95748 0.98264
0.31960 0.89703
0.47765 0.09735
0.33453 0.22379
0.74716 0.08649
0.31178 0.22513
0.74987 0.84020
0.25263 0.04927
0.53888 0.88368
0.71786 0.25840
0.19976 0.18739
0.35716 0.30287
0.91023 0.46118
0.59401 0.65993
0.78941 0.86009
0.26265 0.24341
0.91525 0.75082
0.11086 0.40680
0.03884 0.12750
0.27538 0.27349
0.46544 0.95919
0.05461 0.85632
0.82402 0.98243
0.04288 0.82383
0.92923 0.22872
0.74409 0.68963
0.40881 0.90989
0.68735 0.62750
0.08161 0.60469
0.79256 0.45085
0.57169 0.13396
0.84758 0.68788
0.88263 0.45320
0.69830 0.81939
0.79359 0.18577
0.20767 0.02638
0.08918 0.00235
0.35122 0.44380
0.45771 0.15081
0.70061 0.74555
0.36315 0.03145
0.06994 0.33533
0.50232 0.66638
0.27946 0.77798
0.86295 0.82177
0.07136 0.40856
0.61817 0.68540
0.27693 0.75459
0.55653 0.36804
0.70808 0.75742
0.47724 0.91994
0.79129 0.01442
0.99715 0.93820
0.09817 0.84904
0.04663 0.39744
0.91449 0.58042
0.09937 0.12619
0.39235 0.69856
0.80532 0.98143
0.18241 0.43316
0.18095 0.69049
0.52477 0.88859
0.22230 0.07439
0.38406 0.82685
0.94381 0.07268
0.64932 0.14510
0.31866 0.65068
0.76162 0.44621
0.30478 0.23754
0.83945 0.16920
0.42148 0.88373
0.57138 0.00492
0.13035 0.57784
0.41977 0.46641
0.49542 0.62320
0.33695 0.93207
0.85556 0.72883
0.39940 0.47761
0.59120 0.08816
0.33280 0.68001
0.15522 0.90143
0.33094 0.33982
0.37254 0.26803
0.00128 0.22525
0.28675 0.25922
0.14995 0.18288
0.96309 0.08826
0.05835 0.24994
0.66047 0.21280
0.33129 0.14695
0.34850 0.85820
0.57795 0.47790
0.14207 0.38996
0.21909 0.37390
0.85631 0.10693
0.11029 0.08451
0.14589 0.77810
0.27575 0.73643
0.74413 0.70448
0.56183 0.69715
0.66373 0.99791
0.52741 0.80478
0.67104 0.12550
0.38361 0.46927
0.43643 0.85080
0.35650 0.55854
0.96920 0.63665
0.81557 0.49404
0.85946 0.74204
0.73123 0.31172
0.82303 0.76777
0.66278 0.39598
0.58734 0.75403
0.94704 0.93937
0.60388 0.64290
0.49327 0.47091
0.41134 0.16625
0.45463 0.95932
0.84966 0.65635
0.57127 0.12527
0.99584 0.43218
0.53555 0.48207
0.83642 0.35625
0.18032 0.34595
0.58423 0.35910
0.85690 0.69699
0.11924 0.86646
0.41846 0.49391
0.94667 0.17450
0.45240 0.64045
0.44625 0.54674
0.84752 0.34369
0.09454 0.01246
0.19339 0.73397
0.68591 0.20849
0.30296 0.63002
0.66443 0.07902
0.25592 0.49188
0.23318 0.71003
0.53095 0.22545
0.46277 0.40643
0.08769 0.98088
0.18759 0.50588
0.43538 0.61701
0.38584 0.75263
0.63063 0.20093
0.70277 0.22165
0.01769 0.94978
0.64974 0.09431
0.98432 0.26122
0.05361 0.68961
0.52578 0.92611
0.91115 0.58394
0.22204 0.36561
0.84873 0.27419
0.11249 0.30109
0.98691 0.70135
0.74507 0.54108
0.92440 0.05759
0.02703 0.39264
0.62872 0.96789
0.19018 0.31596
0.64466 0.44199
0.93704 0.05606
0.86744 0.14035
0.87612 0.89503
0.10967 0.42928
0.39064 0.83049
0.85595 0.29275
0.45910 0.90473
0.74281 0.93533
0.85193 0.18054
0.17420 0.88055
0.26677 0.00121
0.23933 0.52266
0.18052 0.21492
0.99603 0.36346
0.81825 0.09207
0.20230 0.85022
0.36317 0.70495
0.80559 0.44583
0.19159 0.77685
0.58288 0.86650
0.72915 0.75298
0.41509 0.40327
0.18951 0.20391
0.22940 0.44339
0.81254 0.12649
0.06501 0.75181
0.64812 0.48649
0.37406 0.85126
0.14490 0.17119
0.72307 0.19521
0.05797 0.25211
0.47623 0.19097
0.63273 0.12221
0.81992 0.72608
0.17868 0.37027
0.95044 0.89245
0.53218 0.07272
0.91243 0.51511
0.71138 0.54050
0.84747 0.28150
0.56131 0.01831
0.86195 0.78828
0.35483 0.98890
0.16450 0.00841
0.38248 0.77210
0.89682 0.31368
0.46742 0.90606
0.44418 0.57209
0.50499 0.23928
0.69762 0.10693
0.46704 0.62602
0.75754 0.41847
0.52063 0.83250
0.45935 0.83582
0.86680 0.72200
0.82561 0.64719
0.74421 0.26614
0.78451 0.45158
0.06762 0.95397
0.33160 0.84025
0.19371 0.63691
0.31701 0.99181
0.64912 0.74320
0.91143 0.88151
0.91144 0.01786
0.38388 0.83689
0.95193 0.56387
0.80655 0.17248
