0.95866 0.60251
0.83449 0.91612
0.09226 0.92346
0.05032 0.90445
0.36968 0.67524
0.07144 0.25078
0.55424 0.12707
0.19994 0.32158
0.09888 0.97638
0.15970 0.87064
0.85735 0.24686
0.64246 0.93829
0.53786 0.19449
0.68838 0.31326
0.27168 0.73751
0.04897 0.56284
0.54479 0.45432
0.17995 0.73565
0.20088 0.79937
0.56154 0.72216
0.07608 0.14047
0.40351 0.85717
0.80307 0.66958
0.45305 0.65249
0.32793 0.05508
0.93511 0.87485
0.79417 0.84210
0.70754 0.61235
0.85990 0.34888
0.05952 0.31117
0.33513 0.66659
0.93326 0.28253
0.22354 0.08298
0.03315 0.61181
0.81589 0.65793
0.62340 0.30860
0.22404 0.93064
0.86206 0.37369
0.00064 0.44119
0.19211 0.13500
0.53266 0.82517
0.66041 0.40318
0.90883 0.96671
0.80534 0.06120
0.43584 0.25361
0.74894 0.44290
0.14109 0.31204
0.12719 0.97956
0.99226 0.66213
0.31303 0.88105
0.23801 0.02916
0.73469 0.34675
0.57947 0.94430
0.88550 0.46078
0.67286 0.52885
0.14085 0.08001
0.83719 0.14100
0.51619 0.19133
0.66910 0.65781
0.83156 0.78576
0.08868 0.12579
0.10169 0.15062
0.02747 0.44243
0.15045 0.32687
0.93850 0.86646
0.70851 0.70860
0.23716 0.84126
0.58203 0.86403
0.54594 0.31138
0.72397 0.55366
0.90968 0.98147
0.06422 0.28293
0.82837 0.94809
0.90901 0.35570
0.90193 0.13785
0.40638 0.70789
0.24079 0.89872
0.85570 0.72566
0.72683 0.13800
0.31065 0.86057
0.11806 0.29765
0.83350 0.36113
0.40095 0.26315
0.81432 0.20836
0.24283 0.80635
0.18344 0.59594
0.03328 0.33168
0.80127 0.25406
0.39884 0.75170
0.14294 0.53280
0.45346 0.41979
0.63698 0.64628
0.12373 0.35623
0.51864 0.59916
0.44428 0.24112
0.74234 0.12628
0.51615 0.13298
0.28909 0.37036
0.17240 0.36962
0.36143 0.28039
0.53534 0.29940
0.46162 0.53495
0.38478 0.68734
0.38752 0.45840
0.87222 0.37732
0.82458 0.94591
0.65776 0.38046
0.77984 0.23347
0.07350 0.90510
0.68256 0.86828
0.05492 0.64511
0.34824 0.47838
0.85070 0.46363
0.24150 0.87049
0.20859 0.54668
0.86947 0.79006
0.94626 0.75894
0.07820 0.79893
0.45890 0.37324
0.49556 0.99072
0.01004 0.97028
0.23346 0.84375
0.17516 0.98690
0.48595 0.14031
0.46809 0.60419
0.85679 0.00677
0.42030 0.40753
0.12197 0.25393
0.54060 0.09509
0.08389 0.39241
0.36041 0.50580
0.94672 0.99947
0.55673 0.07529
0.55633 0.91838
0.49743 0.79298
0.61944 0.07715
0.66322 0.57215
0.44588 0.10261
0.91211 0.48907
0.50091 0.64291
0.79738 0.18378
0.62951 0.94671
0.72926 0.48523
0.70732 0.02439
0.11243 0.53259
0.70881 0.73312
0.80010 0.33007
0.97574 0.91884
0.54695 0.92659
0.77892 0.73520
0.74076 0.64320
0.05369 0.31255
0.38104 0.65866
0.11565 0.60346
0.23404 0.68884
0.34510 0.78017
0.43150 0.20923
0.32693 0.38879
0.80618 0.77361
0.03057 0.65394
0.98213 0.54182
0.38654 0.53613
0.86348 0.30889
0.52512 0.98491
0.95070 0.82231
0.47553 0.74898
0.43665 0.98336
0.41976 0.14517
0.46032 0.04305
0.89560 0.14813
0.96766 0.54776
0.36944 0.89058
0.15998 0.52311
0.12463 0.38588
0.24091 0.74003
0.87007 0.61360
0.34986 0.32904
0.20155 0.94983
0.68477 0.81211
0.07576 0.95778
0.05365 0.49923
0.90863 0.12424
0.81288 0.82183
0.02734 0.09051
0.67220 0.91470
0.14962 0.51654
0.74464 0.87922
0.23821 0.95302
0.69217 0.64281
0.01373 0.45749
0.00752 0.08326
0.60754 0.40214
0.58692 0.58209
0.23435 0.57635
0.10252 0.98375
0.30728 0.23854
0.94125 0.77058
0.50817 0.69704
0.74102 0.22840
0.74541 0.24693
0.11939 0.42464
0.87009 0.73086
0.87497 0.34760
0.29649 0.58245
0.17811 0.66207
0.92946 0.37614
0.32587 0.50564
0.74038 0.12007
0.59859 0.02807
0.46152 0.18245
0.80546 0.85261
0.79407 0.95002
0.35150 0.11529
0.21539 0.28410
0.69113 0.02908
0.70018 0.78984
0.89171 0.40248
0.52786 0.10609
0.13898 0.02240
0.72131 0.61704
0.48873 0.26526
0.06331 0.88812
0.85286 0.79647
0.26174 0.29197
0.71399 0.55324
0.61060 0.17324
0.96894 0.18302
0.54196 0.38971
0.76206 0.31279
0.91138 0.88923
0.72186 0.06423
0.37183 0.48239
0.51328 0.80993
0.81602 0.15602
0.30982 0.25470
0.68181 0.99287
0.39374 0.50904
0.74850 0.10991
0.92016 0.08632
0.61730 0.29732
0.78126 0.99937
0.64659 0.47868
0.99595 0.07593
0.73801 0.11792
0.01247 0.92223
0.69866 0.92074
0.12099 0.08537
0.55729 0.43918
0.05269 0.56037
0.48116 0.49966
0.33954 0.40006
0.00099 0.27474
0.93689 0.13087
0.86078 0.31441
0.44435 0.25553
0.04859 0.04543
