0.90767 0.47482
0.80313 0.11268
0.39782 0.67171
0.35421 0.54820
0.71489 0.63878
0.53807 0.09481
0.50109 0.99692
0.10240 0.66462
0.09764 0.66447
0.00102 0.37120
0.17082 0.49105
0.53668 0.31073
0.75902 0.11787
0.83924 0.66372
0.33281 0.97999
0.49366 0.22441
0.21054 0.18942
0.01923 0.51840
0.16421 0.79141
0.69820 0.49693
0.18718 0.18244
0.89558 0.97799
0.05235 0.90513
0.75746 0.32911
0.21290 0.61592
0.73138 0.31941
0.91143 0.33191
0.37782 0.52155
0.56239 0.44793
0.78549 0.49359
0.38895 0.04202
0.09285 0.94233
0.99358 0.19435
0.81853 0.40028
0.24103 0.93011
0.44857 0.19466
0.23762 0.05707
0.13370 0.30630
0.34772 0.71102
0.78621 0.52954
0.57530 0.31427
0.23154 0.97129
0.83465 0.29994
0.74605 0.02230
0.80694 0.58948
0.08118 0.75889
0.95632 0.82029
0.93272 0.19899
0.95336 0.00758
0.50125 0.79882
0.67121 0.90515
0.98827 0.69918
0.55304 0.76370
0.69411 0.14863
0.68542 0.91954
0.73957 0.66596
0.44952 0.26542
0.96545 0.21649
0.95117 0.08126
0.53751 0.55257
0.81357 0.99329
0.04168 0.64679
0.08421 0.14480
0.70732 0.37007
0.35165 0.67695
0.60983 0.70046
0.25993 0.47476
0.94650 0.89110
0.04430 0.61886
0.83252 0.98970
0.86094 0.93224
0.09174 0.13832
0.37233 0.94209
0.94396 0.49266
0.24515 0.52869
0.39928 0.81892
0.76070 0.24540
0.27550 0.52070
0.46069 0.92335
0.16158 0.43917
0.31291 0.10837
0.68534 0.36725
0.66072 0.53951
0.36427 0.25641
0.10486 0.29957
0.71495 0.76255
0.87235 0.11154
0.24750 0.06330
0.27251 0.50666
0.01285 0.08216
0.01272 0.90297
0.08573 0.26392
0.87686 0.20864
0.06245 0.19550
0.07019 0.56928
0.94541 0.24636
0.69152 0.96306
0.38353 0.52229
0.76539 0.08437
0.03591 0.56559
0.49465 0.45742
0.24896 0.46542
0.97725 0.06471
0.48122 0.46876
0.53407 0.51378
0.99256 0.28399
0.10751 0.22901
0.83260 0.97735
0.75236 0.03051
0.17611 0.97156
0.17049 0.31863
0.64844 0.16678
0.87473 0.32423
0.96679 0.27692
0.41936 0.08394
0.68455 0.12519
0.70213 0.71284
0.68814 0.06317
0.84285 0.66110
0.96870 0.84093
0.39683 0.92011
0.93546 0.46451
0.93485 0.53059
0.38815 0.96578
0.51394 0.12355
0.14571 0.31417
0.86668 0.35857
0.16934 0.58473
0.45445 0.40757
0.12227 0.67617
0.57149 0.09445
0.84720 0.92663
0.25897 0.76085
0.48583 0.97804
0.87714 0.58164
0.07516 0.19417
0.69456 0.91301
0.02878 0.93068
0.78302 0.15140
0.73243 0.30819
0.82302 0.60070
0.90556 0.64251
0.51794 0.33526
0.14871 0.65075
0.49854 0.53832
0.48917 0.78030
0.59753 0.91898
0.03749 0.65814
0.52653 0.97269
0.72237 0.15103
0.31825 0.90459
0.00310 0.43226
0.24227 0.46712
0.00035 0.88046
0.03013 0.88820
0.28168 0.01224
0.26690 0.36787
0.28683 0.07057
0.13290 0.87360
0.36504 0.86812
0.05761 0.84940
0.02616 0.69005
0.75651 0.24210
0.45726 0.18021
0.90518 0.95106
0.91529 0.82239
0.09598 0.78864
0.28771 0.57096
0.34557 0.83295
0.14804 0.20047
0.93513 0.54726
0.63503 0.88484
0.33221 0.24625
0.27457 0.00259
0.51989 0.45812
0.35144 0.02196
0.37227 0.56323
0.88495 0.46879
0.94677 0.58608
0.55972 0.62812
0.66703 0.13955
0.68377 0.49152
0.08715 0.97858
0.55891 0.73632
0.70540 0.95399
0.90650 0.54006
0.51677 0.20708
0.16256 0.47183
0.87073 0.26491
0.10921 0.48096
0.68455 0.70478
0.91332 0.87055
0.51215 0.21014
0.01080 0.10486
0.07370 0.66167
0.51500 0.91578
0.42818 0.63233
0.42591 0.08759
0.22515 0.91416
0.28489 0.84114
0.51357 0.77693
0.99570 0.85616
0.85901 0.31934
0.30571 0.36401
0.25941 0.96759
0.62885 0.09708
0.15894 0.15001
0.47001 0.61341
0.13074 0.73169
0.14008 0.58741
0.68080 0.81879
0.27496 0.30810
0.88041 0.06825
0.46771 0.06775
0.89447 0.96234
0.65776 0.96839
0.84150 0.88483
0.23973 0.35694
0.60932 0.90387
0.37190 0.70104
0.63258 0.11469
0.41341 0.70031
0.58634 0.31639
0.24577 0.11640
0.88027 0.71035
0.46278 0.86612
0.44256 0.86942
0.09550 0.46032
0.89285 0.85727
0.30423 0.95031
0.79865 0.75846
0.00252 0.73668
0.57806 0.37329
0.41358 0.94363
0.47569 0.00476
0.75641 0.03622
0.74585 0.18267
0.33296 0.71121
0.55292 0.71600
0.68347 0.18085
0.55329 0.27871
0.86170 0.55450
0.93675 0.84741
0.63103 0.46425
0.04862 0.96810
0.31356 0.62369
0.67840 0.43296
0.46637 0.91349
0.06976 0.68515
0.97252 0.06966
0.75420 0.35315
0.44704 0.13268
0.01622 0.06160
0.02058 0.30454
0.51806 0.96650
0.91088 0.32190
