0.23295 0.27646
0.52925 0.91639
0.83880 0.91042
0.26181 0.22186
0.71732 0.40671
0.65684 0.14878
0.96109 0.97213
0.83758 0.24437
0.93557 0.52910
0.33136 0.71832
0.95730 0.20782
0.82090 0.25507
0.73486 0.23669
0.64748 0.20456
0.98617 0.50597
0.28505 0.85907
0.74927 0.28452
0.79297 0.52617
0.83355 0.75792
0.63702 0.39684
0.87338 0.06239
0.26214 0.18931
0.04552 0.85515
0.95747 0.05384
0.45187 0.11056
0.03760 0.08175
0.83153 0.71748
0.06122 0.11935
0.91249 0.97481
0.92235 0.38726
0.95508 0.91455
0.61862 0.64407
0.02498 0.28403
0.90047 0.82246
0.63452 0.00948
0.52354 0.23886
0.21641 0.04460
0.53758 0.59292
0.41641 0.44936
0.83656 0.33377
0.42229 0.70198
0.00644 0.31272
0.66258 0.22938
0.57871 0.71314
0.86498 0.62667
0.59378 0.67883
0.73667 0.90712
0.25347 0.82123
0.01808 0.50664
0.34412 0.38445
0.45232 0.21536
0.05816 0.05190
0.28464 0.07316
0.81768 0.26278
0.06286 0.69043
0.73662 0.84750
0.72995 0.00822
0.17046 0.56608
0.75916 0.22067
0.10778 0.17879
0.15170 0.73748
0.60757 0.94729
0.87378 0.06296
0.34087 0.00888
0.54146 0.37864
0.83876 0.89228
0.75336 0.98003
0.96234 0.69852
0.32909 0.43098
0.48859 0.37788
0.52101 0.25116
0.41182 0.31371
0.96020 0.65788
0.83256 0.41855
0.95742 0.24957
0.02722 0.34929
0.01313 0.91541
0.19240 0.21551
0.94977 0.58871
0.19964 0.29896
0.07416 0.90224
0.02003 0.65962
0.64918 0.58424
0.18497 0.35695
0.73975 0.79657
0.33302 0.88899
0.29493 0.98665
0.41982 0.70888
0.98250 0.31521
0.57311 0.00752
0.24196 0.46325
0.20174 0.70149
0.34784 0.79581
0.56893 0.92009
0.69287 0.69084
0.01853 0.75299
0.69123 0.61396
0.14230 0.99420
0.17353 0.93142
0.39223 0.70391
0.75793 0.13273
0.26751 0.22537
0.62441 0.61003
0.28291 0.59483
0.35001 0.60256
0.22558 0.93772
0.29148 0.04929
0.76766 0.83360
0.76233 0.48058
0.71714 0.49954
0.18226 0.22956
0.39096 0.00701
0.95354 0.73704
0.60465 0.69287
0.68297 0.76166
0.28740 0.78143
0.59229 0.69824
0.11223 0.31510
0.28870 0.03284
0.63315 0.42427
0.29223 0.01755
0.02210 0.19557
0.90690 0.72756
0.66768 0.66485
0.03083 0.61349
0.21505 0.97668
0.06758 0.43587
0.31328 0.09240
0.36327 0.78399
0.79119 0.25906
0.92798 0.24772
0.39459 0.03976
0.53861 0.08410
0.57995 0.00789
0.31223 0.18363
0.99093 0.50746
0.05842 0.43648
0.31684 0.39615
0.00612 0.16343
0.41584 0.28971
0.06006 0.21525
0.80195 0.42877
0.43911 0.74043
0.01190 0.03615
0.27541 0.97914
0.67175 0.01541
0.60731 0.52614
0.68035 0.52630
0.38576 0.71000
0.87451 0.77354
0.72200 0.51036
0.49035 0.43118
0.85927 0.93653
0.93193 0.06957
0.47575 0.51311
0.19111 0.29382
0.75073 0.93641
0.90196 0.39193
0.25258 0.17933
0.89591 0.54263
0.78040 0.77138
0.02696 0.31313
0.65188 0.57152
0.38232 0.54226
0.97157 0.20926
0.00657 0.81830
0.02704 0.12261
0.94004 0.99947
0.83947 0.51756
0.82683 0.18457
0.31552 0.10875
0.95843 0.44094
0.75333 0.39976
0.12798 0.26283
0.84347 0.66029
0.11187 0.19311
0.26854 0.69036
0.42506 0.11278
0.73130 0.77972
0.24787 0.73884
0.38745 0.21541
0.74541 0.72145
0.49611 0.16328
0.59025 0.84610
0.99525 0.86090
0.89092 0.54712
0.27955 0.58866
0.88517 0.78556
0.13622 0.30474
0.69263 0.72377
0.99184 0.88372
0.52724 0.95904
0.95302 0.03814
0.42721 0.32097
0.75696 0.88304
0.66926 0.98663
0.30101 0.48151
0.13917 0.64582
0.50565 0.95832
0.10763 0.51355
0.06464 0.99837
0.33255 0.08006
0.03589 0.62566
0.37848 0.82216
0.83347 0.51019
0.55197 0.05132
0.36783 0.27056
0.09478 0.17721
0.80059 0.38510
0.27430 0.90780
0.38727 0.67014
0.07550 0.76996
0.54689 0.51622
0.56646 0.93366
0.94428 0.46670
0.75509 0.94940
0.30448 0.26576
0.44306 0.13456
0.16571 0.87118
0.13546 0.08027
0.35069 0.31579
0.14196 0.26872
0.26933 0.81591
0.24823 0.81636
0.49864 0.83230
0.04157 0.50150
0.25962 0.92450
0.25442 0.99808
0.30063 0.22789
0.01365 0.58563
0.40029 0.67703
0.76010 0.95551
0.28768 0.33118
0.69818 0.57512
0.55220 0.72498
0.30314 0.55262
0.12860 0.91171
0.60025 0.18266
0.10983 0.07306
0.40726 0.13112
0.10049 0.35341
0.75888 0.74973
0.89811 0.86794
0.95818 0.66387
0.01840 0.97108
0.36905 0.33755
0.50903 0.39594
0.90065 0.54827
0.72114 0.37218
0.54908 0.74202
0.15883 0.59794
0.86498 0.58629
0.42673 0.09833
0.59346 0.44212
0.71295 0.89081
0.47572 0.18095
