0.59310 0.91698
0.50155 0.28367
0.91107 0.59309
0.50964 0.56357
0.27497 0.11158
0.74286 0.96490
0.65134 0.10187
0.21272 0.74136
0.05203 0.62379
0.04220 0.75060
0.79957 0.44447
0.95283 0.34434
0.17307 0.00854
0.89562 0.36417
0.26766 0.85234
0.79464 0.37706
0.35792 0.84372
0.98180 0.92716
0.05243 0.02010
0.82276 0.03366
0.13419 0.88317
0.30940 0.10323
0.59473 0.54446
0.27613 0.94663
0.78539 0.39818
0.05554 0.52839
0.76673 0.49926
0.93876 0.75169
0.70946 0.06508
0.26982 0.04236
0.22115 0.05615
0.88116 0.82048
0.84514 0.77882
0.51787 0.60695
0.65543 0.78132
0.35525 0.25729
0.71544 0.27874
0.03787 0.94501
0.82739 0.95133
0.16386 0.28008
0.83438 0.82813
0.95514 0.28662
0.63162 0.90377
0.22151 0.87026
0.08323 0.43887
0.81734 0.35219
0.18357 0.80580
0.02537 0.32628
0.05576 0.08617
0.64859 0.68442
0.85173 0.53966
0.42987 0.74080
0.13222 0.58525
0.28576 0.89937
0.79803 0.24613
0.41396 0.89550
0.45806 0.69149
0.62990 0.01832
0.08519 0.54604
0.04682 0.98497
0.74252 0.87349
0.49672 0.66639
0.27693 0.03443
0.80331 0.72407
0.47391 0.79900
0.76228 0.86589
0.84654 0.91090
0.77025 0.42859
0.67906 0.98852
0.61204 0.63025
0.20050 0.61965
0.32442 0.02740
0.28423 0.96022
0.92350 0.68051
0.19210 0.50848
0.47692 0.30640
0.97799 0.53724
0.66355 0.04664
0.41109 0.22954
0.95976 0.92813
0.33368 0.96393
0.26273 0.04667
0.68403 0.06799
0.01309 0.75952
0.07221 0.85441
0.00227 0.74480
0.44086 0.10585
0.28618 0.09996
0.29154 0.49795
0.18173 0.42242
0.35175 0.84637
0.52271 0.74076
0.20001 0.02701
0.86992 0.28338
0.25254 0.96197
0.41056 0.05844
0.19905 0.84897
0.15540 0.58850
0.82580 0.10849
0.48030 0.85504
0.56665 0.76076
0.26242 0.51954
0.34089 0.26193
0.14767 0.26709
0.67310 0.10450
0.26420 0.16029
0.12958 0.56974
0.91785 0.14443
0.74189 0.75894
0.28879 0.96380
0.44224 0.13924
0.15293 0.42716
0.69377 0.99427
0.37715 0.69955
0.09320 0.17333
0.68162 0.33886
0.23428 0.66964
0.43945 0.02148
0.29040 0.39230
0.99584 0.97187
0.36862 0.61900
0.67465 0.71993
0.79264 0.02959
0.77085 0.24242
0.35390 0.38934
0.54430 0.13397
0.52130 0.86744
0.44991 0.03151
0.40621 0.43116
0.53888 0.00161
0.41559 0.20987
0.59016 0.51612
0.62464 0.10050
0.69248 0.18996
0.26343 0.33323
0.28649 0.40265
0.68128 0.91796
0.30951 0.60310
0.70540 0.16945
0.58969 0.09046
0.22373 0.90744
0.80003 0.84425
0.77883 0.38180
0.55986 0.38535
0.10442 0.23503
0.95401 0.34262
0.19109 0.66297
0.58870 0.96147
0.61117 0.88833
0.74848 0.51559
0.15503 0.87694
0.38122 0.51811
0.06471 0.83987
0.92256 0.30250
0.69075 0.17387
0.37160 0.85879
0.06634 0.00652
0.33283 0.71825
0.55222 0.83579
0.10133 0.41367
0.69724 0.94508
0.50679 0.44123
0.76407 0.32956
0.21451 0.75276
0.43182 0.75857
0.61856 0.28744
0.30098 0.70610
0.81970 0.79266
0.91951 0.77626
0.10133 0.04774
0.25563 0.43765
0.48513 0.01318
0.64580 0.74677
0.46959 0.43624
0.76829 0.00487
0.36298 0.47206
0.21912 0.85871
0.64428 0.96887
0.24949 0.49416
0.80581 0.39516
0.43849 0.71866
0.45439 0.56794
0.29384 0.38127
0.29402 0.72888
0.53361 0.36137
0.19648 0.27849
0.66179 0.91653
0.00057 0.66510
0.28768 0.90046
0.38649 0.61774
0.69590 0.08366
0.19403 0.34098
0.04204 0.23277
0.81135 0.59852
0.18231 0.76589
0.85748 0.76695
0.64586 0.36596
0.74683 0.51023
0.22199 0.05803
0.93199 0.48311
0.33108 0.66838
0.20133 0.97516
0.58508 0.55142
0.02823 0.89878
0.95896 0.88599
0.24038 0.30157
0.13288 0.00823
0.97015 0.58718
0.31132 0.18767
0.81703 0.71127
0.93940 0.71493
0.97928 0.46235
0.84313 0.29560
0.98181 0.30875
0.66401 0.46244
0.49660 0.10226
0.68149 0.97891
0.71966 0.10664
0.64361 0.56172
0.25418 0.98628
0.20673 0.75932
0.54469 0.36372
0.24146 0.29081
0.44815 0.26929
0.92493 0.45816
0.64436 0.34504
0.08932 0.54893
0.94794 0.76642
0.77133 0.80643
0.18699 0.54620
0.30113 0.76378
0.30930 0.73392
0.32879 0.50174
0.50012 0.36807
0.74460 0.21596
0.77067 0.21011
0.32916 0.59196
0.17575 0.86512
0.63551 0.51539
0.42458 0.98544
0.21751 0.39397
0.94741 0.82882
0.88942 0.34380
0.45409 0.48019
0.99673 0.30737
0.91057 0.90820
0.86896 0.66555
0.35883 0.51076
0.54829 0.83467
0.28532 0.85379
0.77257 0.37691
0.16264 0.71400
0.79400 0.93364
0.67168 0.64598
0.87703 0.78958
0.97879 0.28270
