0.44116 0.14784
0.76158 0.70323
0.27624 0.51573
0.90416 0.79070
0.20856 0.44461
0.68694 0.80063
0.26959 0.85566
0.84804 0.70367
0.01884 0.91828
0.33424 0.48810
0.72673 0.57425
0.29275 0.94464
0.61587 0.89377
0.81919 0.44660
0.31202 0.50334
0.84821 0.30606
0.30856 0.66863
0.33158 0.28916
0.28781 0.85177
0.14150 0.00242
0.05209 0.94065
0.95750 0.25775
0.57753 0.68169
0.29906 0.87112
0.51146 0.57648
0.44026 0.22998
0.93005 0.37377
0.41957 0.77563
0.27523 0.95688
0.34466 0.94209
0.74173 0.04467
0.80664 0.33939
0.27093 0.15681
0.54635 0.47205
0.75816 0.37869
0.72988 0.83323
0.67896 0.03027
0.02635 0.85192
0.28633 0.47209
0.94693 0.52902
0.73686 0.83199
0.90205 0.06438
0.21413 0.51590
0.04748 0.22350
0.96985 0.85194
0.30281 0.88852
0.92682 0.05404
0.91104 0.00108
0.57683 0.45064
0.79387 0.45470
0.74421 0.36880
0.39479 0.11653
0.20172 0.46338
0.32664 0.71596
0.94014 0.40148
0.66288 0.97988
0.45694 0.30179
0.48331 0.14022
0.06987 0.14742
0.88656 0.92306
0.57566 0.32988
0.78896 0.04432
0.04994 0.40498
0.55589 0.41926
0.26406 0.21699
0.45434 0.98153
0.80748 0.31345
0.84850 0.66143
0.91450 0.21895
0.84603 0.45752
0.71460 0.24756
0.36102 0.46625
0.49655 0.09029
0.93316 0.45910
0.96350 0.14283
0.90132 0.38802
0.79520 0.49788
0.51355 0.40887
0.94423 0.80915
0.93994 0.25056
0.39205 0.78577
0.14367 0.59648
0.39395 0.77740
0.02238 0.35499
0.65768 0.49481
0.84049 0.07397
0.75113 0.81920
0.24871 0.93453
0.61767 0.34685
0.52413 0.44211
0.49079 0.01726
0.47274 0.64049
0.83810 0.68584
0.93591 0.87389
0.67423 0.78098
0.40108 0.29761
0.73130 0.85297
0.31935 0.59778
0.73646 0.79836
0.13679 0.78822
0.77208 0.23521
0.85038 0.60262
0.86338 0.58559
0.93989 0.86147
0.74501 0.32305
0.02402 0.56585
0.72305 0.98227
0.11316 0.54914
0.40614 0.43892
0.91307 0.83826
0.01575 0.06540
0.64438 0.69169
0.58878 0.06390
0.56760 0.52396
0.42076 0.08912
0.46567 0.78961
0.85827 0.02136
0.64923 0.62809
0.18712 0.91099
0.12954 0.20142
0.44723 0.32371
0.34213 0.36124
0.68317 0.46468
0.78112 0.89390
0.85502 0.86076
0.85746 0.57693
0.29080 0.89084
0.45857 0.20134
0.05152 0.89385
0.04759 0.44518
0.33478 0.03250
0.19353 0.09692
0.53133 0.65711
0.12178 0.49575
0.15375 0.30126
0.20587 0.47531
0.86793 0.32798
0.60821 0.04994
0.83657 0.92702
0.67704 0.12895
0.39182 0.69389
0.99772 0.64298
0.56128 0.49096
0.53433 0.72261
0.98355 0.60470
0.52755 0.45552
0.45917 0.29443
0.98263 0.19923
0.36579 0.13099
0.19423 0.00463
0.08149 0.25771
0.34275 0.86101
0.34429 0.45486
0.64520 0.47543
0.64093 0.54610
0.60259 0.41228
0.21051 0.03819
0.25391 0.18248
0.01351 0.66130
0.94883 0.47684
0.69485 0.75823
0.78202 0.59356
0.39249 0.68070
0.68329 0.22997
0.07725 0.80253
0.99475 0.52410
0.97389 0.66753
0.55317 0.54564
0.04973 0.69401
0.15495 0.71484
0.88569 0.16165
0.15126 0.54646
0.56506 0.78237
0.85270 0.58582
0.22663 0.80816
0.67663 0.04049
0.83452 0.19644
0.98754 0.40109
0.89012 0.98618
0.23686 0.31509
0.50521 0.44536
0.25724 0.18585
0.39728 0.83339
0.34975 0.89197
0.10301 0.61994
0.94329 0.52002
0.39466 0.20719
0.87256 0.12768
0.78697 0.97113
0.43491 0.24734
0.92731 0.86755
0.44339 0.19188
0.67072 0.59408
0.60422 0.39290
0.83251 0.09607
0.87704 0.71492
0.16148 0.92615
0.62766 0.51011
0.48345 0.69325
0.71215 0.87257
0.02048 0.40051
0.19892 0.81184
0.20397 0.27047
0.35238 0.26349
0.99070 0.87845
0.80312 0.62772
0.47469 0.90836
0.55436 0.57110
0.89235 0.21727
0.58234 0.42893
0.95825 0.58509
0.80293 0.22911
0.79094 0.35055
0.81296 0.41035
0.80459 0.12240
0.08309 0.32261
0.94392 0.84134
0.76338 0.98780
0.28020 0.60934
0.27522 0.18511
0.65915 0.44868
0.76672 0.95376
0.40131 0.73329
0.43966 0.40654
0.18065 0.51835
0.55573 0.40494
0.13912 0.90979
0.03729 0.34713
0.66251 0.11455
0.63119 0.90989
0.62513 0.69207
0.75361 0.83198
0.23258 0.35262
0.52258 0.26268
0.04004 0.11154
0.08248 0.00963
0.57746 0.13085
0.80086 0.51377
0.57561 0.80725
0.84858 0.00478
0.01167 0.50074
0.41843 0.73534
0.21892 0.46397
0.75645 0.38668
0.42832 0.62440
0.15119 0.23878
0.13032 0.25886
0.85764 0.52519
0.52431 0.31910
0.70625 0.27895
0.78274 0.71085
0.29202 0.79735
0.50135 0.46116
0.14457 0.99798
0.06569 0.13794
0.87113 0.03349
