0.07295 0.29460
0.89777 0.71151
0.88598 0.63594
0.82721 0.92013
0.53563 0.37355
0.20668 0.11081
0.35017 0.71873
0.56078 0.79268
0.63864 0.91883
0.44145 0.26785
0.98793 0.88208
0.46802 0.78901
0.42852 0.35081
0.42297 0.32915
0.10527 0.37953
0.46085 0.55281
0.62232 0.10041
0.48773 0.27819
0.90283 0.87368
0.37910 0.72708
0.98985 0.69244
0.75535 0.05532
0.85530 0.74019
0.10143 0.10020
0.42832 0.40468
0.47994 0.03702
0.66507 0.37401
0.65943 0.74861
0.06221 0.61280
0.13925 0.82207
0.68001 0.85838
0.64131 0.56553
0.97390 0.91361
0.92458 0.16201
0.19663 0.42449
0.47682 0.28805
0.06569 0.01940
0.40878 0.43818
0.74080 0.51594
0.39045 0.73324
0.97351 0.72370
0.90296 0.53525
0.21002 0.39817
0.17874 0.46383
0.86241 0.40114
0.61936 0.85099
0.09174 0.19119
0.58091 0.05830
0.24717 0.48181
0.66693 0.57289
0.27658 0.92817
0.70695 0.62715
0.42696 0.14933
0.21896 0.95259
0.04288 0.71825
0.32284 0.28239
0.29934 0.17140
0.83981 0.87187
0.96646 0.91086
0.42467 0.63971
0.53863 0.64423
0.17883 0.14763
0.23174 0.58228
0.92396 0.36115
0.66779 0.93668
0.01079 0.80229
0.49895 0.66671
0.51387 0.43131
0.38512 0.40263
0.53026 0.58802
0.00311 0.54245
0.92375 0.29089
0.66749 0.58551
0.89464 0.92217
0.03718 0.77962
0.71622 0.27419
0.86601 0.84741
0.53971 0.96041
0.79735 0.97429
0.33405 0.04863
0.12262 0.54967
0.13024 0.19487
0.57040 0.42254
0.75254 0.98116
0.74716 0.49804
0.06702 0.61171
0.37125 0.54119
0.06360 0.21745
0.29249 0.05607
0.73560 0.53725
0.14139 0.50427
0.67905 0.71963
0.09243 0.94022
0.37923 0.05691
0.15582 0.10332
0.84290 0.24434
0.58884 0.58040
0.21844 0.61741
0.38185 0.50709
0.97932 0.86547
0.01913 0.47872
0.39283 0.29561
0.92538 0.44758
0.46395 0.40939
0.38891 0.76542
0.06274 0.06041
0.08724 0.74124
0.80232 0.72490
0.68580 0.95742
0.30231 0.22683
0.17230 0.87923
0.38139 0.07614
0.54019 0.34538
0.76038 0.32739
0.09287 0.84239
0.46200 0.61914
0.98320 0.78385
0.84359 0.69821
0.54357 0.67492
0.63018 0.78951
0.22881 0.63379
0.10762 0.80444
0.98876 0.70565
0.43085 0.65938
0.11455 0.67924
0.74761 0.27627
0.18230 0.60306
0.95946 0.73708
0.85290 0.47678
0.49542 0.25884
0.93935 0.25943
0.82980 0.08212
0.67090 0.43700
0.05135 0.07087
0.06975 0.62709
0.39141 0.97804
0.28866 0.11661
0.54977 0.79157
0.16991 0.34622
0.28915 0.80022
0.47729 0.12173
0.14356 0.00517
0.47791 0.17137
0.73420 0.55668
0.31480 0.78708
0.55258 0.17492
0.80841 0.17355
0.28636 0.95651
0.17112 0.96110
0.04232 0.05791
0.53199 0.30925
0.63217 0.83470
0.95916 0.50787
0.47355 0.78813
0.95623 0.12995
0.66355 0.01908
0.60292 0.29222
0.27281 0.61838
0.33259 0.81562
0.75749 0.15183
0.95818 0.49113
0.92358 0.75894
0.64280 0.27618
0.63179 0.70897
0.99292 0.41156
0.63987 0.45137
0.25720 0.10749
0.61544 0.46347
0.36981 0.49524
0.36553 0.86395
0.18029 0.68916
0.41817 0.51693
0.52069 0.43147
0.02201 0.19958
0.78055 0.90262
0.17156 0.21503
0.08440 0.22977
0.51320 0.71467
0.08987 0.85780
0.76301 0.24644
0.92469 0.79879
0.76327 0.01617
0.70040 0.97920
0.37893 0.14514
0.35828 0.25335
0.22989 0.40886
0.46754 0.11615
0.67630 0.36459
0.90196 0.39105
0.55997 0.23937
0.29890 0.62503
0.61745 0.96521
0.00171 0.13060
0.64616 0.34738
0.85130 0.11099
0.31360 0.33143
0.02587 0.22490
0.95329 0.42185
0.26232 0.05276
0.79726 0.28229
0.63339 0.29301
0.94109 0.48862
0.51382 0.29887
0.08400 0.91178
0.69211 0.30073
0.26151 0.64963
0.66290 0.42235
0.16226 0.74060
0.05629 0.13248
0.48198 0.73452
0.48277 0.60020
0.18248 0.19797
0.65716 0.24158
0.12476 0.81895
0.49070 0.49792
0.03578 0.61953
0.47550 0.31518
0.68407 0.44676
0.06877 0.67932
0.15231 0.51097
0.28221 0.45973
0.60649 0.92629
0.45768 0.96777
0.14825 0.38186
0.27301 0.48690
0.45293 0.23913
0.10678 0.52294
0.96902 0.91723
0.81714 0.52518
0.30070 0.90055
0.15869 0.66742
0.78321 0.17450
0.57925 0.56900
0.86966 0.21182
0.81517 0.50025
0.10359 0.16146
0.02235 0.64274
0.47498 0.75427
0.52123 0.81789
0.61265 0.87202
0.01286 0.35442
0.34931 0.63960
0.90358 0.43886
0.15640 0.87748
0.20699 0.34033
0.77524 0.67196
0.17501 0.48106
0.25817 0.44976
0.31491 0.38380
0.52247 0.15520
0.96848 0.87136
0.76083 0.82770
0.23342 0.45784
0.42744 0.49832
0.56230 0.86414
0.52552 0.78991
