0.63281 0.40631
0.99661 0.05573
0.78061 0.60906
0.19983 0.35700
0.83750 0.09631
0.17874 0.63412
0.29222 0.81931
0.94149 0.38930
0.61550 0.01806
0.01663 0.91903
0.62323 0.48732
0.52352 0.21792
0.25086 0.32549
0.87143 0.65040
0.44372 0.94405
0.23833 0.54878
0.21324 0.88706
0.03383 0.92126
0.25053 0.64453
0.38927 0.76248
0.56306 0.75939
0.20719 0.63274
0.28262 0.41966
0.95348 0.73169
0.87165 0.75233
0.60603 0.72408
0.31351 0.03009
0.62138 0.61161
0.56108 0.24672
0.81520 0.69359
0.68079 0.99402
0.49487 0.16439
0.35643 0.95315
0.89429 0.08432
0.37263 0.73053
0.90051 0.93808
0.46075 0.44483
0.57395 0.55137
0.36159 0.75123
0.30156 0.45182
0.72798 0.09146
0.98006 0.41307
0.66146 0.00701
0.46791 0.73683
0.46272 0.98203
0.81711 0.57529
0.24469 0.12921
0.95956 0.87834
0.88185 0.22845
0.64783 0.33721
0.22675 0.93733
0.11692 0.13175
0.03593 0.97122
0.60113 0.04881
0.62329 0.36405
0.19159 0.11568
0.34708 0.83154
0.70295 0.99407
0.87478 0.16285
0.85755 0.30466
0.30602 0.79240
0.87478 0.68064
0.34376 0.97800
0.49718 0.37901
0.73883 0.91095
0.69884 0.58648
0.28700 0.71851
0.63184 0.60396
0.05117 0.60356
0.21891 0.65510
0.19068 0.12087
0.45702 0.45176
0.44741 0.70278
0.92341 0.34190
0.80160 0.55679
0.08766 0.18096
0.04056 0.03496
0.13661 0.10351
0.63805 0.28677
0.04522 0.71280
0.30523 0.17417
0.94746 0.97009
0.04916 0.38382
0.60237 0.56694
0.93371 0.52714
0.37581 0.09134
0.47209 0.44455
0.15006 0.32424
0.71121 0.11678
0.73366 0.92297
0.02860 0.39937
0.78665 0.17775
0.86126 0.07793
0.81383 0.89392
0.80428 0.26897
0.51902 0.21398
0.09984 0.50150
0.34827 0.88192
0.75541 0.80941
0.45138 0.28517
0.69710 0.60159
0.86831 0.51658
0.08664 0.20788
0.00401 0.91781
0.49849 0.97228
0.30272 0.19061
0.45898 0.50878
0.38637 0.46192
0.39726 0.95245
0.27972 0.15357
0.88922 0.06881
0.92352 0.70468
0.39506 0.29392
0.76980 0.80031
0.02385 0.38287
0.98560 0.47062
0.87381 0.40579
0.11970 0.12653
0.77626 0.20232
0.14292 0.66619
0.22972 0.05425
0.38686 0.11131
0.36001 0.88709
0.08978 0.28230
0.89067 0.68484
0.46408 0.40295
0.67692 0.36630
0.04298 0.28133
0.61798 0.31237
0.54214 0.63049
0.58119 0.37736
0.91218 0.41553
0.44588 0.83707
0.17838 0.32956
0.52517 0.38327
0.90265 0.61690
0.44325 0.14235
0.81984 0.72764
0.11733 0.08525
0.63066 0.62697
0.53788 0.60102
0.43136 0.14807
0.70669 0.79695
0.04406 0.21901
0.98673 0.42158
0.67019 0.98507
0.15417 0.38474
0.64167 0.24883
0.16351 0.78207
0.47561 0.51970
0.85744 0.97779
0.76220 0.61956
0.09535 0.14343
0.21904 0.23268
0.42797 0.65388
0.46975 0.90718
0.50975 0.81084
0.43192 0.34752
0.78803 0.08519
0.78610 0.99262
0.56231 0.79696
0.06420 0.78565
0.89572 0.78308
0.91722 0.14236
0.87246 0.74559
0.24273 0.01555
0.98451 0.07934
0.47591 0.72226
0.98126 0.65273
0.08364 0.52593
0.82289 0.79088
0.10857 0.79968
0.87725 0.95459
0.71118 0.49605
0.57136 0.15386
0.15981 0.08880
0.19784 0.34712
0.25433 0.42295
0.14654 0.48948
0.07992 0.27865
0.19478 0.96468
0.44121 0.99581
0.78377 0.28350
0.65172 0.87940
0.60945 0.43621
0.12330 0.57311
0.27726 0.75149
0.47054 0.24136
0.92296 0.35037
0.28775 0.28006
0.10148 0.77830
0.74519 0.89305
0.58500 0.25411
0.93706 0.13046
0.57229 0.87670
0.29146 0.05971
0.07636 0.21297
0.03766 0.28676
0.50035 0.96126
0.13961 0.58677
0.40640 0.25562
0.32324 0.14637
0.62085 0.31744
0.92457 0.65099
0.79182 0.67027
0.06893 0.70307
0.80494 0.44323
0.29913 0.26412
0.49399 0.57618
0.59314 0.31832
0.74758 0.70982
0.22651 0.54243
0.06943 0.18211
0.19483 0.15537
0.91616 0.07323
0.06040 0.19952
0.70347 0.32187
0.89595 0.47883
0.15399 0.36427
0.33437 0.51784
0.89479 0.68905
0.00574 0.42869
0.33914 0.18690
0.10697 0.16142
0.31411 0.01560
0.99649 0.33348
0.76560 0.09591
0.13206 0.15922
0.56532 0.40090
0.84364 0.91335
0.85707 0.95644
0.04347 0.12291
0.77778 0.45095
0.96636 0.35973
0.36427 0.52632
0.38879 0.53954
0.80096 0.07644
0.96402 0.46478
0.97188 0.49965
0.15358 0.04618
0.43518 0.71300
0.50350 0.10621
0.61537 0.10682
0.45432 0.95909
0.72951 0.88783
0.61655 0.64017
0.58636 0.36511
0.86325 0.64512
0.58703 0.14685
0.61231 0.76315
0.91311 0.07685
0.76418 0.42353
0.82375 0.00597
0.96631 0.29439
0.99905 0.36082
0.25324 0.84790
