0.51847 0.70089
0.11415 0.44737
0.99601 0.36185
0.93286 0.45022
0.18892 0.18382
0.46990 0.54883
0.85989 0.15369
0.86015 0.20121
0.46078 0.55372
0.30768 0.75748
0.65088 0.37554
0.43874 0.03603
0.03131 0.84580
0.57679 0.54115
0.75830 0.71195
0.07182 0.50124
0.71883 0.29816
0.07957 0.65513
0.07370 0.67485
0.43694 0.54178
0.38547 0.72925
0.19543 0.98585
0.22259 0.06178
0.80377 0.32093
0.77490 0.82546
0.22023 0.56075
0.16543 0.10872
0.49876 0.89630
0.00364 0.01243
0.16048 0.23011
0.62092 0.82616
0.98056 0.30397
0.00657 0.36126
0.84092 0.51154
0.73344 0.55420
0.26449 0.90089
0.16803 0.12668
0.60202 0.94843
0.52661 0.67305
0.29482 0.86814
0.48984 0.94496
0.11824 0.25050
0.05782 0.17862
0.00288 0.74609
0.81825 0.99844
0.78984 0.92675
0.22004 0.25557
0.62347 0.66209
0.16698 0.74981
0.74065 0.63755
0.25963 0.13213
0.36684 0.48962
0.74611 0.64547
0.98750 0.83341
0.82572 0.86541
0.68029 0.08060
0.53029 0.27114
0.09996 0.84142
0.18213 0.69474
0.28580 0.09824
0.07580 0.96100
0.94625 0.26742
0.42124 0.17225
0.06942 0.73608
0.91239 0.92403
0.61367 0.36916
0.37595 0.91975
0.09766 0.32851
0.07184 0.04788
0.77324 0.96741
0.35939 0.07931
0.93238 0.91237
0.57717 0.57766
0.89908 0.19979
0.25668 0.31245
0.84365 0.97304
0.47685 0.59790
0.32389 0.74937
0.32603 0.65681
0.67773 0.83391
0.89471 0.17572
0.88494 0.87397
0.76260 0.17995
0.53586 0.97884
0.35816 0.57634
0.72396 0.07344
0.42689 0.55021
0.68292 0.09484
0.27167 0.75267
0.97737 0.64643
0.86440 0.22422
0.35090 0.86510
0.05050 0.88341
0.97814 0.53181
0.66143 0.49218
0.25447 0.14473
0.16378 0.56590
0.88768 0.36097
0.25670 0.54533
0.53900 0.57672
0.13007 0.83800
0.10435 0.06639
0.39890 0.12720
0.60650 0.28181
0.71139 0.68477
0.02165 0.42905
0.80519 0.07215
0.59899 0.31206
0.61299 0.51048
0.62097 0.98950
0.95159 0.94536
0.35620 0.15359
0.74291 0.85473
0.14825 0.33598
0.18302 0.32555
0.98012 0.82834
0.48270 0.86686
0.09976 0.40151
0.84244 0.98019
0.54812 0.04841
0.59845 0.20242
0.40100 0.42047
0.09640 0.48987
0.69383 0.71651
0.53772 0.45290
0.90563 0.43952
0.54973 0.22670
0.55361 0.39044
0.87225 0.13763
0.84249 0.58182
0.22753 0.76547
0.85828 0.75171
0.52788 0.22601
0.41149 0.27641
0.32702 0.46582
0.98807 0.04442
0.03765 0.92333
0.53677 0.83760
0.77088 0.13173
0.18907 0.46345
0.10709 0.04533
0.41632 0.31643
0.84687 0.80106
0.08614 0.10835
0.37941 0.67720
0.84877 0.23663
0.38098 0.18507
0.72748 0.12751
0.81040 0.70660
0.62928 0.32060
0.87013 0.74302
0.07695 0.63222
0.32921 0.76371
0.11947 0.23912
0.45459 0.56978
0.95912 0.26709
0.83137 0.46522
0.48182 0.60718
0.72941 0.14225
0.99817 0.49346
0.20871 0.98733
0.91668 0.89394
0.05352 0.06734
0.12311 0.11228
0.87802 0.02474
0.65630 0.41336
0.32231 0.90913
0.00798 0.07227
0.61367 0.58340
0.17466 0.28891
0.01359 0.14591
0.59117 0.29034
0.41961 0.52344
0.80130 0.83256
0.69014 0.81084
0.09194 0.58127
0.80685 0.14912
0.00255 0.79123
0.40812 0.06577
0.72961 0.94501
0.06668 0.48116
0.30684 0.63638
0.78497 0.45722
0.12929 0.66694
0.99206 0.51407
0.19330 0.71160
0.07891 0.11166
0.32298 0.42768
0.85949 0.62187
0.08322 0.03474
0.85257 0.79844
0.99687 0.48034
0.71404 0.77882
0.97285 0.28283
0.36279 0.75094
0.80304 0.62141
0.11369 0.37384
0.10165 0.40093
0.26411 0.93994
0.16918 0.43484
0.57951 0.13440
0.59735 0.41002
0.50194 0.14259
0.62565 0.09154
0.48735 0.19114
0.84639 0.70449
0.47895 0.35290
0.49944 0.25220
0.16632 0.42806
0.70418 0.13386
0.49625 0.15872
0.02623 0.22459
0.51875 0.65294
0.43164 0.64530
0.51189 0.73611
0.92112 0.42874
0.86242 0.30979
0.50011 0.55498
0.47034 0.27038
0.71678 0.57350
0.72856 0.65691
0.49544 0.08806
0.20700 0.63640
0.51698 0.46743
0.40477 0.57834
0.48354 0.92815
0.84798 0.44058
0.00947 0.38324
0.96233 0.53115
0.94449 0.65572
0.47210 0.39325
0.82852 0.66987
0.55444 0.26645
0.12938 0.54608
0.43812 0.52143
0.15741 0.74348
0.26050 0.57917
0.57376 0.15471
0.67702 0.55777
0.50688 0.81009
0.28706 0.53747
0.54522 0.72467
0.10888 0.48301
0.21328 0.72268
0.59913 0.76115
0.62642 0.71986
0.17356 0.03387
0.02038 0.35086
0.56340 0.33049
0.03126 0.57652
0.94891 0.82563
0.28350 0.01761
0.69768 0.60502
0.81519 0.27134
0.22560 0.96282
0.26585 0.81996
