0.36588 0.65353
0.71064 0.09977
0.54312 0.97347
0.90604 0.32570
0.46427 0.55400
0.66857 0.26310
0.68018 0.70950
0.46373 0.70638
0.42483 0.99212
0.56078 0.91662
0.20075 0.74505
0.01267 0.20978
0.62617 0.08090
0.92899 0.04651
0.03097 0.08699
0.73670 0.12381
0.99699 0.20677
0.58608 0.28699
0.43721 0.26322
0.09205 0.23691
0.54021 0.27852
0.59923 0.11184
0.97500 0.77401
0.31372 0.88437
0.75714 0.09878
0.61173 0.19147
0.59878 0.03918
0.89916 0.73911
0.55178 0.82319
0.53749 0.97847
0.90367 0.92620
0.21684 0.95944
0.78450 0.04589
0.28020 0.40971
0.78105 0.11546
0.62892 0.09572
0.90273 0.16094
0.40443 0.35708
0.23156 0.87847
0.59448 0.62154
0.04539 0.25149
0.27769 0.14453
0.38287 0.92617
0.42046 0.65240
0.62322 0.35371
0.52272 0.73548
0.65581 0.63133
0.23272 0.46101
0.63335 0.52274
0.69393 0.23990
0.85029 0.97935
0.79208 0.65487
0.06346 0.81495
0.33268 0.58321
0.41448 0.21615
0.85286 0.25825
0.82099 0.85632
0.98950 0.75321
0.32970 0.60817
0.88190 0.31768
0.47795 0.06047
0.68488 0.27445
0.37969 0.16026
0.52588 0.46601
0.56907 0.27372
0.73191 0.80326
0.39708 0.00734
0.02927 0.32352
0.48545 0.23534
0.14469 0.85258
0.39834 0.82289
0.11177 0.40789
0.78803 0.69395
0.64718 0.04606
0.32431 0.59560
0.34563 0.43759
0.31754 0.34869
0.10711 0.25276
0.15183 0.20659
0.78006 0.51950
0.39298 0.82102
0.52592 0.04974
0.78171 0.11523
0.47082 0.55210
0.44721 0.65384
0.95102 0.21742
0.72567 0.00684
0.76830 0.74970
0.91944 0.95931
0.86689 0.06474
0.68034 0.67018
0.50392 0.40014
0.69647 0.65384
0.51708 0.54294
0.92636 0.56503
0.66239 0.81673
0.92125 0.72347
0.41688 0.51416
0.96716 0.13482
0.25675 0.63055
0.26420 0.26646
0.52934 0.75242
0.50025 0.83800
0.87817 0.12140
0.59739 0.76111
0.69757 0.04887
0.41789 0.97138
0.36349 0.35191
0.44779 0.60788
0.05323 0.92668
0.67830 0.63901
0.87495 0.23831
0.18276 0.49964
0.94392 0.42477
0.09317 0.50671
0.39687 0.96443
0.83638 0.41106
0.44945 0.36524
0.51270 0.16279
0.67904 0.03171
0.57501 0.28319
0.74876 0.42109
0.03497 0.91730
0.61680 0.16994
0.99091 0.39719
0.41968 0.90101
0.36987 0.66171
0.86800 0.31198
0.80353 0.26462
0.23514 0.76935
0.06658 0.24678
0.01305 0.55289
0.79542 0.28939
0.92570 0.01955
0.90326 0.87328
0.69726 0.20925
0.88585 0.89972
0.27351 0.77701
0.97093 0.98866
0.13651 0.06822
0.12760 0.00999
0.82787 0.22287
0.91956 0.62994
0.00106 0.29002
0.47005 0.37672
0.70058 0.06617
0.25444 0.48439
0.93151 0.15840
0.86695 0.25381
0.12904 0.08641
0.46923 0.10557
0.89396 0.57690
0.70055 0.28384
0.70632 0.28775
0.70006 0.02836
0.28798 0.90239
0.26145 0.87396
0.20577 0.76530
0.14711 0.81082
0.13967 0.83159
0.14943 0.55901
0.46228 0.81607
0.24749 0.78569
0.69098 0.68060
0.79649 0.58094
0.32244 0.08091
0.51489 0.07391
0.28865 0.99719
0.06568 0.61274
0.44047 0.53599
0.53502 0.75223
0.87929 0.05065
0.49500 0.94952
0.27556 0.05630
0.93219 0.26086
0.95202 0.00326
0.40686 0.35587
0.77795 0.33745
0.30694 0.09762
0.01808 0.56543
0.82165 0.09141
0.73784 0.77283
0.00124 0.82158
0.25427 0.72816
0.34305 0.98387
0.99522 0.75088
0.59018 0.18336
0.01551 0.52906
0.86859 0.59532
0.42124 0.26636
0.46783 0.68870
0.63586 0.73385
0.12021 0.30573
0.38374 0.95938
0.53443 0.26715
0.71827 0.37948
0.31447 0.12462
0.76676 0.37539
0.16154 0.26876
0.97506 0.08388
0.10590 0.36587
0.17281 0.84277
0.45382 0.29797
0.35741 0.78881
0.08607 0.88289
0.69783 0.14248
0.24949 0.85537
0.52316 0.06416
0.65789 0.83853
0.62826 0.25115
0.65474 0.36876
0.10910 0.16856
0.33424 0.81157
0.99707 0.02071
0.82020 0.86528
0.59071 0.52184
0.34428 0.31902
0.25323 0.47313
0.88449 0.48011
0.64886 0.91434
0.44696 0.65123
0.78592 0.18423
0.94755 0.64931
0.61477 0.46202
0.29776 0.82763
0.61496 0.83751
0.71918 0.55651
0.36862 0.15351
0.57084 0.48711
0.60310 0.74526
0.38431 0.71420
0.57250 0.77334
0.94602 0.58903
0.22803 0.04593
0.95627 0.10538
0.39931 0.08223
0.52663 0.54364
0.66085 0.42143
0.31867 0.29961
0.44817 0.12091
0.40283 0.75972
0.09224 0.52382
0.60852 0.90210
0.71606 0.01233
0.98940 0.81593
0.99384 0.23270
0.93568 0.54047
0.90541 0.84100
0.85955 0.00800
0.74724 0.50027
0.41690 0.64461
0.34937 0.89514
0.16933 0.72566
0.95562 0.14452
0.80462 0.84761
0.71743 0.83068
