0.55545 0.37784
0.65158 0.86024
0.45303 0.87280
0.98154 0.83662
0.13527 0.73908
0.59506 0.93874
0.87977 0.13219
0.94788 0.30303
0.74550 0.19890
0.95770 0.55075
0.26044 0.65402
0.81105 0.56110
0.36808 0.32014
0.86701 0.68891
0.69266 0.36077
0.97792 0.83159
0.83356 0.68556
0.56055 0.76065
0.00127 0.89583
0.01991 0.10729
0.34104 0.09253
0.30237 0.99141
0.19606 0.54373
0.04080 0.31705
0.27163 0.86712
0.31614 0.14956
0.22418 0.97171
0.38958 0.63269
0.18333 0.13315
0.27457 0.64103
0.10442 0.67423
0.76568 0.15833
0.65908 0.16736
0.90630 0.50412
0.89799 0.48436
0.64419 0.13467
0.30959 0.12662
0.16021 0.24529
0.14186 0.53130
0.55653 0.47416
0.79220 0.63481
0.86364 0.93695
0.43153 0.48224
0.25866 0.19004
0.40891 0.02003
0.71588 0.71615
0.76915 0.61887
0.89701 0.94702
0.54969 0.92062
0.50569 0.60821
0.58055 0.94394
0.31460 0.76539
0.18161 0.08401
0.22853 0.21224
0.52563 0.97406
0.08693 0.54771
0.96644 0.09245
0.28723 0.95919
0.93648 0.89568
0.54598 0.90264
0.42089 0.29516
0.93048 0.75063
0.13485 0.19260
0.56703 0.53144
0.81822 0.57569
0.39544 0.18527
0.46432 0.96412
0.13964 0.02132
0.63116 0.83992
0.46942 0.01543
0.44895 0.13322
0.45038 0.57451
0.64915 0.73918
0.36184 0.46440
0.40905 0.15373
0.85922 0.79663
0.02667 0.93836
0.60827 0.66370
0.83894 0.44212
0.65114 0.56173
0.30087 0.68934
0.41743 0.05320
0.71257 0.25806
0.07744 0.99205
0.96780 0.02791
0.45581 0.35045
0.78681 0.14718
0.69592 0.68371
0.55131 0.07652
0.45726 0.56536
0.25418 0.01541
0.31599 0.41559
0.57197 0.59819
0.05979 0.47981
0.57227 0.60610
0.86541 0.48840
0.07065 0.51429
0.90064 0.52711
0.40360 0.55652
0.12473 0.19415
0.79360 0.45221
0.04770 0.40967
0.28819 0.03289
0.28639 0.49507
0.25549 0.02713
0.03178 0.55678
0.20578 0.22969
0.50950 0.45759
0.43360 0.58090
0.16277 0.72555
0.24463 0.10366
0.93212 0.11330
0.56050 0.42213
0.42171 0.14861
0.21994 0.83130
0.44446 0.61623
0.91488 0.75896
0.15156 0.91080
0.71298 0.91341
0.44701 0.46689
0.32802 0.84695
0.82974 0.19277
0.73565 0.66025
0.80064 0.14779
0.28596 0.23372
0.95918 0.78603
0.22040 0.56563
0.38279 0.52989
0.76035 0.44075
0.62987 0.67136
0.21910 0.04803
0.69780 0.10249
0.74158 0.03561
0.80941 0.51095
0.86764 0.46451
0.03725 0.14248
0.91278 0.17562
0.79766 0.08207
0.27753 0.31496
0.23088 0.68910
0.74599 0.02372
0.02985 0.58389
0.73061 0.66186
0.89193 0.18290
0.41857 0.26750
0.54384 0.35323
0.78453 0.81309
0.61346 0.29943
0.43798 0.23296
0.27918 0.01102
0.66942 0.18473
0.01672 0.68084
0.46882 0.05817
0.31758 0.92019
0.32825 0.53954
0.57141 0.70311
0.77574 0.11365
0.24683 0.61258
0.10138 0.74573
0.19340 0.90900
0.33941 0.92796
0.52701 0.32849
0.19062 0.63709
0.22570 0.35157
0.10254 0.12032
0.37672 0.51277
0.96698 0.15715
0.94902 0.36432
0.02151 0.08379
0.97996 0.05355
0.17137 0.01355
0.05302 0.34480
0.22400 0.68346
0.99059 0.70069
0.81379 0.55350
0.74350 0.67056
0.06001 0.93939
0.94958 0.12176
0.55548 0.34473
0.21811 0.16316
0.60257 0.38858
0.93502 0.29179
0.65689 0.20567
0.20991 0.48470
0.75368 0.21326
0.79547 0.77533
0.88406 0.33494
0.74298 0.17632
0.35726 0.31215
0.78356 0.68604
0.67019 0.73645
0.04277 0.95006
0.78979 0.24826
0.33625 0.01621
0.59491 0.82871
0.11273 0.77811
0.46322 0.08818
0.87473 0.09426
0.08699 0.59444
0.49129 0.68732
0.55927 0.15521
0.24163 0.59177
0.78188 0.89892
0.12793 0.96488
0.22339 0.85796
0.89238 0.37351
0.25713 0.41317
0.38584 0.65548
0.28407 0.87844
0.64305 0.73568
0.79429 0.57105
0.15979 0.80329
0.87582 0.55910
0.83439 0.11841
0.29509 0.91546
0.93506 0.31369
0.34177 0.11853
0.23794 0.25963
0.46732 0.66378
0.13613 0.71805
0.53009 0.44075
0.55340 0.20623
0.15002 0.02936
0.71244 0.01754
0.93849 0.13209
0.95186 0.51698
0.45781 0.09963
0.71701 0.15582
0.49726 0.16840
0.06338 0.79394
0.80366 0.80076
0.00638 0.79225
0.30869 0.96730
0.71320 0.33811
0.58515 0.21630
0.28817 0.66766
0.66956 0.99565
0.79094 0.45992
0.69722 0.28529
0.12798 0.57176
0.85807 0.74135
0.34639 0.53632
0.68751 0.35234
0.02455 0.34879
0.58409 0.61294
0.80251 0.58918
0.56741 0.28124
0.61449 0.74013
0.38604 0.15470
0.10399 0.44463
0.35903 0.18197
0.75330 0.01822
0.17676 0.24090
0.14769 0.27012
0.29173 0.12778
0.11617 0.12522
