0.17883 0.10139
0.21412 0.19872
0.10045 0.46474
0.15704 0.57274
0.03902 0.48763
0.58020 0.37103
0.26258 0.49489
0.15959 0.92509
0.51412 0.08570
0.28968 0.36664
0.67865 0.26892
0.09041 0.94131
0.95171 0.58192
0.74266 0.79303
0.21448 0.85109
0.42169 0.34693
0.16857 0.03590
0.92926 0.40321
0.33469 0.08219
0.09670 0.24998
0.76517 0.76408
0.00169 0.03712
0.49987 0.83320
0.11166 0.77292
0.48542 0.03121
0.63880 0.34255
0.12758 0.44388
0.59428 0.40170
0.51957 0.83914
0.31260 0.50918
0.61835 0.75275
0.41772 0.46053
0.37661 0.09190
0.48468 0.19070
0.38652 0.22050
0.93968 0.22747
0.28826 0.68303
0.20054 0.60806
0.16597 0.95893
0.16463 0.28681
0.73116 0.18387
0.73925 0.52595
0.36671 0.20397
0.83895 0.22876
0.93486 0.77939
0.81310 0.46154
0.98973 0.61315
0.47467 0.92569
0.37050 0.26369
0.96013 0.41609
0.85035 0.26311
0.48795 0.98203
0.93176 0.40614
0.92084 0.37554
0.19009 0.45721
0.50891 0.34213
0.12239 0.93719
0.36990 0.47967
0.64966 0.60891
0.22245 0.69205
0.37555 0.95453
0.65459 0.02221
0.17742 0.01883
0.42587 0.17221
0.01536 0.77508
0.09078 0.41953
0.80890 0.80335
0.70819 0.79889
0.26786 0.32648
0.84472 0.89317
0.91657 0.14942
0.29911 0.47515
0.97601 0.46099
0.46845 0.26986
0.97621 0.57022
0.04961 0.68385
0.64276 0.83529
0.83402 0.40735
0.64106 0.66650
0.56786 0.68685
0.50165 0.78813
0.74418 0.96517
0.38966 0.86522
0.40031 0.92485
0.65833 0.07035
0.96159 0.50579
0.48163 0.53993
0.95421 0.54257
0.47815 0.11031
0.21602 0.81227
0.32571 0.47291
0.95904 0.31326
0.98579 0.93188
0.40560 0.44886
0.08724 0.92464
0.94648 0.45427
0.83409 0.17582
0.69080 0.73250
0.89019 0.08791
0.87835 0.81193
0.79266 0.05274
0.32693 0.05899
0.02254 0.20884
0.78460 0.94776
0.39518 0.41307
0.39536 0.29503
0.03350 0.63612
0.15075 0.49571
0.80098 0.33317
0.35731 0.27758
0.60489 0.88974
0.87358 0.77813
0.57383 0.77574
0.01416 0.82599
0.57469 0.36205
0.50004 0.68968
0.11387 0.51142
0.20162 0.73539
0.44780 0.51699
0.67675 0.77339
0.93822 0.64206
0.27769 0.41638
0.95062 0.35747
0.58242 0.37252
0.91298 0.56038
0.12834 0.45319
0.52542 0.63876
0.76044 0.00808
0.80993 0.02722
0.77323 0.02098
0.72799 0.12978
0.66078 0.94371
0.14349 0.31989
0.33216 0.12175
0.20147 0.84652
0.85748 0.72227
0.51140 0.59635
0.62925 0.30155
0.12712 0.76316
0.81842 0.62913
0.31358 0.45798
0.06774 0.50381
0.01834 0.10547
0.64151 0.77674
0.85081 0.57818
0.41364 0.37792
0.83120 0.61703
0.66805 0.08302
0.41682 0.93873
0.78185 0.39483
0.68935 0.46438
0.69032 0.44452
0.64608 0.15923
0.68717 0.80187
0.76963 0.78721
0.22148 0.49890
0.31034 0.62802
0.23700 0.05605
0.79572 0.00221
0.77175 0.36859
0.66506 0.26245
0.31874 0.21528
0.52034 0.19612
0.99548 0.84273
0.17205 0.97060
0.33667 0.69846
0.15788 0.15754
0.34648 0.39219
0.65827 0.28251
0.66933 0.57687
0.50932 0.42434
0.32777 0.45201
0.65904 0.15768
0.15207 0.02325
0.14228 0.18915
0.28682 0.94309
0.16906 0.22495
0.20856 0.75461
0.02294 0.08868
0.26697 0.19741
0.72284 0.91208
0.45767 0.01174
0.35430 0.13356
0.02696 0.33010
0.92994 0.80768
0.34382 0.73707
0.08467 0.26355
0.17721 0.56033
0.12226 0.77957
0.64785 0.13465
0.37194 0.10446
0.40888 0.77179
0.09492 0.82060
0.73447 0.64978
0.92254 0.39910
0.13381 0.32465
0.91875 0.26678
0.86787 0.01524
0.43982 0.61052
0.87501 0.49886
0.84444 0.97335
0.31887 0.26119
0.88675 0.14825
0.66394 0.29093
0.26764 0.29008
0.32845 0.11962
0.49717 0.89124
0.29760 0.80359
0.49353 0.65507
0.24898 0.25829
0.03020 0.81110
0.45584 0.39280
0.50122 0.62054
0.56952 0.80148
0.58917 0.36489
0.44429 0.78138
0.97175 0.86766
0.24941 0.71110
0.47945 0.10673
0.58941 0.99592
0.44991 0.17886
0.43183 0.43022
0.76756 0.48771
0.85700 0.83574
0.40210 0.69840
0.44495 0.19940
0.64001 0.25381
0.74214 0.25441
0.78444 0.53345
0.22513 0.49542
0.93316 0.81447
0.20233 0.88485
0.96059 0.54320
0.74560 0.11490
0.30103 0.33295
0.20203 0.01081
0.67960 0.61109
0.38075 0.68530
0.36350 0.66525
0.61908 0.35481
0.46886 0.89268
0.84691 0.56770
0.88179 0.22848
0.59794 0.84907
0.65610 0.03582
0.99549 0.50335
0.81278 0.64061
0.61440 0.97162
0.10497 0.99633
0.22830 0.17806
0.10216 0.28989
0.05251 0.31812
0.35982 0.95643
0.25193 0.16709
0.49164 0.01904
0.93703 0.96267
