0.63204 0.72298
0.98225 0.07974
0.25909 0.38949
0.10847 0.82522
0.19963 0.02792
0.49972 0.59753
0.65030 0.56333
0.57098 0.05154
0.75306 0.81014
0.37737 0.88093
0.06579 0.13724
0.06450 0.83562
0.37099 0.99840
0.81356 0.61638
0.16842 0.99974
0.36938 0.19462
0.87603 0.38642
0.55469 0.58505
0.83598 0.62440
0.64647 0.75925
0.26837 0.40748
0.74524 0.23774
0.60693 0.08288
0.28662 0.78321
0.40130 0.04065
0.72553 0.59144
0.17374 0.13858
0.57885 0.15650
0.50484 0.74139
0.87113 0.70547
0.02786 0.55594
0.74435 0.49321
0.04544 0.14240
0.07383 0.42800
0.43886 0.77758
0.03379 0.65325
0.06000 0.31733
0.09682 0.67997
0.14175 0.90011
0.30892 0.92931
0.57286 0.76134
0.64356 0.90237
0.65386 0.59206
0.07192 0.06873
0.55906 0.70702
0.86240 0.64956
0.18079 0.36418
0.50600 0.07098
0.51576 0.78850
0.54124 0.63031
0.22860 0.92721
0.21771 0.73823
0.12108 0.05732
0.33349 0.15134
0.09723 0.35863
0.05094 0.56705
0.66564 0.84619
0.21156 0.86555
0.73384 0.40752
0.17971 0.41239
0.18568 0.46402
0.20544 0.07677
0.10055 0.60881
0.96928 0.56634
0.48568 0.48668
0.40894 0.24626
0.91844 0.59600
0.87863 0.73843
0.07631 0.51925
0.16561 0.14218
0.38480 0.15703
0.96734 0.27698
0.85158 0.56972
0.47582 0.73358
0.49120 0.88321
0.75600 0.25538
0.58501 0.02379
0.92898 0.88446
0.60352 0.30368
0.49070 0.72775
0.90673 0.52004
0.27808 0.42483
0.63345 0.71771
0.96437 0.81850
0.98126 0.33332
0.04166 0.52575
0.11061 0.75847
0.69039 0.77312
0.58076 0.64346
0.03624 0.83946
0.07700 0.62215
0.35742 0.77513
0.45042 0.49134
0.12276 0.12586
0.98492 0.70814
0.07820 0.76154
0.59521 0.60625
0.41515 0.45156
0.66005 0.71121
0.61934 0.10714
0.83626 0.06805
0.97520 0.24698
0.80930 0.23590
0.99130 0.84009
0.43127 0.30196
0.27539 0.34119
0.76235 0.52867
0.47593 0.93473
0.01591 0.43660
0.00135 0.72923
0.61253 0.11167
0.51990 0.72804
0.71587 0.62285
0.05980 0.49719
0.36596 0.85251
0.23245 0.42367
0.61760 0.48226
0.58995 0.69157
0.12980 0.32506
0.75592 0.25200
0.01112 0.43821
0.18823 0.41183
0.94083 0.12412
0.96213 0.64224
0.46377 0.41325
0.26514 0.95198
0.39334 0.27949
0.31248 0.15508
0.96430 0.22543
0.73697 0.71455
0.74582 0.17726
0.20359 0.87564
0.06501 0.98569
0.58917 0.99610
0.42561 0.28103
0.09065 0.62983
0.94287 0.64234
0.00967 0.11905
0.16365 0.89567
0.74669 0.58157
0.21863 0.99494
0.35009 0.23094
0.20954 0.53938
0.23204 0.02822
0.21602 0.29308
0.60392 0.36527
0.22415 0.17312
0.12714 0.18768
0.12238 0.22045
0.75240 0.95521
0.76728 0.24620
0.52034 0.80819
0.54271 0.31502
0.21112 0.11513
0.95431 0.31413
0.95324 0.56457
0.70993 0.95872
0.23804 0.60298
0.68367 0.73482
0.99992 0.11400
0.30240 0.67027
0.61681 0.25749
0.83833 0.46781
0.18083 0.69885
0.38476 0.11436
0.24779 0.22249
0.37138 0.43576
0.27641 0.54533
0.09452 0.93011
0.09711 0.24654
0.02518 0.81971
0.44994 0.75330
0.90815 0.80573
0.81990 0.00260
0.09614 0.90184
0.80549 0.39256
0.86816 0.41362
0.85111 0.96427
0.18413 0.97651
0.35491 0.09974
0.81722 0.95086
0.72964 0.50563
0.79166 0.34300
0.50478 0.21619
0.16515 0.71825
0.09878 0.60133
0.69331 0.99867
0.42463 0.99070
0.75650 0.18171
0.73151 0.02431
0.27237 0.39029
0.95015 0.29055
0.01589 0.83164
0.45136 0.70815
0.30790 0.10489
0.18099 0.03999
0.08182 0.22910
0.37235 0.13777
0.47503 0.08263
0.20585 0.97395
0.79443 0.52200
0.40138 0.44709
0.87588 0.84293
0.21472 0.72572
0.12236 0.60790
0.17785 0.78418
0.35640 0.25474
0.18765 0.72138
0.07585 0.24190
0.40442 0.07895
0.81084 0.36719
0.43508 0.58750
0.15456 0.15482
0.72992 0.12715
0.31474 0.32771
0.40273 0.76000
0.74221 0.53593
0.70610 0.67185
0.55899 0.08498
0.08049 0.39609
0.94556 0.58609
0.60696 0.04998
0.99261 0.39618
0.39646 0.63903
0.36229 0.54465
0.52689 0.84745
0.39735 0.97581
0.63537 0.54218
0.07781 0.96219
0.85208 0.34112
0.38780 0.11898
0.66480 0.77712
0.45122 0.56496
0.96329 0.44408
0.99454 0.01796
0.76640 0.80134
0.23568 0.31950
0.98860 0.15582
0.33162 0.06613
0.97420 0.30672
0.88987 0.87062
0.51152 0.03298
0.48848 0.05761
0.16207 0.49758
0.06873 0.63001
0.94913 0.54800
0.95096 0.54158
0.04475 0.49248
0.36545 0.82987
0.16113 0.76148
0.71614 0.48401
0.05194 0.73865
0.00748 0.72657
0.09934 0.99705
0.96924 0.40726
0.62849 0.50821
