0.34718 0.09465
0.43864 0.33766
0.57497 0.60287
0.26392 0.61847
0.04750 0.74200
0.31210 0.06819
0.19250 0.80040
0.89206 0.46368
0.28745 0.02395
0.01482 0.68554
0.73157 0.40491
0.59450 0.69690
0.19657 0.40334
0.46100 0.87291
0.17085 0.11177
0.20719 0.10880
0.13270 0.68555
0.22419 0.99063
0.34524 0.96838
0.74846 0.40192
0.66336 0.52640
0.76516 0.11523
0.99197 0.23320
0.80028 0.90937
0.79745 0.95056
0.94612 0.44566
0.18650 0.19366
0.54205 0.48433
0.91429 0.39105
0.74756 0.34004
0.73137 0.39745
0.34913 0.96218
0.39233 0.02791
0.82280 0.27669
0.51592 0.30846
0.59058 0.50721
0.12367 0.58168
0.80773 0.42285
0.46885 0.37523
0.72139 0.06134
0.58151 0.34321
0.13992 0.66010
0.19999 0.24261
0.51846 0.96251
0.68095 0.52795
0.87085 0.57045
0.06083 0.12108
0.18382 0.22511
0.48396 0.25562
0.20885 0.59529
0.89377 0.59334
0.25012 0.58709
0.30420 0.35813
0.89301 0.51047
0.42651 0.47984
0.86907 0.63316
0.23935 0.32909
0.67102 0.36798
0.19538 0.53427
0.14877 0.13806
0.30372 0.27963
0.86418 0.92419
0.72985 0.39721
0.03256 0.26077
0.46086 0.27083
0.18368 0.69814
0.56235 0.74510
0.26046 0.76993
0.96761 0.93316
0.26117 0.54977
0.51201 0.94290
0.14344 0.76384
0.00604 0.04759
0.24384 0.02124
0.91051 0.24213
0.83297 0.34738
0.07112 0.23984
0.52989 0.72908
0.26022 0.89953
0.73600 0.49141
0.13147 0.87853
0.81688 0.12389
0.39445 0.99694
0.42693 0.25673
0.89102 0.48268
0.38239 0.57284
0.11584 0.39446
0.96447 0.60752
0.94515 0.01564
0.80453 0.15631
0.52512 0.28423
0.71277 0.83452
0.75990 0.47344
0.06659 0.35602
0.24086 0.17835
0.65067 0.79400
0.81793 0.34979
0.88880 0.86249
0.65651 0.48134
0.07206 0.87599
0.86395 0.31480
0.55205 0.53004
0.66024 0.07831
0.23274 0.58289
0.40210 0.21724
0.24083 0.60033
0.51580 0.15088
0.58826 0.10214
0.04645 0.87048
0.99935 0.71716
0.01110 0.73300
0.22179 0.53477
0.60944 0.32694
0.29977 0.70061
0.62172 0.99291
0.95665 0.28641
0.41742 0.76374
0.48997 0.11341
0.82197 0.26306
0.44511 0.74910
0.66846 0.19881
0.82419 0.42178
0.22279 0.25885
0.01872 0.57358
0.14174 0.11387
0.30470 0.23183
0.54325 0.03082
0.12818 0.63073
0.87795 0.16003
0.22449 0.07328
0.09560 0.14091
0.73316 0.49782
0.51150 0.06130
0.72948 0.13194
0.57831 0.57099
0.94742 0.93160
0.26549 0.82376
0.32669 0.02481
0.41403 0.15509
0.91249 0.16878
0.13624 0.02444
0.93314 0.07312
0.35735 0.68632
0.92153 0.25863
0.27990 0.68283
0.97888 0.99934
0.68368 0.19398
0.95337 0.10202
0.21816 0.86840
0.02618 0.95696
0.02439 0.08693
0.15491 0.53218
0.67708 0.04067
0.85110 0.67696
0.97475 0.14909
0.63803 0.98968
0.68095 0.13836
0.45851 0.45465
0.53838 0.27507
0.93116 0.24921
0.57807 0.19706
0.53665 0.90008
0.97800 0.21544
0.19437 0.00972
0.50251 0.73418
0.39654 0.36220
0.84700 0.97705
0.38352 0.19832
0.52675 0.44234
0.38801 0.41071
0.80729 0.33703
0.26317 0.44832
0.13344 0.45907
0.39470 0.20842
0.33220 0.22526
0.33630 0.04548
0.28847 0.06681
0.50702 0.81121
0.32238 0.57412
0.94362 0.91226
0.90803 0.92996
0.57004 0.97392
0.24960 0.67842
0.00393 0.69573
0.51401 0.55227
0.34157 0.23746
0.61849 0.02183
0.38972 0.33639
0.47334 0.95578
0.91054 0.12822
0.53275 0.24099
0.83096 0.87789
0.27097 0.03903
0.55575 0.09684
0.28991 0.30561
0.58275 0.02306
0.36453 0.65471
0.55476 0.86846
0.84082 0.83976
0.44323 0.21578
0.44767 0.39909
0.64026 0.61630
0.96275 0.20641
0.59919 0.22188
0.33067 0.67918
0.59345 0.71993
0.12590 0.27434
0.95908 0.57830
0.80881 0.73163
0.40607 0.13700
0.09668 0.15188
0.20208 0.06331
0.69624 0.74932
0.86082 0.59601
0.68193 0.44427
0.60989 0.45684
0.72624 0.40769
0.58868 0.08154
0.18840 0.83262
0.31153 0.87527
0.15320 0.99342
0.79508 0.95304
0.31759 0.71137
0.01042 0.04077
0.97752 0.85545
0.58778 0.40672
0.11517 0.42145
0.25431 0.03476
0.89330 0.90206
0.28502 0.40054
0.00759 0.31351
0.72677 0.18896
0.54337 0.67773
0.03372 0.32899
0.86321 0.18589
0.79056 0.85650
0.28155 0.62576
0.98334 0.56694
0.00936 0.46071
0.95512 0.14158
0.48735 0.97822
0.30472 0.57402
0.11791 0.51024
0.09532 0.24798
0.03526 0.16023
0.84252 0.90205
0.85281 0.23352
0.97130 0.02970
0.32491 0.67429
0.83542 0.45357
0.58284 0.91605
0.82081 0.54570
0.24379 0.92566
0.02293 0.44716
0.34563 0.79919
0.29130 0.36194
