0.08869 0.79565
0.91958 0.68963
0.28472 0.86730
0.10472 0.22058
0.24113 0.96959
0.16694 0.75381
0.05843 0.90069
0.02585 0.10041
0.59721 0.32775
0.00465 0.56347
0.01266 0.90201
0.97821 0.84631
0.79060 0.97554
0.16680 0.73310
0.34470 0.62818
0.15394 0.78863
0.56057 0.28282
0.82832 0.42002
0.47853 0.36679
0.63491 0.65860
0.09149 0.31438
0.34592 0.25866
0.88890 0.32684
0.51009 0.71103
0.21507 0.98706
0.92209 0.38310
0.94956 0.65368
0.16170 0.86511
0.19831 0.59657
0.44822 0.27908
0.62571 0.69985
0.50033 0.08029
0.13585 0.10580
0.91417 0.98070
0.88147 0.75617
0.12380 0.84964
0.13241 0.61214
0.21615 0.94690
0.62655 0.13623
0.35983 0.27698
0.29882 0.63137
0.22321 0.63564
0.34107 0.98654
0.26429 0.00360
0.91762 0.24581
0.02675 0.15551
0.69455 0.49531
0.21624 0.28722
0.14438 0.47331
0.50771 0.48904
0.87315 0.57410
0.24825 0.05147
0.84947 0.19200
0.32233 0.79647
0.60537 0.10884
0.60560 0.94311
0.21765 0.46448
0.61347 0.53666
0.62181 0.23936
0.27208 0.66231
0.60238 0.99057
0.56024 0.03248
0.25087 0.66197
0.52174 0.99210
0.79799 0.17882
0.40899 0.04872
0.57016 0.08759
0.01126 0.21326
0.39546 0.20376
0.81145 0.86949
0.65997 0.53294
0.81489 0.60221
0.28740 0.59383
0.45209 0.82506
0.23540 0.90600
0.00655 0.70019
0.96695 0.49205
0.20983 0.60033
0.45856 0.44503
0.89543 0.61183
0.56078 0.82760
0.63455 0.97168
0.43345 0.84697
0.46545 0.39069
0.60889 0.65414
0.90461 0.23285
0.28782 0.45312
0.25447 0.80290
0.86435 0.73404
0.33228 0.72982
0.14159 0.22776
0.41634 0.32187
0.16705 0.13320
0.62573 0.34809
0.29564 0.72262
0.08828 0.66493
0.45630 0.63823
0.27008 0.01500
0.70162 0.85791
0.86541 0.14687
0.53318 0.43939
0.54640 0.55825
0.60676 0.70950
0.91435 0.41780
0.78247 0.21196
0.80788 0.04196
0.74660 0.51753
0.03828 0.47076
0.30501 0.89551
0.74232 0.16244
0.25656 0.87008
0.35893 0.80562
0.14842 0.19618
0.31465 0.75790
0.74866 0.21649
0.11461 0.89682
0.19441 0.85026
0.20018 0.14591
0.11595 0.66709
0.49906 0.52265
0.16018 0.40347
0.65101 0.50908
0.37897 0.48564
0.31422 0.01164
0.94213 0.66416
0.26750 0.79572
0.24483 0.67362
0.96548 0.66375
0.48481 0.07548
0.89832 0.00340
0.60626 0.35060
0.84406 0.02316
0.98600 0.85445
0.96778 0.69118
0.93395 0.67243
0.99694 0.65079
0.26744 0.83146
0.74428 0.97878
0.08624 0.87260
0.31986 0.57220
0.10063 0.79815
0.89187 0.78366
0.12029 0.09221
0.87165 0.08199
0.62492 0.61112
0.68002 0.73811
0.06374 0.09839
0.28175 0.64890
0.38735 0.90788
0.15588 0.16402
0.33643 0.50864
0.68325 0.66847
0.63583 0.10627
0.94774 0.60627
0.30703 0.34822
0.78203 0.00745
0.57951 0.09133
0.38238 0.07286
0.08304 0.81760
0.28879 0.21951
0.98233 0.80625
0.13838 0.82889
0.42697 0.30250
0.44255 0.70412
0.12117 0.46464
0.06824 0.03305
0.13458 0.63026
0.74354 0.02464
0.72631 0.12747
0.24079 0.51925
0.17868 0.88182
0.37521 0.10297
0.40390 0.72576
0.70312 0.00522
0.28333 0.44290
0.40718 0.72589
0.78321 0.67072
0.63600 0.87751
0.04524 0.62459
0.10277 0.23885
0.36633 0.35846
0.21093 0.88013
0.37993 0.85446
0.55936 0.25852
0.16622 0.40885
0.23379 0.15483
0.47284 0.60297
0.96753 0.31946
0.14492 0.44481
0.07178 0.90965
0.11049 0.09351
0.94014 0.64855
0.26413 0.17301
0.38437 0.29243
0.74389 0.19372
0.29361 0.42977
0.39020 0.71657
0.04235 0.83164
0.77799 0.41020
0.60364 0.67887
0.21589 0.13134
0.80175 0.12630
0.39709 0.42878
0.74117 0.51083
0.75606 0.01156
0.40605 0.21261
0.85260 0.42719
0.15236 0.67650
0.44836 0.40494
0.39835 0.22479
0.30764 0.12218
0.79349 0.34188
0.15427 0.09289
0.22337 0.81432
0.56138 0.84741
0.13369 0.64717
0.75866 0.70615
0.01553 0.19931
0.34217 0.53711
0.24800 0.28663
0.67166 0.51393
0.95073 0.26243
0.45250 0.58348
0.94338 0.20149
0.87003 0.95550
0.08820 0.83739
0.99467 0.41207
0.88260 0.92742
0.07954 0.24648
0.68146 0.47002
0.56723 0.00999
0.83514 0.10695
0.90224 0.15150
0.68869 0.39927
0.72045 0.25475
0.03471 0.80931
0.18108 0.48228
0.96630 0.92758
0.01050 0.16977
0.03656 0.39975
0.11259 0.66827
0.09080 0.11590
0.59643 0.90766
0.47924 0.56364
0.04356 0.88285
0.50988 0.40387
0.12673 0.27309
0.78899 0.14567
0.11414 0.10428
0.72088 0.41545
0.03230 0.89321
0.82271 0.68153
0.58687 0.89098
0.85891 0.26641
0.11016 0.27187
0.74928 0.75135
