0.74172 0.17769
0.98504 0.43683
0.76992 0.11711
0.40709 0.43473
0.02072 0.88258
0.64543 0.18273
0.28056 0.58102
0.00242 0.48724
0.35412 0.67784
0.92516 0.42327
0.12039 0.00539
0.30959 0.72204
0.91491 0.86943
0.39676 0.14272
0.82961 0.52323
0.92245 0.14099
0.03921 0.31518
0.73229 0.12901
0.04608 0.80487
0.41057 0.19147
0.49629 0.63153
0.11349 0.82569
0.33517 0.85152
0.97449 0.27927
0.58870 0.38251
0.73424 0.39306
0.22294 0.92239
0.95343 0.42283
0.30135 0.51298
0.13956 0.95407
0.97442 0.01298
0.14866 0.93878
0.17330 0.75716
0.22497 0.25585
0.67402 0.46142
0.44598 0.52333
0.23005 0.21583
0.45181 0.67278
0.35102 0.72684
0.09249 0.58680
0.39209 0.94771
0.57269 0.83789
0.06418 0.37092
0.92733 0.27261
0.32919 0.00803
0.78726 0.14690
0.06979 0.45989
0.69884 0.05857
0.01964 0.86033
0.24014 0.48463
0.78576 0.81766
0.14235 0.68159
0.70380 0.79824
0.61380 0.75587
0.12899 0.26194
0.07337 0.01148
0.35558 0.65237
0.50547 0.97930
0.93661 0.53440
0.14603 0.74307
0.04906 0.62922
0.92268 0.45826
0.66620 0.35035
0.87870 0.43813
0.99092 0.58518
0.54495 0.30230
0.83327 0.88017
0.56599 0.96710
0.84564 0.89709
0.43856 0.64521
0.58068 0.47762
0.88027 0.91038
0.48071 0.55864
0.87346 0.87813
0.01590 0.78533
0.21454 0.46068
0.16251 0.88378
0.40170 0.55308
0.79601 0.90073
0.76493 0.20623
0.00284 0.23700
0.49591 0.99146
0.83174 0.69762
0.85740 0.57888
0.11610 0.55499
0.83946 0.48456
0.10848 0.98099
0.90011 0.89411
0.95626 0.65339
0.67750 0.43861
0.39978 0.24817
0.67993 0.03910
0.52966 0.48804
0.68558 0.77939
0.28237 0.41435
0.63258 0.42399
0.00541 0.57416
0.14532 0.76994
0.12803 0.61295
0.64561 0.94244
0.97034 0.54935
0.55737 0.72254
0.83173 0.11401
0.32148 0.74320
0.26260 0.13630
0.52462 0.45363
0.70897 0.03360
0.71408 0.17584
0.80946 0.01368
0.01462 0.24172
0.91525 0.73185
0.17658 0.01999
0.99321 0.07174
0.20887 0.81309
0.44522 0.02238
0.59179 0.90786
0.85163 0.63601
0.04644 0.20391
0.95501 0.30324
0.19921 0.37065
0.02052 0.36602
0.93877 0.51331
0.64125 0.85031
0.99501 0.93268
0.02174 0.58588
0.58965 0.17095
0.45545 0.97264
0.23339 0.66844
0.66591 0.96405
0.98054 0.30230
0.88264 0.66914
0.49908 0.89902
0.99918 0.90459
0.86737 0.90020
0.55105 0.14428
0.93350 0.50135
0.10900 0.86367
0.47056 0.03460
0.22571 0.53248
0.08090 0.98337
0.11336 0.36739
0.37003 0.24593
0.23027 0.34318
0.93106 0.14055
0.79862 0.96798
0.07028 0.61843
0.61308 0.56533
0.96663 0.91814
0.47071 0.57262
0.16597 0.65345
0.70735 0.17487
0.63277 0.68741
0.47937 0.48197
0.44751 0.19080
0.54050 0.51623
0.90800 0.98071
0.57130 0.81659
0.56282 0.53325
0.11963 0.33490
0.36609 0.79198
0.36990 0.99830
0.17101 0.59340
0.41471 0.16673
0.03434 0.07343
0.43438 0.10675
0.27180 0.12703
0.71720 0.06193
0.47652 0.49953
0.87251 0.39767
0.07267 0.11062
0.73446 0.18428
0.27879 0.15314
0.57556 0.10014
0.85115 0.35960
0.51281 0.52315
0.43618 0.41067
0.12368 0.18168
0.89131 0.82747
0.09824 0.58501
0.06779 0.47126
0.36333 0.27567
0.31179 0.32078
0.16195 0.84812
0.88051 0.45846
0.84758 0.46438
0.75586 0.02842
0.64847 0.94270
0.30590 0.95730
0.53977 0.52762
0.05084 0.85802
0.10732 0.43059
0.31476 0.77520
0.14429 0.51200
0.80304 0.02747
0.75256 0.08428
0.96720 0.50201
0.81946 0.26552
0.48484 0.64850
0.87722 0.78990
0.41382 0.72815
0.32233 0.55368
0.24633 0.78844
0.88645 0.72282
0.91317 0.47813
0.21729 0.80417
0.57792 0.08853
0.26853 0.83480
0.51539 0.35744
0.04387 0.09574
0.41654 0.14818
0.05337 0.99359
0.90946 0.15172
0.46567 0.31509
0.21391 0.29476
0.29221 0.75416
0.59860 0.46057
0.62499 0.91446
0.74325 0.44868
0.04625 0.68338
0.28401 0.11342
0.99485 0.34623
0.37990 0.08665
0.02309 0.34059
0.64906 0.91289
0.63556 0.79424
0.62568 0.39077
0.13764 0.30305
0.38679 0.79826
0.12995 0.99962
0.60668 0.18922
0.02624 0.84538
0.37272 0.83121
0.45580 0.83541
0.99413 0.04052
0.03962 0.50850
0.60973 0.66436
0.49203 0.01579
0.98246 0.80342
0.43492 0.50868
0.30860 0.13303
0.28985 0.88395
0.78362 0.80434
0.85418 0.12969
0.62428 0.94743
0.36739 0.91768
0.86619 0.69246
0.43470 0.05031
0.69384 0.43195
0.24162 0.16575
0.09007 0.79812
0.79193 0.07468
0.33091 0.08949
0.54706 0.80236
0.68821 0.18667
0.35512 0.67263
0.09923 0.68714
