0.37203 0.81701
0.38115 0.73796
0.11223 0.61344
0.78449 0.80293
0.10632 0.16408
0.17923 0.71405
0.51378 0.65835
0.31314 0.01554
0.95675 0.89023
0.57189 0.02529
0.48098 0.97392
0.08732 0.37407
0.66317 0.22625
0.22407 0.50124
0.09541 0.14273
0.04233 0.75477
0.58327 0.65757
0.30829 0.53415
0.58733 0.92467
0.66553 0.83739
0.94696 0.20568
0.19337 0.63184
0.75509 0.13956
0.58775 0.25792
0.85583 0.67323
0.90973 0.20492
0.15274 0.33584
0.00517 0.43493
0.18531 0.30795
0.40003 0.14281
0.19668 0.41902
0.39274 0.91183
0.92567 0.80190
0.65059 0.10730
0.60669 0.02337
0.45525 0.32809
0.77852 0.87897
0.83474 0.43864
0.98685 0.31709
0.37972 0.57504
0.95695 0.89688
0.01257 0.57529
0.20877 0.19288
0.27149 0.94367
0.12597 0.46035
0.18716 0.58329
0.01359 0.58990
0.69142 0.44414
0.73517 0.70709
0.84811 0.49539
0.60352 0.22458
0.18734 0.38964
0.21539 0.74609
0.13337 0.97043
0.37494 0.68430
0.84936 0.68558
0.76615 0.69650
0.80005 0.05250
0.27024 0.70204
0.42953 0.80673
0.80098 0.19119
0.81849 0.22130
0.91146 0.24487
0.51298 0.46416
0.91314 0.69171
0.23773 0.13794
0.23450 0.70550
0.38015 0.71061
0.62579 0.87617
0.73214 0.50211
0.75627 0.77812
0.31050 0.16497
0.96532 0.67568
0.58678 0.08345
0.81284 0.18944
0.59646 0.69514
0.89762 0.40867
0.03942 0.64326
0.85932 0.23817
0.13277 0.99334
0.62575 0.91417
0.85364 0.80728
0.81043 0.60903
0.84471 0.11802
0.51208 0.53481
0.15262 0.67859
0.08774 0.92358
0.99150 0.96458
0.52004 0.05415
0.40378 0.67746
0.05484 0.77337
0.96185 0.49306
0.48109 0.13982
0.91259 0.64484
0.19005 0.61020
0.72685 0.41730
0.65625 0.47839
0.43826 0.44061
0.02603 0.67962
0.57158 0.24840
0.40286 0.21612
0.66799 0.14909
0.81440 0.63297
0.90516 0.90421
0.71095 0.79309
0.85571 0.90113
0.57390 0.54672
0.90324 0.67001
0.22489 0.73231
0.46552 0.11608
0.63583 0.32437
0.05272 0.50445
0.62130 0.94899
0.60264 0.15161
0.80661 0.31374
0.62334 0.35602
0.91129 0.27546
0.97071 0.74546
0.24679 0.42161
0.42825 0.79311
0.89938 0.05623
0.94625 0.38990
0.03164 0.90980
0.34347 0.84064
0.56184 0.74774
0.41101 0.01824
0.21485 0.38706
0.85439 0.95188
0.81990 0.43007
0.15357 0.27944
0.67494 0.67129
0.15215 0.75282
0.85829 0.81935
0.73293 0.61456
0.31007 0.37864
0.94248 0.39094
0.84209 0.59166
0.75317 0.02579
0.76970 0.28898
0.30848 0.00456
0.63369 0.31462
0.03205 0.60720
0.57036 0.17051
0.35682 0.78679
0.05554 0.99314
0.95738 0.40972
0.03946 0.53422
0.20532 0.02240
0.19730 0.90863
0.20186 0.84400
0.53193 0.49239
0.84140 0.42030
0.46869 0.70237
0.28037 0.71537
0.95807 0.94136
0.33749 0.86989
0.33986 0.93738
0.93673 0.10625
0.18645 0.45544
0.16133 0.60335
0.26629 0.50911
0.18017 0.71285
0.91886 0.31459
0.95610 0.00814
0.33011 0.74292
0.77444 0.87960
0.23417 0.39706
0.48357 0.63766
0.39658 0.59025
0.15412 0.31125
0.73470 0.22575
0.20364 0.31918
0.05290 0.67501
0.99801 0.48589
0.10489 0.15342
0.90028 0.74376
0.25741 0.35488
0.00043 0.71201
0.72414 0.38602
0.47376 0.20944
0.99854 0.83823
0.22993 0.99560
0.74019 0.70905
0.85550 0.43711
0.52639 0.40699
0.56121 0.76526
0.88615 0.88972
0.31219 0.27034
0.71155 0.71537
0.92560 0.60887
0.81633 0.95905
0.31721 0.17250
0.43068 0.13221
0.92986 0.12661
0.97941 0.14896
0.63919 0.59133
0.87047 0.65762
0.00693 0.06945
0.74238 0.46861
0.38297 0.12249
0.94945 0.78152
0.86025 0.97791
0.48546 0.75400
0.71512 0.82958
0.05341 0.41177
0.11035 0.45518
0.30341 0.90319
0.17623 0.66350
0.08646 0.70851
0.86109 0.58790
0.88709 0.42194
0.82984 0.44674
0.61774 0.60997
0.39145 0.30080
0.33617 0.97712
0.17258 0.05642
0.69093 0.04675
0.62345 0.46398
0.34216 0.88767
0.01889 0.54809
0.24604 0.27539
0.98582 0.20170
0.30766 0.95804
0.96948 0.44871
0.67374 0.29571
0.43935 0.05509
0.99333 0.00763
0.89410 0.92155
0.71226 0.48182
0.52000 0.21926
0.60420 0.69225
0.80057 0.24576
0.93858 0.22397
0.38219 0.22813
0.35125 0.73663
0.83659 0.59453
0.34890 0.16831
0.73956 0.13855
0.51336 0.63929
0.44888 0.40670
0.05812 0.32495
0.31803 0.23894
0.26441 0.69246
0.43398 0.94775
0.73254 0.01447
0.44118 0.11248
0.36811 0.56382
0.31946 0.05934
0.18522 0.63293
0.55589 0.59544
0.53491 0.18121
0.75263 0.35396
0.48116 0.38588
0.98375 0.43628
0.95676 0.61252
0.85105 0.04894
