0.07181 0.52235
0.21039 0.59348
0.20897 0.14093
0.99931 0.71930
0.83137 0.47122
0.77606 0.18492
0.94488 0.90438
0.97378 0.26904
0.26800 0.65140
0.35599 0.24274
0.12945 0.71431
0.58581 0.07598
0.15962 0.94790
0.26505 0.91624
0.31758 0.36885
0.28508 0.23195
0.98279 0.31533
0.91669 0.77554
0.92170 0.05851
0.77108 0.75442
0.04533 0.36487
0.79572 0.16840
0.65354 0.32616
0.50156 0.63273
0.31484 0.63432
0.96000 0.23296
0.78463 0.72007
0.97505 0.45394
0.89444 0.52477
0.42655 0.39563
0.70639 0.39506
0.29303 0.54994
0.21190 0.91680
0.44916 0.49324
0.99589 0.25462
0.97913 0.54571
0.43547 0.67981
0.77966 0.17882
0.78331 0.96338
0.84854 0.67126
0.23404 0.68224
0.36205 0.11165
0.10339 0.20425
0.15636 0.58509
0.52105 0.30561
0.16097 0.02442
0.51615 0.97660
0.48575 0.00757
0.67124 0.40064
0.42383 0.20941
0.77867 0.84635
0.74866 0.08734
0.70757 0.54329
0.47642 0.88559
0.88983 0.92347
0.19815 0.63289
0.53167 0.66559
0.05361 0.91219
0.81296 0.83719
0.67930 0.81700
0.73960 0.21934
0.93066 0.78598
0.73556 0.38995
0.08107 0.86446
0.95325 0.16110
0.44132 0.33720
0.12766 0.14111
0.82361 0.21332
0.24992 0.95543
0.84204 0.02426
0.83386 0.21329
0.91827 0.30750
0.27008 0.67729
0.39204 0.57233
0.03491 0.04935
0.42712 0.64861
0.75008 0.85693
0.90528 0.72024
0.01153 0.50548
0.77354 0.80572
0.96959 0.85994
0.92316 0.35844
0.05720 0.48104
0.15492 0.68721
0.21824 0.15285
0.06330 0.68446
0.53840 0.95900
0.92037 0.39963
0.43870 0.34409
0.54641 0.25833
0.29110 0.25545
0.53721 0.19260
0.06891 0.79684
0.15879 0.67028
0.07093 0.35197
0.74170 0.02204
0.53865 0.41050
0.51721 0.33233
0.65458 0.67792
0.34295 0.91862
0.30587 0.64123
0.50723 0.01552
0.35223 0.66241
0.45132 0.88554
0.09362 0.33616
0.28187 0.75171
0.93399 0.36026
0.36759 0.96431
0.46934 0.26084
0.26746 0.09226
0.43773 0.40367
0.42596 0.13516
0.38184 0.00163
0.07411 0.13172
0.22750 0.19459
0.45033 0.62567
0.79325 0.35339
0.27002 0.23558
0.20229 0.33948
0.99345 0.29402
0.56070 0.60752
0.19992 0.90717
0.34707 0.18085
0.31779 0.16629
0.24244 0.24363
0.46638 0.55656
0.97193 0.86518
0.97569 0.03405
0.60561 0.50704
0.92635 0.35977
0.00085 0.93920
0.00353 0.13476
0.64269 0.81451
0.71753 0.67601
0.68242 0.25162
0.32296 0.93437
0.79072 0.40919
0.62609 0.81161
0.45766 0.27933
0.89394 0.07795
0.29311 0.43708
0.95641 0.13113
0.45211 0.92525
0.22059 0.82840
0.46534 0.34682
0.69520 0.97760
0.51076 0.26788
0.12552 0.87375
0.69991 0.02392
0.63126 0.63475
0.81621 0.75273
0.87738 0.90895
0.09241 0.97583
0.34674 0.55217
0.12121 0.46967
0.68356 0.11829
0.72350 0.38255
0.18103 0.65383
0.56893 0.79243
0.25835 0.61628
0.74009 0.92105
0.93451 0.35121
0.41066 0.39078
0.25888 0.84792
0.54348 0.81450
0.23649 0.59837
0.36826 0.45440
0.16175 0.78394
0.06574 0.51688
0.40685 0.10827
0.93707 0.78226
0.16957 0.74344
0.70299 0.04040
0.77160 0.13807
0.40440 0.55260
0.08049 0.87117
0.11063 0.33124
0.19272 0.38119
0.94816 0.09095
0.51939 0.89696
0.50047 0.71113
0.69675 0.00243
0.10183 0.59996
0.75804 0.98444
0.60887 0.25129
0.77975 0.49832
0.68678 0.58113
0.98992 0.38618
0.76819 0.69363
0.86620 0.35796
0.89933 0.67757
0.08595 0.40137
0.70756 0.76419
0.14594 0.54300
0.51370 0.32591
0.35490 0.85884
0.30973 0.09508
0.78082 0.39032
0.33523 0.30607
0.95040 0.29012
0.94722 0.51089
0.94086 0.40700
0.05264 0.39313
0.60266 0.03328
0.42739 0.59915
0.19652 0.48386
0.30169 0.59957
0.70018 0.53285
0.10608 0.70230
0.79977 0.40131
0.18327 0.20244
0.60802 0.08964
0.31056 0.64862
0.77351 0.91044
0.86841 0.21081
0.75247 0.76001
0.32921 0.72936
0.76615 0.16902
0.93465 0.96792
0.41364 0.27713
0.17972 0.07776
0.26400 0.29245
0.00605 0.76669
0.21906 0.80283
0.73795 0.27327
0.44200 0.20481
0.59143 0.49538
0.88524 0.66409
0.81410 0.22230
0.03046 0.87588
0.24161 0.64597
0.67141 0.88689
0.83836 0.50130
0.79846 0.81134
0.79263 0.99006
0.49046 0.07965
0.01549 0.20954
0.46795 0.31152
0.00054 0.34457
0.26856 0.90460
0.34301 0.12587
0.51312 0.37973
0.89696 0.68934
0.30413 0.44021
0.71398 0.63553
0.44124 0.32736
0.62583 0.40436
0.05003 0.12151
0.45538 0.81018
0.15331 0.24090
0.73333 0.59363
0.61581 0.09593
0.03816 0.27691
0.78842 0.86809
0.98200 0.49386
0.29227 0.21010
