0.53565 0.61201
0.12360 0.97181
0.62881 0.22584
0.43001 0.98693
0.99907 0.33576
0.34299 0.76757
0.74223 0.44830
0.82071 0.94368
0.82792 0.37464
0.08711 0.52608
0.65735 0.84484
0.36946 0.97951
0.84071 0.60319
0.31225 0.00323
0.69031 0.15190
0.65509 0.43400
0.08074 0.92646
0.09925 0.42519
0.36956 0.58246
0.27990 0.85759
0.82008 0.98942
0.27322 0.19708
0.86177 0.98235
0.49743 0.42022
0.44663 0.34620
0.11512 0.21145
0.85284 0.25119
0.26069 0.85664
0.80600 0.72053
0.74423 0.18958
0.18768 0.26755
0.34596 0.66361
0.08189 0.99235
0.53959 0.09456
0.04984 0.58835
0.20334 0.51580
0.51524 0.31712
0.12991 0.03967
0.69287 0.24813
0.61920 0.14477
0.92632 0.81952
0.96906 0.54228
0.82828 0.04995
0.19056 0.46958
0.47466 0.36669
0.66502 0.50073
0.36758 0.45887
0.73734 0.30460
0.28781 0.74335
0.24659 0.17300
0.59054 0.36324
0.08947 0.78143
0.34639 0.29412
0.03990 0.13388
0.77742 0.31339
0.69073 0.79691
0.87710 0.63985
0.65214 0.82654
0.95406 0.81295
0.01319 0.36375
0.09929 0.14597
0.63724 0.57251
0.61234 0.37729
0.73278 0.13202
0.85018 0.52862
0.53794 0.80931
0.87502 0.99833
0.90328 0.68810
0.66720 0.62760
0.14072 0.63208
0.29860 0.00612
0.99483 0.22140
0.94029 0.69500
0.84402 0.60767
0.73775 0.03621
0.02205 0.23376
0.81770 0.67662
0.77888 0.30255
0.34896 0.97568
0.39190 0.97701
0.39493 0.41977
0.10959 0.86274
0.85876 0.28661
0.07064 0.09770
0.83253 0.83504
0.03481 0.40804
0.50637 0.60789
0.89363 0.14068
0.45976 0.45245
0.97682 0.80494
0.67031 0.85739
0.93443 0.14153
0.41579 0.16442
0.01929 0.58539
0.12174 0.20733
0.80202 0.55648
0.84082 0.45782
0.47803 0.03331
0.98383 0.03865
0.16711 0.30705
0.40999 0.25413
0.38313 0.12402
0.95131 0.49355
0.54163 0.56950
0.37099 0.90149
0.65144 0.83757
0.58136 0.55365
0.62138 0.78121
0.59608 0.09909
0.48822 0.35462
0.73634 0.02152
0.25884 0.30668
0.01511 0.89594
0.27078 0.25898
0.38656 0.48662
0.08034 0.87146
0.89069 0.36420
0.10874 0.17250
0.75537 0.99508
0.80720 0.23514
0.20990 0.62280
0.03017 0.32227
0.98348 0.22520
0.42395 0.78859
0.53051 0.85402
0.23576 0.45455
0.94384 0.40292
0.23174 0.72086
0.49022 0.55504
0.04498 0.65279
0.47235 0.72405
0.46229 0.96824
0.46614 0.19191
0.58141 0.24997
0.99041 0.83998
0.95473 0.58489
0.93805 0.83012
0.74349 0.92457
0.69973 0.02659
0.50401 0.51092
0.00749 0.87164
0.39365 0.56649
0.33211 0.32011
0.98998 0.95268
0.18269 0.90872
0.02321 0.95974
0.70497 0.31187
0.35157 0.24493
0.17980 0.52944
0.81058 0.86154
0.66401 0.45772
0.75372 0.69009
0.24048 0.30163
0.44477 0.17334
0.08928 0.28489
0.03317 0.33563
0.38449 0.16159
0.17017 0.15143
0.20601 0.26102
0.15430 0.08619
0.56900 0.43030
0.92705 0.22212
0.53236 0.58322
0.48049 0.24303
0.19405 0.56465
0.75796 0.30772
0.25511 0.68484
0.91703 0.50410
0.47202 0.16663
0.58580 0.35110
0.82883 0.13356
0.73650 0.36823
0.09252 0.31792
0.32382 0.08373
0.51775 0.78615
0.17599 0.85687
0.46708 0.73361
0.48094 0.94424
0.89304 0.55333
0.24147 0.41459
0.46201 0.92613
0.92770 0.93589
0.18819 0.49152
0.07265 0.86411
0.09110 0.78589
0.64328 0.62733
0.50698 0.82407
0.89404 0.96178
0.68518 0.50330
0.87041 0.04493
0.35738 0.83753
0.10572 0.90122
0.29888 0.07252
0.13868 0.62807
0.16171 0.48182
0.13437 0.20500
0.59706 0.03529
0.57431 0.13109
0.65532 0.49519
0.32153 0.60845
0.16213 0.46879
0.02298 0.29313
0.67655 0.56384
0.59740 0.26052
0.62174 0.10181
0.76976 0.74531
0.76187 0.51415
0.92610 0.16422
0.10322 0.69655
0.25593 0.83961
0.45445 0.90879
0.49774 0.40408
0.48798 0.41709
0.37955 0.72014
0.50024 0.30323
0.82975 0.07035
0.06452 0.24111
0.16630 0.13820
0.58835 0.23710
0.77283 0.82360
0.94817 0.15163
0.93892 0.60332
0.66963 0.62462
0.56817 0.29740
0.08247 0.25468
0.29226 0.03855
0.92528 0.61000
0.95134 0.51756
0.32487 0.42621
0.40632 0.43102
0.18021 0.02704
0.36372 0.24619
0.22262 0.37761
0.17321 0.56585
0.02524 0.50619
0.71307 0.25543
0.06086 0.22405
0.32772 0.30200
0.94105 0.69179
0.52899 0.30588
0.17615 0.44181
0.60125 0.27226
0.17061 0.99253
0.11668 0.86634
0.66468 0.72123
0.35750 0.59553
0.64168 0.67678
0.35577 0.24445
0.46235 0.19974
0.10506 0.59452
0.08994 0.12160
0.32121 0.00330
0.59871 0.47438
0.98746 0.49270
0.17064 0.16271
0.99381 0.32623
