0.26549 0.82748
0.35774 0.06145
0.94856 0.41555
0.37986 0.16332
0.01555 0.12483
0.41244 0.09623
0.73077 0.03566
0.43395 0.57242
0.29536 0.76278
0.69304 0.16194
0.14351 0.25138
0.43958 0.58623
0.45009 0.82828
0.59223 0.44770
0.67456 0.49258
0.06426 0.43862
0.55779 0.74580
0.59464 0.54853
0.59690 0.94347
0.02452 0.51144
0.60390 0.34160
0.61462 0.07564
0.01628 0.00523
0.52675 0.10433
0.78705 0.59974
0.60740 0.62481
0.99808 0.36222
0.00150 0.08718
0.98622 0.04914
0.93511 0.73205
0.86916 0.69213
0.52217 0.43261
0.79586 0.14332
0.39265 0.23891
0.39874 0.19158
0.52558 0.50382
0.96990 0.98241
0.18694 0.08204
0.50122 0.50359
0.42727 0.89380
0.03208 0.75436
0.09182 0.37012
0.55518 0.02604
0.26339 0.94864
0.68428 0.41835
0.18882 0.57285
0.54226 0.69597
0.31188 0.82492
0.62052 0.11840
0.66894 0.43932
0.98584 0.89686
0.14356 0.73941
0.78660 0.49517
0.51057 0.54286
0.41013 0.18359
0.01622 0.00914
0.93729 0.25373
0.52990 0.79759
0.28465 0.18481
0.29183 0.96171
0.40684 0.24558
0.01740 0.72993
0.46970 0.24388
0.82191 0.65414
0.92260 0.77254
0.31733 0.02673
0.63447 0.96724
0.10999 0.46827
0.13425 0.67624
0.23428 0.30391
0.56538 0.65749
0.63839 0.70369
0.43654 0.72321
0.12767 0.28284
0.47241 0.21561
0.83879 0.32346
0.26208 0.75102
0.74335 0.55326
0.79210 0.41821
0.13759 0.44382
0.16992 0.49350
0.37607 0.18995
0.57675 0.78687
0.66148 0.67074
0.20050 0.31929
0.59438 0.24021
0.45975 0.49626
0.61270 0.49392
0.05013 0.50642
0.25642 0.84212
0.82826 0.30007
0.87675 0.73896
0.43832 0.33817
0.95788 0.18358
0.70603 0.96000
0.84738 0.29121
0.74549 0.61569
0.95355 0.00044
0.91950 0.46943
0.19119 0.93229
0.77784 0.79450
0.11468 0.34975
0.94842 0.37824
0.14612 0.26343
0.04916 0.34978
0.72992 0.80811
0.80122 0.02300
0.03747 0.76295
0.01011 0.76077
0.09076 0.01718
0.64552 0.53403
0.88536 0.41339
0.69386 0.56865
0.56702 0.48152
0.37210 0.43807
0.65457 0.41116
0.41933 0.14300
0.87883 0.67150
0.70856 0.93728
0.55298 0.34708
0.87256 0.90809
0.80342 0.32851
0.65344 0.19414
0.45249 0.15189
0.81839 0.70280
0.34525 0.76323
0.92886 0.23461
0.24035 0.31965
0.83695 0.46863
0.84736 0.47543
0.08364 0.98167
0.90340 0.24946
0.76723 0.69132
0.27889 0.63464
0.12198 0.41538
0.52929 0.58990
0.27667 0.32072
0.21746 0.06640
0.75609 0.36527
0.15979 0.60542
0.99498 0.67607
0.96052 0.31256
0.74260 0.86455
0.00462 0.52858
0.90148 0.72903
0.06740 0.64586
0.08109 0.71872
0.12026 0.09033
0.31348 0.90034
0.19003 0.88037
0.07235 0.80653
0.34214 0.25954
0.44767 0.40647
0.35697 0.66164
0.70810 0.44773
0.15115 0.76613
0.40690 0.50618
0.41479 0.32077
0.07231 0.35383
0.78922 0.28056
0.26909 0.24055
0.38045 0.99375
0.36886 0.56619
0.50692 0.38453
0.44909 0.26967
0.68982 0.75142
0.99276 0.53562
0.57271 0.37135
0.45468 0.33687
0.71216 0.73339
0.18114 0.66516
0.64329 0.50098
0.60981 0.34670
0.71771 0.07467
0.16084 0.57007
0.18618 0.41151
0.68211 0.88440
0.61200 0.47563
0.01638 0.76845
0.94218 0.28132
0.18987 0.96572
0.82557 0.82016
0.25800 0.06156
0.60789 0.12264
0.17263 0.79065
0.14222 0.05072
0.29795 0.38292
0.37289 0.96265
0.39766 0.80042
0.92545 0.96122
0.72067 0.10775
0.99625 0.85137
0.12732 0.91816
0.93758 0.97208
0.85905 0.75409
0.21986 0.48819
0.15242 0.81058
0.68722 0.80592
0.43990 0.38194
0.14942 0.67108
0.89177 0.54789
0.80434 0.89833
0.46401 0.14886
0.73415 0.58240
0.96253 0.21682
0.69546 0.36905
0.52731 0.62538
0.52812 0.24453
0.29034 0.03115
0.33421 0.74504
0.90624 0.93361
0.19863 0.34003
0.66217 0.91492
0.93265 0.72507
0.86473 0.41730
0.14011 0.01043
0.65505 0.87326
0.65487 0.94835
0.56229 0.68788
0.46575 0.47014
0.55979 0.35257
0.94234 0.57900
0.90926 0.76748
0.41717 0.28992
0.24061 0.49336
0.08636 0.09341
0.65055 0.27004
0.77665 0.46168
0.42926 0.51482
0.17259 0.78811
0.44257 0.18819
0.74652 0.46142
0.81244 0.20386
0.71564 0.40813
0.87147 0.12899
0.67413 0.92286
0.86030 0.82238
0.84561 0.79842
0.17280 0.23275
0.72642 0.28692
0.91562 0.09486
0.54415 0.12054
0.27188 0.57563
0.82509 0.79264
0.30701 0.50981
0.28547 0.12982
0.09450 0.35645
0.12329 0.93876
0.48849 0.98118
0.79272 0.91138
0.52919 0.95204
0.97056 0.08669
0.04790 0.13910
0.26075 0.23117
0.49703 0.08950
0.38039 0.66636
