0.64934 0.30509
0.27779 0.26724
0.46521 0.71511
0.34888 0.19280
0.21712 0.87340
0.37178 0.53724
0.78583 0.25906
0.86376 0.84762
0.95560 0.87400
0.49247 0.47419
0.03279 0.65217
0.00748 0.22220
0.09961 0.03831
0.68458 0.71399
0.30685 0.05274
0.42187 0.77858
0.01660 0.59882
0.52883 0.70696
0.44988 0.78840
0.01275 0.79343
0.02888 0.60600
0.67638 0.25379
0.51230 0.86249
0.14947 0.21596
0.44548 0.19464
0.23450 0.78999
0.74383 0.84474
0.20939 0.43120
0.35257 0.24231
0.15536 0.59123
0.04274 0.23284
0.35768 0.97158
0.61516 0.10254
0.09037 0.80006
0.14563 0.07541
0.06263 0.17770
0.55136 0.95843
0.20477 0.08650
0.78623 0.42108
0.67370 0.77081
0.81823 0.25271
0.32606 0.47513
0.55431 0.36672
0.77488 0.77266
0.17179 0.71745
0.67911 0.27039
0.19087 0.97584
0.90875 0.49883
0.26046 0.44774
0.96343 0.41434
0.01058 0.74940
0.87747 0.78118
0.95639 0.86767
0.81207 0.03838
0.11223 0.27869
0.55602 0.07184
0.38635 0.09603
0.63564 0.43702
0.20030 0.38316
0.83554 0.13128
0.90967 0.00525
0.28620 0.40423
0.29911 0.98772
0.77534 0.75586
0.62450 0.51530
0.06791 0.04866
0.41872 0.63687
0.74037 0.80724
0.40375 0.95187
0.35429 0.67674
0.56059 0.82187
0.46098 0.20389
0.69879 0.43900
0.96178 0.77872
0.16428 0.70948
0.63861 0.89096
0.46608 0.37853
0.89833 0.74492
0.54346 0.27746
0.84295 0.07174
0.32208 0.57010
0.44761 0.54125
0.44825 0.30413
0.65262 0.82878
0.89532 0.00425
0.48637 0.03247
0.50433 0.63016
0.74709 0.03885
0.22715 0.75510
0.41432 0.00061
0.54408 0.90683
0.33270 0.10655
0.66590 0.92450
0.86064 0.16672
0.98442 0.95981
0.07768 0.16133
0.50308 0.56516
0.95641 0.38443
0.94338 0.30595
0.11277 0.43368
0.92607 0.22395
0.07550 0.01880
0.01295 0.86050
0.82391 0.05785
0.61213 0.95287
0.76181 0.25190
0.03503 0.29379
0.66932 0.26255
0.83733 0.64344
0.44896 0.60116
0.12733 0.10384
0.26079 0.11714
0.20645 0.58802
0.35994 0.23241
0.58081 0.17880
0.85178 0.48063
0.38412 0.71125
0.93629 0.44151
0.00627 0.15827
0.07596 0.74492
0.63826 0.18216
0.54346 0.09555
0.53213 0.25685
0.82150 0.85633
0.43341 0.16858
0.88001 0.97586
0.53333 0.35514
0.46489 0.97583
0.38692 0.82519
0.76472 0.13054
0.80298 0.54073
0.13277 0.94974
0.56038 0.90978
0.05248 0.66151
0.05130 0.61363
0.18361 0.75862
0.03697 0.99171
0.77681 0.17421
0.17111 0.46282
0.23208 0.77745
0.44772 0.64958
0.43790 0.86908
0.68419 0.08872
0.06030 0.22560
0.11526 0.63725
0.45259 0.07781
0.40737 0.76457
0.81843 0.07583
0.62875 0.18912
0.92716 0.03514
0.74383 0.46438
0.52201 0.58952
0.47302 0.53876
0.16333 0.35087
0.34433 0.36961
0.59065 0.21649
0.26786 0.55575
0.97797 0.55712
0.53369 0.49049
0.86311 0.38937
0.01470 0.61621
0.50468 0.82652
0.52679 0.05511
0.30730 0.15131
0.06802 0.44543
0.66969 0.45930
0.53811 0.34527
0.70253 0.91414
0.95130 0.36995
0.43324 0.62381
0.78249 0.15327
0.76868 0.79808
0.99420 0.29255
0.73261 0.02254
0.81309 0.72113
0.75861 0.86949
0.07608 0.91009
0.36421 0.31512
0.41556 0.30569
0.75317 0.60328
0.83253 0.92282
0.60797 0.78524
0.60010 0.36789
0.98294 0.20112
0.94440 0.84070
0.46740 0.49120
0.20204 0.22082
0.91921 0.36058
0.62455 0.23021
0.30118 0.32983
0.86588 0.97320
0.92276 0.08948
0.94379 0.78407
0.49610 0.60211
0.67324 0.17090
0.74725 0.90053
0.44044 0.03704
0.00614 0.00896
0.93927 0.44785
0.03595 0.78680
0.95602 0.27980
0.37825 0.99217
0.90204 0.80569
0.14033 0.64422
0.47813 0.95295
0.52163 0.00691
0.62144 0.39828
0.01441 0.49918
0.90528 0.64877
0.40785 0.89642
0.94716 0.57669
0.71625 0.09547
0.32109 0.43151
0.31238 0.25015
0.86406 0.79912
0.42856 0.45873
0.07978 0.27323
0.21690 0.90461
0.78194 0.20569
0.15006 0.79611
0.45102 0.82045
0.70582 0.24516
0.28616 0.70899
0.65177 0.18324
0.96934 0.66104
0.54852 0.10966
0.87073 0.86622
0.04478 0.24972
0.57151 0.26456
0.36345 0.35064
0.52715 0.04996
0.60487 0.23362
0.30862 0.64916
0.61715 0.01679
0.44025 0.07745
0.20161 0.71858
0.40014 0.69297
0.01556 0.69498
0.89561 0.53868
0.08533 0.63230
0.56913 0.21417
0.45628 0.00408
0.33446 0.04470
0.13850 0.48074
0.39563 0.17354
0.24359 0.87214
0.46523 0.10657
0.67485 0.92705
0.13855 0.87837
0.67083 0.51612
0.78124 0.13557
0.23265 0.50203
0.56762 0.79956
0.94062 0.03115
0.30450 0.18589
0.02233 0.42811
