0.38162 0.74558
0.33921 0.51637
0.98736 0.07967
0.03827 0.44165
0.73349 0.90715
0.47193 0.06019
0.45261 0.30847
0.71354 0.95413
0.91594 0.72817
0.08880 0.33757
0.48740 0.57505
0.23879 0.77532
0.46414 0.83313
0.11049 0.80472
0.77721 0.64902
0.11033 0.25842
0.67110 0.43469
0.47717 0.20223
0.50392 0.99254
0.76173 0.96963
0.73451 0.42910
0.04745 0.92857
0.24333 0.35164
0.76751 0.12728
0.95189 0.21459
0.88087 0.90702
0.12527 0.06368
0.44699 0.35320
0.53505 0.11763
0.10669 0.31140
0.23351 0.61773
0.90843 0.17387
0.78436 0.78384
0.12088 0.97400
0.08559 0.43128
0.42763 0.83251
0.76607 0.68916
0.22733 0.29159
0.46058 0.25461
0.75773 0.67702
0.09069 0.53208
0.52332 0.58083
0.39778 0.72352
0.07974 0.40840
0.41436 0.59244
0.00773 0.17007
0.69030 0.58896
0.24501 0.56178
0.11929 0.40931
0.59764 0.28121
0.72270 0.44030
0.63222 0.11439
0.49562 0.54077
0.58262 0.10184
0.63223 0.54009
0.86444 0.39138
0.12514 0.73011
0.16892 0.42008
0.83672 0.21426
0.38238 0.56381
0.24264 0.90170
0.78637 0.58398
0.28424 0.46373
0.67603 0.25649
0.66845 0.89048
0.95327 0.77357
0.58221 0.93547
0.65887 0.52915
0.34638 0.10255
0.37262 0.93403
0.70134 0.23951
0.58549 0.36572
0.25352 0.41352
0.15310 0.37156
0.57586 0.54609
0.48414 0.03472
0.73785 0.89150
0.32147 0.68842
0.07623 0.65126
0.89310 0.52517
0.42600 0.19271
0.23446 0.54346
0.44420 0.51244
0.13268 0.92632
0.96190 0.88337
0.04324 0.75284
0.63898 0.54819
0.95892 0.18442
0.13282 0.06907
0.26948 0.70419
0.35518 0.14564
0.05613 0.88349
0.04566 0.09044
0.64396 0.73688
0.66999 0.14983
0.93239 0.91276
0.81340 0.96754
0.90583 0.85210
0.06010 0.79985
0.73158 0.80453
0.10072 0.18465
0.59845 0.82916
0.86871 0.60568
0.97969 0.80380
0.80360 0.40711
0.74135 0.74480
0.23024 0.08813
0.34984 0.76469
0.50680 0.72300
0.20948 0.43308
0.51038 0.09394
0.57117 0.93480
0.89838 0.41919
0.62637 0.87075
0.76021 0.21181
0.53291 0.79680
0.26629 0.72713
0.40483 0.36566
0.98399 0.29661
0.40819 0.81059
0.42381 0.41976
0.24800 0.04680
0.84261 0.66675
0.60092 0.81171
0.41599 0.64668
0.13035 0.66771
0.13046 0.28162
0.79363 0.92045
0.18674 0.59835
0.02624 0.54457
0.58579 0.21500
0.11653 0.71092
0.17498 0.78023
0.04510 0.52888
0.98683 0.66956
0.39160 0.16760
0.48611 0.03139
0.18584 0.96393
0.96394 0.02386
0.83810 0.02279
0.67502 0.11709
0.01079 0.58847
0.97939 0.01477
0.12100 0.29705
0.88531 0.49443
0.21146 0.83413
0.19624 0.24466
0.12405 0.16941
0.08214 0.96613
0.67090 0.61722
0.24923 0.35450
0.72758 0.68377
0.95024 0.68563
0.82117 0.69173
0.73892 0.19826
0.60943 0.52773
0.58554 0.60757
0.03815 0.53390
0.56736 0.59916
0.36262 0.72303
0.62595 0.67704
0.67951 0.76125
0.59069 0.55220
0.66296 0.82184
0.84963 0.24254
0.77427 0.90922
0.98822 0.43642
0.56964 0.52686
0.24582 0.06419
0.51782 0.82501
0.68973 0.12531
0.34906 0.74217
0.62823 0.21449
0.05000 0.61223
0.93956 0.92678
0.71113 0.52121
0.96211 0.41275
0.43436 0.84016
0.58078 0.30372
0.30560 0.55915
0.44541 0.27647
0.42916 0.02804
0.99317 0.41927
0.30601 0.29929
0.60430 0.68854
0.31324 0.13369
0.25055 0.32806
0.40110 0.64767
0.36555 0.33303
0.37977 0.59592
0.36746 0.76182
0.87489 0.92074
0.81645 0.29588
0.74396 0.82991
0.29798 0.05256
0.94138 0.26457
0.57276 0.26782
0.82096 0.48954
0.12129 0.53365
0.01466 0.32553
0.97054 0.23257
0.46109 0.03580
0.41087 0.88943
0.43223 0.36235
0.14503 0.26918
0.24779 0.72552
0.56992 0.59168
0.10995 0.92562
0.78242 0.84608
0.79254 0.26398
0.87373 0.56009
0.50964 0.49319
0.80020 0.51842
0.66093 0.65444
0.25144 0.14333
0.78337 0.57954
0.08417 0.06448
0.65900 0.06070
0.59526 0.47735
0.21384 0.40416
0.01005 0.27300
0.93523 0.15310
0.74146 0.77301
0.64564 0.13585
0.26505 0.62160
0.60250 0.14077
0.95927 0.91214
0.49633 0.64508
0.14764 0.92726
0.01758 0.62934
0.66115 0.20351
0.02877 0.57294
0.09253 0.12068
0.45885 0.95505
0.32852 0.18282
0.77917 0.63275
0.92833 0.53608
0.39909 0.91994
0.92247 0.72150
0.59163 0.80348
0.09007 0.91642
0.88115 0.14094
0.85626 0.13528
0.16817 0.36988
0.48827 0.12896
0.62579 0.82914
0.45314 0.03824
0.28870 0.19249
0.49024 0.78992
0.76839 0.96605
0.00658 0.35685
0.69112 0.94381
0.72591 0.18988
0.23400 0.32753
0.50940 0.66023
0.45418 0.68476
