0.43832 0.73814
0.75004 0.57736
0.85741 0.04842
0.00073 0.38565
0.91443 0.14096
0.61487 0.83461
0.47713 0.93293
0.25121 0.35834
0.48013 0.36397
0.18552 0.90041
0.85282 0.86875
0.12422 0.54305
0.53660 0.18701
0.82944 0.70594
0.51179 0.96109
0.37079 0.40367
0.04153 0.06070
0.48127 0.43783
0.69251 0.10495
0.18426 0.43189
0.12483 0.03213
0.43448 0.28309
0.43792 0.83920
0.96855 0.18011
0.12391 0.58401
0.63957 0.75470
0.03483 0.28716
0.66176 0.12254
0.39984 0.07668
0.34991 0.60959
0.67926 0.53476
0.46998 0.51978
0.27701 0.33088
0.03548 0.21709
0.92012 0.31800
0.72854 0.00700
0.40913 0.86273
0.00678 0.37900
0.63107 0.77341
0.25470 0.46006
0.59269 0.78788
0.24397 0.81625
0.01039 0.04620
0.77033 0.35247
0.01257 0.85197
0.88058 0.26580
0.48973 0.78643
0.99486 0.00205
0.72656 0.66655
0.11119 0.63707
0.73203 0.26930
0.68167 0.80897
0.29193 0.19747
0.45052 0.76292
0.86556 0.32227
0.97450 0.71902
0.00665 0.44660
0.68993 0.82378
0.57273 0.30327
0.90967 0.40037
0.98371 0.28019
0.75862 0.06908
0.02402 0.65465
0.89308 0.52882
0.86703 0.80019
0.94447 0.93194
0.16949 0.98574
0.54193 0.21159
0.34029 0.16435
0.11916 0.19720
0.07144 0.24488
0.47306 0.98864
0.50791 0.75885
0.43182 0.93176
0.72767 0.80427
0.16736 0.69088
0.09664 0.30002
0.18957 0.99950
0.83123 0.86566
0.61440 0.05120
0.83932 0.21324
0.40528 0.48779
0.40599 0.62914
0.13701 0.15979
0.46259 0.08870
0.23025 0.09796
0.24417 0.79799
0.35323 0.21837
0.38995 0.05473
0.27092 0.53769
0.51709 0.21484
0.07369 0.77756
0.90062 0.29106
0.62348 0.35193
0.02534 0.08474
0.04387 0.38158
0.76812 0.03646
0.15281 0.23809
0.42668 0.89237
0.21320 0.43032
0.31542 0.31332
0.99170 0.27278
0.55448 0.18537
0.47650 0.57798
0.62966 0.88551
0.79666 0.62558
0.18058 0.24554
0.04628 0.85060
0.14442 0.34881
0.00695 0.98629
0.19892 0.92101
0.71995 0.84696
0.67047 0.98032
0.23703 0.56120
0.85763 0.21163
0.29318 0.48203
0.61704 0.84306
0.45213 0.67145
0.40466 0.10819
0.73142 0.43305
0.53513 0.61933
0.94026 0.39088
0.23245 0.01701
0.38869 0.57652
0.84968 0.49915
0.87137 0.74566
0.73208 0.26907
0.40747 0.30248
0.17387 0.21388
0.21050 0.90837
0.32989 0.90952
0.56807 0.22780
0.23197 0.70113
0.05646 0.55936
0.81791 0.98255
0.43154 0.45856
0.46165 0.11938
0.25807 0.35853
0.81644 0.99682
0.07824 0.24248
0.34899 0.36673
0.55604 0.09715
0.99642 0.95168
0.21741 0.46163
0.47631 0.55291
0.59472 0.07777
0.55117 0.99842
0.69775 0.58487
0.89063 0.27450
0.21232 0.94204
0.90967 0.48295
0.33089 0.21174
0.02947 0.54695
0.84999 0.55273
0.99569 0.68129
0.02236 0.94261
0.99490 0.49175
0.56774 0.82226
0.01765 0.22762
0.40861 0.20917
0.48137 0.63816
0.64277 0.95689
0.35199 0.51815
0.55070 0.99419
0.57963 0.84285
0.69177 0.09645
0.32187 0.45555
0.99198 0.09321
0.28336 0.99718
0.12134 0.64901
0.72330 0.70421
0.47742 0.36772
0.60536 0.25057
0.53522 0.03158
0.74035 0.66347
0.62475 0.06073
0.33264 0.78808
0.03357 0.92517
0.90727 0.51866
0.53821 0.02463
0.13286 0.24279
0.20067 0.89525
0.19220 0.28765
0.83027 0.49037
0.51891 0.51745
0.86421 0.01393
0.93223 0.70373
0.27187 0.18823
0.45212 0.14754
0.08219 0.45911
0.35118 0.15704
0.54690 0.55508
0.34397 0.43236
0.21919 0.48863
0.14127 0.83136
0.07982 0.74378
0.24736 0.71672
0.86446 0.47530
0.85589 0.34282
0.92901 0.08967
0.93011 0.30526
0.25437 0.16247
0.81041 0.34773
0.66671 0.31543
0.33164 0.90862
0.32599 0.48374
0.07325 0.07398
0.29833 0.17223
0.19302 0.10537
0.51879 0.91240
0.79574 0.74712
0.08725 0.83683
0.19739 0.02154
0.79730 0.77652
0.84125 0.49025
0.90073 0.77277
0.88774 0.17272
0.17376 0.66660
0.04112 0.42171
0.89474 0.45233
0.55421 0.46881
0.70014 0.92803
0.83283 0.00509
0.54562 0.48455
0.59355 0.68731
0.22643 0.29819
0.01411 0.10169
0.41904 0.24514
0.31383 0.47511
0.26491 0.03186
0.63721 0.25095
0.90750 0.97553
0.47458 0.78110
0.66154 0.40827
0.54486 0.34564
0.53819 0.63070
0.51944 0.62495
0.97024 0.80913
0.89035 0.81669
0.55207 0.37348
0.86648 0.64095
0.14547 0.00176
0.97580 0.96337
0.72122 0.09305
0.57650 0.10083
0.73679 0.96082
0.86220 0.23099
0.94139 0.94883
0.82233 0.24985
0.85603 0.87892
0.12820 0.58693
0.61935 0.67460
0.00783 0.53978
0.97944 0.99378
0.67207 0.78408
0.05555 0.37150
