0.19350 0.95554
0.07693 0.23020
0.54900 0.71592
0.78913 0.84889
0.69607 0.21862
0.09379 0.68685
0.75265 0.15253
0.84506 0.21272
0.09752 0.29420
0.99249 0.34243
0.95050 0.43491
0.15904 0.58890
0.01311 0.85718
0.31578 0.90816
0.92161 0.86311
0.25053 0.02060
0.46079 0.44195
0.13325 0.78720
0.76618 0.78194
0.25244 0.92924
0.65932 0.56260
0.57881 0.06439
0.43262 0.06468
0.43335 0.23358
0.88266 0.28681
0.64723 0.54249
0.67852 0.72706
0.47269 0.10656
0.18578 0.05973
0.83271 0.14349
0.17169 0.84579
0.93011 0.28259
0.12013 0.28113
0.40503 0.95834
0.64883 0.67826
0.54388 0.63635
0.20914 0.67004
0.68895 0.80957
0.49167 0.31717
0.05217 0.18632
0.28397 0.24079
0.69341 0.31645
0.38354 0.16909
0.70040 0.15302
0.85978 0.88507
0.40756 0.24881
0.07838 0.20764
0.01490 0.49408
0.85211 0.62944
0.53680 0.80191
0.71990 0.05552
0.87174 0.09001
0.66845 0.04824
0.43948 0.95051
0.54557 0.68536
0.27971 0.91160
0.90649 0.64335
0.80461 0.76066
0.56638 0.07562
0.23891 0.22127
0.25785 0.68463
0.28674 0.31112
0.47003 0.88100
0.58734 0.48648
0.69828 0.92090
0.49240 0.28137
0.84151 0.15166
0.83995 0.47553
0.55684 0.60052
0.52208 0.25132
0.53832 0.07591
0.71638 0.53754
0.76522 0.24730
0.80436 0.99241
0.13140 0.30684
0.83632 0.99036
0.60647 0.79571
0.57595 0.49191
0.07880 0.89817
0.61631 0.09761
0.21385 0.40421
0.30858 0.07266
0.43446 0.12168
0.65187 0.41304
0.74422 0.11375
0.98858 0.78066
0.31189 0.83916
0.25512 0.14857
0.90758 0.20847
0.54018 0.69472
0.55774 0.71655
0.49701 0.67028
0.08958 0.17807
0.74110 0.38707
0.58158 0.40843
0.57382 0.62589
0.52758 0.82253
0.51867 0.10471
0.66322 0.52397
0.33913 0.58873
0.73859 0.90106
0.26585 0.90183
0.06111 0.38926
0.84747 0.53875
0.15811 0.35601
0.60256 0.82384
0.36527 0.92616
0.95006 0.93591
0.54404 0.48450
0.81340 0.13091
0.97092 0.27397
0.59175 0.17749
0.50557 0.94753
0.80902 0.80691
0.99774 0.73876
0.07903 0.53785
0.47397 0.29906
0.16421 0.88881
0.29920 0.36322
0.29399 0.08863
0.91311 0.00551
0.77450 0.36079
0.93540 0.90362
0.65525 0.53975
0.57159 0.92624
0.77985 0.12256
0.37832 0.37001
0.38557 0.33285
0.12342 0.96993
0.66761 0.90995
0.82964 0.34882
0.74919 0.80044
0.66736 0.75909
0.65963 0.78343
0.75353 0.83462
0.12403 0.10443
0.36656 0.63118
0.78248 0.65814
0.13936 0.15291
0.34558 0.56558
0.11139 0.18281
0.83391 0.43241
0.01756 0.25445
0.02674 0.62397
0.64124 0.10320
0.67581 0.46497
0.14866 0.88587
0.98127 0.22414
0.37128 0.43146
0.07112 0.04004
0.50864 0.83561
0.62183 0.79305
0.70154 0.84974
0.50819 0.12574
0.77918 0.92391
0.25705 0.09202
0.64873 0.57259
0.94251 0.79541
0.72998 0.35602
0.65018 0.96366
0.67938 0.57352
0.87721 0.99157
0.93657 0.70075
0.04792 0.14076
0.84874 0.27820
0.16850 0.23673
0.03610 0.75961
0.03477 0.57701
0.49290 0.65345
0.95693 0.90920
0.12359 0.38404
0.91653 0.58318
0.74832 0.16630
0.27092 0.65912
0.09457 0.11055
0.29028 0.00558
0.17431 0.32092
0.11403 0.25504
0.94047 0.10425
0.09743 0.55542
0.75483 0.73115
0.53253 0.29447
0.99241 0.88713
0.86537 0.57847
0.49420 0.94736
0.98210 0.27524
0.03372 0.00054
0.78217 0.64028
0.34199 0.22639
0.25608 0.25920
0.42895 0.10861
0.66490 0.11580
0.39994 0.06744
0.09432 0.01820
0.64467 0.10960
0.35518 0.86333
0.85369 0.31310
0.98789 0.62084
0.62049 0.86914
0.82716 0.91629
0.17371 0.10310
0.00464 0.96960
0.58052 0.44192
0.52078 0.00658
0.90864 0.64549
0.74011 0.27089
0.09117 0.62395
0.52019 0.08199
0.47324 0.11370
0.23826 0.04660
0.23007 0.81345
0.89507 0.43851
0.24494 0.89575
0.06645 0.38371
0.38969 0.41757
0.60553 0.16431
0.57948 0.37853
0.10124 0.58700
0.10217 0.05829
0.62259 0.91280
0.39099 0.30007
0.86859 0.19900
0.93190 0.99704
0.76402 0.06196
0.76260 0.22201
0.14407 0.64331
0.12650 0.24742
0.38357 0.93204
0.26327 0.99948
0.70828 0.50428
0.04955 0.74661
0.75844 0.98432
0.36637 0.50542
0.83319 0.94995
0.95333 0.28667
0.69959 0.54643
0.09367 0.46568
0.06976 0.74998
0.47425 0.27770
0.89361 0.20254
0.84774 0.48342
0.38573 0.69343
0.53713 0.27181
0.65606 0.60268
0.84114 0.94538
0.73331 0.57011
0.46968 0.49860
0.29265 0.53773
0.68734 0.40913
0.00458 0.28292
0.13521 0.10612
0.65436 0.44387
0.65674 0.42014
0.45099 0.87691
0.80535 0.80448
0.46563 0.20774
