0.62623 0.99518
0.70784 0.59709
0.50840 0.87217
0.39811 0.63306
0.94471 0.63447
0.66305 0.35852
0.98863 0.06409
0.34304 0.99901
0.50886 0.09522
0.78488 0.79458
0.95008 0.80353
0.50238 0.43225
0.23482 0.27318
0.23863 0.69665
0.17059 0.30435
0.86199 0.91160
0.36463 0.78634
0.48240 0.06187
0.82455 0.67849
0.63162 0.77144
0.41540 0.46051
0.35155 0.71275
0.27777 0.44377
0.97450 0.11464
0.26414 0.38316
0.31587 0.64651
0.00508 0.84356
0.35354 0.15928
0.62216 0.46984
0.37858 0.02906
0.84830 0.24159
0.61373 0.63396
0.73704 0.42594
0.09155 0.95363
0.18412 0.08388
0.33795 0.96454
0.42093 0.00222
0.57603 0.22798
0.06962 0.96311
0.42227 0.83079
0.85232 0.32107
0.94273 0.40701
0.38978 0.45817
0.32333 0.22395
0.48929 0.48540
0.81192 0.68682
0.59735 0.07278
0.63235 0.54636
0.65781 0.22529
0.48883 0.61164
0.81425 0.56362
0.72462 0.93644
0.95679 0.02231
0.70569 0.21739
0.28747 0.35030
0.32329 0.52963
0.66015 0.72796
0.79945 0.00085
0.94705 0.77609
0.64965 0.76269
0.64058 0.64061
0.90228 0.47844
0.73900 0.84446
0.28130 0.68008
0.66547 0.45265
0.21612 0.87736
0.87035 0.41882
0.82978 0.15964
0.93185 0.12236
0.05937 0.67002
0.88245 0.27315
0.87846 0.23480
0.32230 0.94761
0.23411 0.19799
0.85754 0.81367
0.26205 0.85349
0.79494 0.65989
0.11006 0.36588
0.20492 0.25027
0.69003 0.49111
0.78303 0.50209
0.37448 0.71955
0.68811 0.14890
0.17451 0.03808
0.57130 0.88858
0.37142 0.23670
0.05577 0.46600
0.57197 0.06144
0.95431 0.58617
0.68152 0.63981
0.02950 0.23151
0.36916 0.43913
0.98155 0.29010
0.91122 0.37788
0.69003 0.00597
0.15973 0.68673
0.00086 0.01548
0.89119 0.35916
0.46347 0.99672
0.76271 0.64048
0.45610 0.73865
0.54552 0.60246
0.71748 0.96745
0.37954 0.73247
0.90785 0.35173
0.27925 0.14849
0.78806 0.19072
0.67595 0.85057
0.83125 0.69083
0.98897 0.03604
0.87327 0.39710
0.67223 0.67674
0.90967 0.17678
0.20025 0.35718
0.93950 0.18158
0.38353 0.98526
0.65961 0.48019
0.84515 0.17540
0.63861 0.11170
0.43195 0.84879
0.38874 0.19029
0.39340 0.49283
0.91156 0.44967
0.22804 0.17028
0.19917 0.91377
0.44293 0.85620
0.19157 0.75642
0.26586 0.05669
0.84585 0.58910
0.21712 0.06248
0.34305 0.71881
0.43148 0.56769
0.76817 0.45662
0.02623 0.41221
0.88950 0.25941
0.57250 0.39011
0.42537 0.95357
0.94942 0.31142
0.32436 0.62465
0.49429 0.23301
0.27622 0.83465
0.66059 0.37158
0.21083 0.87634
0.03650 0.18771
0.14056 0.84604
0.43915 0.14777
0.22487 0.14487
0.02871 0.20898
0.19473 0.87606
0.03107 0.79945
0.85978 0.13515
0.16408 0.94591
0.08560 0.62113
0.50012 0.02950
0.83940 0.53456
0.78413 0.32329
0.36606 0.04217
0.30348 0.91029
0.12854 0.11837
0.27801 0.52770
0.87774 0.72868
0.04080 0.63897
0.15693 0.91901
0.90178 0.73352
0.28974 0.38248
0.15554 0.38110
0.98604 0.60777
0.63553 0.63694
0.41700 0.28656
0.92485 0.72750
0.61008 0.88534
0.07708 0.25648
0.40869 0.78974
0.51611 0.51223
0.20365 0.67532
0.04293 0.80073
0.21245 0.05138
0.07488 0.08514
0.63551 0.99101
0.22340 0.42267
0.99235 0.72799
0.51110 0.04054
0.49529 0.46107
0.27538 0.53024
0.84837 0.64516
0.61500 0.79937
0.35878 0.83119
0.05114 0.25132
0.48375 0.89620
0.45833 0.99086
0.63278 0.74195
0.95742 0.59715
0.74045 0.26336
0.41026 0.89652
0.01902 0.10091
0.83736 0.40170
0.81960 0.25142
0.10975 0.00801
0.69874 0.23069
0.02716 0.22826
0.48931 0.77389
0.21857 0.47755
0.71770 0.83333
0.80662 0.02670
0.97574 0.45624
0.97924 0.10215
0.43895 0.61543
0.01558 0.98461
0.71537 0.69728
0.84694 0.02202
0.08228 0.26227
0.35433 0.84565
0.84657 0.56498
0.75173 0.92207
0.56526 0.19908
0.77517 0.58625
0.12371 0.88213
0.29028 0.13536
0.92178 0.36050
0.33600 0.99860
0.93512 0.42251
0.73182 0.58273
0.29137 0.84793
0.49712 0.27151
0.43174 0.07373
0.20991 0.23664
0.46440 0.25640
0.16975 0.36719
0.59465 0.28576
0.17703 0.09108
0.84799 0.15688
0.32813 0.57341
0.55612 0.71363
0.20877 0.07947
0.66043 0.25637
0.07670 0.08017
0.16275 0.97387
0.40399 0.12087
0.46553 0.21664
0.81263 0.35557
0.26403 0.90809
0.05909 0.53614
0.29247 0.03889
0.53005 0.20652
0.37308 0.14958
0.95692 0.36909
0.05772 0.12219
0.14066 0.41082
0.37558 0.15487
0.24358 0.87106
0.83754 0.14997
0.72873 0.40149
0.34437 0.69914
0.37904 0.59174
0.17108 0.53011
0.06544 0.76933
