0.01585 0.04707
0.18568 0.93300
0.01014 0.69367
0.80303 0.67291
0.56145 0.96285
0.80631 0.50347
0.76861 0.25753
0.30976 0.14004
0.61681 0.63503
0.42154 0.16399
0.09700 0.93889
0.33690 0.63558
0.37190 0.37057
0.95281 0.38447
0.46384 0.59327
0.50565 0.91216
0.22971 0.56144
0.07302 0.67154
0.05425 0.70513
0.17095 0.85805
0.67357 0.10525
0.37853 0.44920
0.42712 0.08831
0.28349 0.50813
0.51697 0.09603
0.21689 0.13857
0.44808 0.80384
0.83538 0.07982
0.07007 0.56115
0.74022 0.44860
0.07215 0.93409
0.13853 0.04591
0.24110 0.80375
0.40409 0.97951
0.10092 0.67959
0.21411 0.90240
0.33192 0.63786
0.21515 0.90033
0.23962 0.13005
0.92921 0.61444
0.87720 0.31894
0.02451 0.49984
0.53427 0.13661
0.99692 0.84930
0.94882 0.59180
0.39063 0.64586
0.86845 0.52652
0.76752 0.80759
0.42013 0.07810
0.52341 0.07055
0.62155 0.52941
0.97112 0.03574
0.33714 0.42305
0.69228 0.79287
0.86489 0.81349
0.97859 0.68370
0.73743 0.68744
0.50273 0.29150
0.25301 0.84032
0.63420 0.25622
0.75053 0.18828
0.53720 0.06238
0.45425 0.58009
0.03826 0.70750
0.58737 0.17538
0.65145 0.06534
0.59749 0.03510
0.57189 0.66331
0.50818 0.13185
0.44005 0.32010
0.52991 0.92550
0.41960 0.87240
0.40857 0.11714
0.03298 0.54142
0.29820 0.22176
0.95018 0.54471
0.94221 0.40928
0.55456 0.69385
0.60623 0.66512
0.36865 0.38397
0.36632 0.92277
0.05342 0.15934
0.40556 0.81417
0.45173 0.46535
0.31177 0.87516
0.55192 0.60759
0.89772 0.04658
0.29463 0.49461
0.60142 0.56824
0.67575 0.69926
0.23606 0.12481
0.80305 0.35243
0.65716 0.55431
0.44166 0.00291
0.19315 0.62245
0.60888 0.48492
0.53915 0.31537
0.97259 0.19491
0.18039 0.50485
0.66566 0.84345
0.15141 0.05117
0.92772 0.02651
0.09428 0.20787
0.60410 0.30056
0.42983 0.07238
0.64078 0.87598
0.47888 0.77240
0.49635 0.53639
0.93379 0.72767
0.18085 0.92054
0.63723 0.06080
0.88159 0.82961
0.81895 0.49097
0.62681 0.41927
0.21364 0.84525
0.32155 0.90225
0.45625 0.11212
0.36404 0.18592
0.79654 0.15163
0.88403 0.99015
0.02821 0.92318
0.77207 0.12977
0.90660 0.48843
0.38829 0.83303
0.76267 0.61753
0.91555 0.65123
0.08118 0.87447
0.10260 0.50029
0.55557 0.10204
0.55828 0.74236
0.84668 0.92677
0.38926 0.08620
0.39833 0.27671
0.14150 0.71250
0.21850 0.40279
0.32182 0.26723
0.18304 0.36495
0.63966 0.76994
0.67470 0.24862
0.71734 0.82317
0.51056 0.51712
0.83700 0.92599
0.14895 0.75182
0.16383 0.77862
0.17905 0.75483
0.15389 0.13599
0.84802 0.59600
0.42558 0.13254
0.29468 0.82734
0.32524 0.33656
0.36636 0.29596
0.13828 0.13303
0.66099 0.97743
0.36001 0.92655
0.12066 0.89087
0.29061 0.71377
0.70506 0.52983
0.96952 0.30229
0.24212 0.52189
0.88374 0.07029
0.54239 0.52546
0.69933 0.57471
0.92538 0.66139
0.21089 0.96445
0.36428 0.23091
0.20477 0.25094
0.75668 0.10923
0.19449 0.23931
0.93816 0.14455
0.91937 0.45796
0.15911 0.79819
0.37802 0.26160
0.26042 0.24559
0.71686 0.80804
0.49874 0.14697
0.85947 0.29790
0.54434 0.59147
0.86777 0.43585
0.55041 0.76239
0.59540 0.89830
0.50556 0.32517
0.60256 0.06106
0.38864 0.85437
0.95168 0.90443
0.86897 0.54916
0.09928 0.47637
0.26348 0.06017
0.43082 0.93710
0.23316 0.62979
0.63187 0.75313
0.64030 0.45166
0.37460 0.05184
0.66840 0.91950
0.71219 0.70629
0.21558 0.42911
0.09410 0.18283
0.98170 0.59254
0.07870 0.69703
0.70987 0.37686
0.85719 0.89241
0.79824 0.00030
0.10308 0.15595
0.49690 0.42066
0.97946 0.06318
0.55220 0.30027
0.32012 0.52247
0.27532 0.05970
0.91181 0.82872
0.38226 0.21881
0.41287 0.66645
0.40170 0.05813
0.96861 0.55117
0.00820 0.25377
0.52530 0.35354
0.89406 0.03354
0.38115 0.26248
0.07833 0.32609
0.60949 0.47150
0.07136 0.05309
0.17557 0.66503
0.07642 0.43014
0.35345 0.53740
0.01197 0.95616
0.95219 0.44018
0.78444 0.90449
0.74637 0.65479
0.68544 0.38835
0.40870 0.88740
0.34069 0.87586
0.52987 0.04742
0.20202 0.08979
0.97124 0.62892
0.47935 0.02418
0.47573 0.04419
0.44242 0.72837
0.91534 0.31943
0.11355 0.33225
0.92287 0.87457
0.18846 0.03571
0.43913 0.51237
0.45196 0.62344
0.80958 0.98116
0.32728 0.43662
0.23303 0.54307
0.89935 0.09803
0.27935 0.40855
0.44422 0.96389
0.52843 0.83970
0.45585 0.97774
0.09298 0.11433
0.20849 0.90909
0.45196 0.91303
0.06437 0.97478
0.33459 0.44588
0.89429 0.25674
0.80088 0.59397
