0.19154 0.67490
0.51130 0.81391
0.94065 0.58745
0.06562 0.53945
0.07564 0.44654
0.10750 0.91982
0.90129 0.70793
0.26392 0.77413
0.32460 0.44068
0.30059 0.93940
0.97772 0.43236
0.45610 0.60336
0.59205 0.43305
0.43277 0.18124
0.56104 0.80604
0.41435 0.34162
0.08414 0.33047
0.94421 0.49181
0.58786 0.67132
0.12654 0.54795
0.45054 0.32231
0.92515 0.66700
0.63984 0.30666
0.99226 0.38094
0.31334 0.66930
0.35563 0.15908
0.80387 0.04953
0.74606 0.17718
0.03750 0.77253
0.69398 0.73102
0.08684 0.70804
0.84312 0.25266
0.83164 0.26175
0.44182 0.56529
0.83905 0.13988
0.71298 0.61922
0.35507 0.26718
0.97279 0.63644
0.70152 0.39461
0.59677 0.55099
0.67778 0.33799
0.00378 0.82194
0.18205 0.65812
0.31729 0.37954
0.52050 0.26772
0.57229 0.50354
0.63540 0.67100
0.00616 0.31440
0.40325 0.01323
0.87974 0.79999
0.41862 0.98976
0.94685 0.52387
0.75814 0.52696
0.78376 0.08342
0.41029 0.05461
0.31562 0.09659
0.40576 0.47396
0.66602 0.77598
0.09083 0.37003
0.36695 0.56651
0.00831 0.48441
0.44701 0.30023
0.68374 0.05747
0.94114 0.61606
0.38711 0.49074
0.02101 0.03864
0.95309 0.66059
0.07905 0.49474
0.59816 0.33076
0.38383 0.26885
0.68850 0.24586
0.38516 0.36295
0.83532 0.93429
0.32554 0.91301
0.66312 0.20935
0.07116 0.40197
0.17417 0.18746
0.97579 0.62934
0.86570 0.83575
0.55247 0.16997
0.99260 0.81760
0.53756 0.35041
0.29085 0.11343
0.78302 0.11304
0.34715 0.98203
0.95775 0.11743
0.76165 0.62235
0.19419 0.67554
0.84277 0.86202
0.77569 0.78683
0.11747 0.54654
0.93837 0.40367
0.43164 0.21959
0.53091 0.60945
0.37909 0.47666
0.56860 0.51435
0.03734 0.53931
0.83709 0.40566
0.88295 0.71543
0.63119 0.21115
0.06814 0.11001
0.00959 0.11234
0.60040 0.07555
0.84330 0.22456
0.89263 0.29940
0.94240 0.31588
0.34738 0.94188
0.84801 0.61115
0.15887 0.48406
0.24763 0.59104
0.38960 0.15296
0.87510 0.99257
0.67224 0.77374
0.45052 0.30682
0.01643 0.64025
0.70392 0.48819
0.85744 0.71127
0.44008 0.03991
0.45288 0.53193
0.65800 0.05740
0.78073 0.80858
0.77867 0.35951
0.33106 0.90569
0.18494 0.37218
0.90739 0.75334
0.47405 0.20630
0.58819 0.28263
0.84124 0.41231
0.48585 0.25587
0.13954 0.63785
0.20759 0.77652
0.16030 0.14900
0.35911 0.56998
0.05129 0.74902
0.01145 0.12927
0.51227 0.87179
0.68772 0.38854
0.92794 0.34998
0.07648 0.07622
0.70753 0.26748
0.85733 0.08938
0.94101 0.49472
0.50654 0.75584
0.10557 0.02589
0.80877 0.40708
0.28533 0.65064
0.79232 0.53620
0.42525 0.04959
0.15675 0.13778
0.30142 0.83881
0.81886 0.28635
0.14810 0.45102
0.85127 0.48124
0.54188 0.32968
0.86334 0.05202
0.11971 0.01944
0.45685 0.92402
0.47609 0.69583
0.52874 0.29239
0.86512 0.42709
0.95470 0.73817
0.48846 0.86271
0.63589 0.02891
0.56729 0.98409
0.96330 0.04102
0.66449 0.76888
0.19995 0.70642
0.22538 0.99434
0.63222 0.47288
0.50286 0.88534
0.08643 0.09576
0.59678 0.48395
0.15808 0.57430
0.96322 0.83207
0.24005 0.87537
0.16399 0.08437
0.69720 0.82400
0.60013 0.53084
0.07374 0.24182
0.29890 0.72610
0.93894 0.69157
0.86392 0.10150
0.71085 0.89444
0.48239 0.60683
0.31591 0.91073
0.41341 0.91490
0.70468 0.70246
0.23318 0.77850
0.74990 0.10142
0.83161 0.59261
0.14456 0.30150
0.10009 0.36638
0.64213 0.35866
0.29541 0.71091
0.23889 0.60921
0.20564 0.23577
0.81306 0.13545
0.46122 0.56288
0.33313 0.18771
0.33435 0.89652
0.23870 0.40327
0.07234 0.31113
0.65485 0.94659
0.77463 0.35712
0.22117 0.15752
0.28055 0.65217
0.75449 0.32785
0.87667 0.15331
0.00362 0.95414
0.90485 0.19455
0.38468 0.98931
0.76553 0.04215
0.67369 0.04016
0.60319 0.07200
0.35171 0.29688
0.81821 0.11657
0.96092 0.68988
0.66963 0.14515
0.98675 0.49691
0.37996 0.23669
0.67655 0.19701
0.82420 0.04439
0.66613 0.22720
0.48359 0.57833
0.97028 0.76107
0.13778 0.44714
0.66869 0.94776
0.89679 0.00727
0.29635 0.87604
0.02997 0.78373
0.50474 0.45435
0.95410 0.65099
0.06066 0.18844
0.78266 0.62517
0.36049 0.43700
0.58147 0.89054
0.11876 0.91208
0.49041 0.37082
0.78000 0.60186
0.68178 0.22939
0.49966 0.77073
0.39626 0.12775
0.48017 0.91962
0.59225 0.82470
0.97300 0.88142
0.58465 0.71679
0.09279 0.30234
0.15995 0.32933
0.33833 0.72917
0.94872 0.90140
0.16776 0.50348
0.24729 0.29082
0.74463 0.78570
0.69682 0.27440
0.51199 0.92182
0.59375 0.39564
