0.38870 0.37641
0.49508 0.29081
0.84367 0.13398
0.37614 0.21062
0.87879 0.81987
0.11226 0.87207
0.08023 0.48125
0.70403 0.71080
0.33724 0.85920
0.11248 0.44310
0.34329 0.11898
0.59057 0.63714
0.69358 0.15832
0.79095 0.66968
0.16740 0.93249
0.33420 0.03393
0.02741 0.82812
0.80410 0.45536
0.66005 0.23546
0.22091 0.40461
0.10024 0.69229
0.36400 0.15878
0.79687 0.57955
0.09975 0.67761
0.23917 0.13787
0.91054 0.38612
0.56987 0.31123
0.06159 0.51520
0.64181 0.06312
0.15890 0.79301
0.17946 0.25689
0.83631 0.74705
0.09968 0.52474
0.30221 0.07902
0.87369 0.10563
0.98297 0.40134
0.24073 0.57849
0.01684 0.55727
0.08268 0.87131
0.44893 0.46433
0.03032 0.68895
0.06136 0.46025
0.48241 0.98382
0.98129 0.47332
0.30005 0.63599
0.12197 0.14462
0.01526 0.70904
0.01415 0.33607
0.55452 0.00463
0.19097 0.53980
0.67571 0.82226
0.27457 0.28539
0.90171 0.68501
0.32188 0.52332
0.69323 0.12670
0.71090 0.32090
0.63898 0.43764
0.59824 0.65534
0.32618 0.00178
0.05966 0.40322
0.27271 0.49293
0.34572 0.58451
0.03112 0.36150
0.53007 0.48978
0.57242 0.25503
0.81770 0.78210
0.92918 0.70000
0.96743 0.09317
0.96088 0.14155
0.69400 0.94226
0.24746 0.05608
0.42793 0.39851
0.69682 0.12244
0.17287 0.89481
0.60115 0.63496
0.47695 0.13412
0.32413 0.92124
0.30884 0.08638
0.07947 0.18604
0.69240 0.34046
0.30815 0.31521
0.45259 0.29964
0.55723 0.50649
0.40046 0.59775
0.83837 0.93091
0.04767 0.32346
0.21767 0.35414
0.52569 0.85505
0.40853 0.90000
0.27058 0.28306
0.84233 0.05054
0.05165 0.08394
0.31639 0.90970
0.92934 0.10630
0.37724 0.84887
0.62182 0.25692
0.06145 0.89398
0.25232 0.95991
0.28382 0.88650
0.17909 0.13147
0.93042 0.40095
0.07360 0.20699
0.58415 0.25993
0.57995 0.19853
0.96741 0.52451
0.89460 0.54361
0.57886 0.17908
0.20578 0.99120
0.05143 0.54927
0.13774 0.39758
0.73311 0.86291
0.07417 0.99733
0.40738 0.88574
0.71349 0.18316
0.11801 0.54917
0.48519 0.04188
0.14779 0.36948
0.68498 0.97375
0.14329 0.23314
0.16014 0.46503
0.20701 0.36525
0.61665 0.02832
0.36955 0.39391
0.35058 0.90178
0.06628 0.20112
0.52158 0.21020
0.52004 0.57653
0.39138 0.37703
0.60364 0.47821
0.14915 0.19429
0.45591 0.57417
0.80294 0.63890
0.52769 0.33300
0.53067 0.65869
0.05610 0.93782
0.28110 0.70285
0.42484 0.67313
0.18272 0.82198
0.21305 0.10925
0.26106 0.39567
0.29759 0.60063
0.84920 0.81106
0.47621 0.91709
0.31050 0.52150
0.19467 0.73874
0.66222 0.28957
0.75003 0.95681
0.95783 0.90173
0.68312 0.72897
0.00106 0.61027
0.47705 0.29387
0.98835 0.19369
0.18997 0.17758
0.97541 0.22569
0.30740 0.71247
0.85910 0.16740
0.74541 0.61131
0.29723 0.80193
0.40210 0.56743
0.66861 0.63466
0.47306 0.38195
0.18818 0.66620
0.91982 0.54398
0.85135 0.59554
0.91466 0.29806
0.57020 0.43739
0.99694 0.42682
0.97337 0.15477
0.62148 0.27800
0.19593 0.50201
0.76682 0.49298
0.65557 0.85830
0.17514 0.45990
0.24001 0.52864
0.86894 0.05948
0.41420 0.45255
0.48701 0.67883
0.41759 0.91354
0.75292 0.50371
0.46960 0.80083
0.50665 0.17493
0.86223 0.32099
0.58406 0.11324
0.05432 0.84850
0.68633 0.52690
0.13683 0.73722
0.80562 0.65451
0.53842 0.38550
0.81787 0.98125
0.75939 0.09423
0.43445 0.82259
0.39930 0.67112
0.68645 0.79223
0.34359 0.24086
0.51921 0.47110
0.91667 0.19089
0.66792 0.28258
0.72215 0.05052
0.17181 0.25910
0.07879 0.15520
0.75327 0.19690
0.77958 0.08186
0.98195 0.64086
0.96459 0.46428
0.99345 0.05797
0.73253 0.62313
0.69525 0.37914
0.46167 0.97699
0.06162 0.95796
0.88608 0.25480
0.82255 0.64899
0.97164 0.75035
0.96893 0.78223
0.15744 0.60306
0.82214 0.20050
0.40559 0.38233
0.03543 0.14063
0.09963 0.19588
0.75151 0.21553
0.14565 0.98343
0.72675 0.12719
0.22520 0.62630
0.82020 0.86685
0.04522 0.36145
0.37670 0.65814
0.90860 0.43748
0.20303 0.09122
0.97354 0.77989
0.91116 0.34500
0.64119 0.56085
0.58201 0.53097
0.83423 0.34800
0.27798 0.18663
0.88054 0.04005
0.48432 0.84690
0.61464 0.90285
0.29911 0.91459
0.12810 0.88927
0.62427 0.41250
0.73103 0.38464
0.66232 0.58374
0.16173 0.14701
0.14891 0.91432
0.06949 0.00226
0.02013 0.46203
0.84520 0.42170
0.88029 0.58328
0.66298 0.67079
0.66690 0.34926
0.81550 0.26952
0.82716 0.22247
0.92219 0.35684
0.68132 0.06418
0.91007 0.16510
0.01457 0.31894
0.60671 0.95194
