0.04547 0.45904
0.85732 0.67078
0.35875 0.10303
0.32977 0.73481
0.47573 0.55936
0.16848 0.12673
0.09640 0.31135
0.94918 0.42806
0.40596 0.24539
0.24455 0.07876
0.93068 0.69159
0.55030 0.69925
0.40044 0.59026
0.56443 0.08679
0.87666 0.83684
0.95059 0.63567
0.70814 0.76222
0.90977 0.23065
0.01746 0.85397
0.70465 0.76057
0.42272 0.47237
0.12572 0.90862
0.39067 0.40250
0.46890 0.61498
0.51464 0.68551
0.18321 0.64141
0.32704 0.57598
0.55843 0.90408
0.89221 0.24691
0.03816 0.19285
0.90734 0.21492
0.30194 0.25389
0.42179 0.12625
0.71173 0.65423
0.31719 0.24155
0.37988 0.20958
0.49028 0.03011
0.30302 0.00769
0.76564 0.37681
0.26771 0.74562
0.56871 0.07675
0.82082 0.82304
0.47874 0.49786
0.77852 0.39718
0.14177 0.20337
0.27207 0.57296
0.71241 0.33075
0.80005 0.64702
0.26425 0.05710
0.13407 0.76775
0.74995 0.62778
0.16748 0.74565
0.39392 0.43274
0.67295 0.17825
0.78362 0.82981
0.96107 0.40247
0.94622 0.38179
0.10246 0.65866
0.36185 0.69859
0.61641 0.66367
0.31192 0.44251
0.79413 0.57121
0.19750 0.04584
0.09908 0.07200
0.06411 0.99821
0.29761 0.90759
0.10699 0.46751
0.25501 0.44509
0.30973 0.24992
0.02806 0.34506
0.43287 0.28788
0.37095 0.94675
0.16811 0.85015
0.29816 0.52007
0.60018 0.15791
0.07188 0.68369
0.88281 0.38262
0.53674 0.36341
0.75000 0.50496
0.05796 0.96810
0.90269 0.84066
0.66793 0.06037
0.60024 0.44033
0.76201 0.41608
0.12688 0.53200
0.08295 0.37868
0.30203 0.98210
0.09294 0.31114
0.53205 0.89928
0.10115 0.03577
0.55932 0.30863
0.31892 0.53659
0.39305 0.64682
0.93082 0.98282
0.86151 0.61620
0.63007 0.40921
0.85889 0.16757
0.00684 0.32450
0.94834 0.95676
0.88663 0.86057
0.50275 0.57175
0.86741 0.27548
0.11789 0.40269
0.93117 0.27882
0.81433 0.16971
0.06950 0.39706
0.52187 0.45995
0.43718 0.16713
0.34376 0.67065
0.07964 0.81816
0.94854 0.56692
0.79738 0.04937
0.82139 0.27007
0.97779 0.61511
0.59110 0.17414
0.70299 0.03204
0.56255 0.48262
0.36487 0.87433
0.50890 0.02586
0.15176 0.02273
0.52198 0.35260
0.33035 0.77051
0.40240 0.63251
0.61928 0.52680
0.83551 0.03584
0.78934 0.08207
0.85347 0.38283
0.58493 0.36333
0.00685 0.78259
0.67904 0.47677
0.04805 0.67860
0.95774 0.73202
0.87849 0.05552
0.17199 0.51343
0.11558 0.05276
0.71933 0.27037
0.22725 0.18463
0.00955 0.35990
0.16714 0.65380
0.96894 0.97679
0.09787 0.90573
0.10694 0.19756
0.74970 0.28304
0.75044 0.11459
0.86847 0.08124
0.21478 0.99891
0.82848 0.97176
0.85694 0.18034
0.63552 0.12148
0.17253 0.12960
0.11331 0.11524
0.54820 0.10111
0.23766 0.32368
0.03334 0.20633
0.61033 0.46141
0.69076 0.74792
0.44952 0.79162
0.25780 0.29070
0.14469 0.83541
0.39978 0.06766
0.66474 0.35632
0.31302 0.55085
0.80701 0.57909
0.86066 0.70464
0.14496 0.07363
0.22277 0.29679
0.77558 0.27081
0.42569 0.19902
0.85199 0.22517
0.77988 0.52640
0.52330 0.80879
0.95623 0.18508
0.85347 0.29923
0.11578 0.67074
0.47170 0.88354
0.44420 0.45180
0.92752 0.69664
0.86068 0.48904
0.85013 0.27502
0.16998 0.76740
0.63319 0.09773
0.51009 0.41093
0.00006 0.78523
0.54921 0.77657
0.97175 0.82555
0.07613 0.21169
0.85960 0.22493
0.48587 0.46443
0.51914 0.74911
0.90809 0.13187
0.26902 0.66537
0.63851 0.55805
0.32219 0.16033
0.58961 0.16620
0.01806 0.41393
0.68167 0.90922
0.41799 0.25263
0.62975 0.10901
0.87949 0.05167
0.47902 0.57559
0.38565 0.39319
0.35230 0.75285
0.39570 0.33079
0.15264 0.00274
0.21140 0.07142
0.30295 0.04149
0.14252 0.33624
0.32371 0.81502
0.15781 0.28889
0.30090 0.80576
0.36189 0.16811
0.89036 0.78726
0.17434 0.34227
0.77348 0.44309
0.99553 0.18358
0.90877 0.57172
0.59967 0.82252
0.89121 0.73024
0.73070 0.92020
0.55527 0.18711
0.65583 0.08342
0.57002 0.35060
0.01039 0.66282
0.44253 0.18661
0.46283 0.34519
0.36882 0.52172
0.81522 0.74161
0.37247 0.56488
0.14933 0.55027
0.38599 0.61805
0.70568 0.74336
0.58628 0.41163
0.91719 0.59970
0.20344 0.59283
0.71334 0.13206
0.69871 0.83793
0.60740 0.45078
0.87243 0.22330
0.40068 0.08181
0.84284 0.92090
0.68730 0.52044
0.78360 0.33682
0.98465 0.05950
0.02199 0.98781
0.51710 0.35283
0.94613 0.90517
0.05323 0.22516
0.53129 0.13815
0.69420 0.07101
0.98869 0.34518
0.49162 0.05728
0.82804 0.11461
0.91627 0.28219
0.74210 0.04106
0.40184 0.42477
0.41145 0.77740
