0.54395 0.98741
0.38362 0.59949
0.71392 0.88173
0.94168 0.30993
0.72899 0.86555
0.64705 0.92069
0.68189 0.83059
0.16957 0.84771
0.07916 0.86724
0.77760 0.71636
0.15247 0.65986
0.02806 0.66174
0.75707 0.24265
0.65878 0.25168
0.90261 0.56462
0.89330 0.57231
0.44461 0.95289
0.59119 0.58352
0.18993 0.42732
0.72553 0.68878
0.58218 0.74540
0.80976 0.34406
0.36873 0.50907
0.19686 0.62265
0.56071 0.97356
0.82120 0.34889
0.80479 0.29350
0.95864 0.69888
0.92678 0.24102
0.22207 0.45001
0.55013 0.99163
0.35848 0.94343
0.60320 0.77085
0.96038 0.58723
0.20270 0.73326
0.30025 0.83783
0.14167 0.58915
0.33004 0.62831
0.11227 0.35177
0.67709 0.36661
0.51669 0.99512
0.60692 0.25928
0.55734 0.12303
0.37030 0.46294
0.53958 0.69071
0.27957 0.95615
0.12246 0.29595
0.49387 0.17931
0.87009 0.37357
0.93714 0.93595
0.72437 0.41611
0.30418 0.88421
0.89495 0.54886
0.17463 0.37628
0.42080 0.65794
0.01516 0.64453
0.50587 0.40486
0.05009 0.02566
0.43645 0.88950
0.47174 0.27989
0.06770 0.44955
0.15019 0.57720
0.07616 0.64281
0.53533 0.03165
0.82821 0.05188
0.95788 0.59676
0.02908 0.62568
0.77229 0.53886
0.21529 0.83064
0.56154 0.51428
0.05971 0.47395
0.36096 0.38931
0.87046 0.25172
0.85826 0.80829
0.14270 0.41412
0.32190 0.87356
0.70443 0.74059
0.38215 0.06434
0.73224 0.36158
0.39570 0.85763
0.48763 0.91732
0.81757 0.31238
0.57179 0.07399
0.70820 0.18545
0.43794 0.81431
0.18114 0.11200
0.58703 0.60409
0.14309 0.63100
0.25912 0.56046
0.72866 0.40170
0.34836 0.23915
0.81599 0.36389
0.34817 0.60106
0.68472 0.37141
0.78482 0.63401
0.21125 0.95814
0.65230 0.17031
0.01635 0.73282
0.27575 0.13450
0.68077 0.51825
0.38135 0.16829
0.02979 0.31694
0.83645 0.06160
0.24080 0.92046
0.20268 0.19168
0.42072 0.18697
0.80627 0.17924
0.81422 0.31934
0.77945 0.85922
0.30419 0.81086
0.22704 0.81732
0.63507 0.76100
0.89936 0.43794
0.77993 0.58832
0.91743 0.05076
0.74318 0.37972
0.47177 0.17356
0.59621 0.87822
0.32396 0.72418
0.66618 0.23392
0.71318 0.22343
0.98371 0.99653
0.92391 0.96242
0.52259 0.73332
0.92299 0.41878
0.23221 0.11657
0.78425 0.55829
0.69208 0.81391
0.95577 0.84401
0.40738 0.41395
0.99302 0.84975
0.21888 0.60144
0.75854 0.28611
0.67315 0.10289
0.28869 0.35584
0.04647 0.34970
0.27330 0.12215
0.34624 0.69890
0.73929 0.80651
0.85530 0.25021
0.75261 0.46928
0.25981 0.67220
0.81019 0.47055
0.59964 0.38976
0.84387 0.79826
0.16976 0.60872
0.17091 0.42927
0.44843 0.47896
0.98230 0.65478
0.74694 0.09576
0.17092 0.64208
0.54014 0.91478
0.31552 0.24545
0.43352 0.03991
0.86162 0.85850
0.60144 0.78439
0.63176 0.95368
0.00176 0.42890
0.23960 0.60215
0.42449 0.59803
0.39743 0.15468
0.46124 0.27248
0.33536 0.61822
0.04083 0.68896
0.00942 0.12051
0.31545 0.14828
0.95086 0.31460
0.51746 0.48796
0.36237 0.31587
0.52168 0.79078
0.50488 0.67358
0.19105 0.40570
0.73554 0.26803
0.91031 0.69817
0.41899 0.40802
0.40667 0.79966
0.80891 0.15723
0.07458 0.70911
0.03348 0.90023
0.19881 0.86947
0.75876 0.50459
0.84470 0.56661
0.49486 0.53650
0.42372 0.76496
0.83405 0.57299
0.24462 0.08912
0.31065 0.48802
0.37900 0.89513
0.56546 0.76202
0.99720 0.63731
0.59219 0.35424
0.58889 0.47601
0.66308 0.80158
0.61927 0.35223
0.03329 0.91895
0.05292 0.61159
0.92821 0.88662
0.21052 0.73580
0.72813 0.50090
0.58951 0.67137
0.07882 0.41892
0.54316 0.56261
0.63326 0.82097
0.28078 0.42196
0.21816 0.96831
0.71535 0.85548
0.09591 0.10423
0.63740 0.35979
0.10122 0.99462
0.10293 0.75807
0.82492 0.14855
0.80963 0.06892
0.26310 0.54218
0.02409 0.42230
0.54622 0.58224
0.93100 0.76699
0.66181 0.25298
0.97136 0.35491
0.67798 0.49000
0.18005 0.86453
0.93858 0.77159
0.53222 0.13306
0.66191 0.95444
0.37720 0.99580
0.87746 0.75110
0.59708 0.38473
0.94226 0.44850
0.22045 0.63058
0.27146 0.27749
0.82779 0.74584
0.83910 0.42373
0.97558 0.73967
0.69699 0.65097
0.73002 0.30277
0.97617 0.56667
0.96067 0.03958
0.96624 0.05404
0.35481 0.00251
0.18154 0.05665
0.50204 0.76661
0.13919 0.56914
0.14009 0.90322
0.68943 0.28004
0.71967 0.35751
0.08312 0.77744
0.98047 0.69173
0.68880 0.72679
0.08531 0.73887
0.53482 0.35287
0.24348 0.33311
0.28431 0.60692
0.06438 0.22434
0.98055 0.37266
0.79029 0.54216
0.21310 0.55985
0.43843 0.41112
