0.22118 0.16222
0.86697 0.20122
0.13650 0.80440
0.56322 0.81220
0.69709 0.08291
0.42583 0.33092
0.59764 0.81872
0.41555 0.12697
0.03202 0.19821
0.76979 0.72946
0.35820 0.51200
0.38692 0.19053
0.70049 0.93047
0.86006 0.49256
0.82826 0.91909
0.23641 0.08546
0.48949 0.27505
0.32408 0.76987
0.80902 0.46581
0.91146 0.36367
0.95893 0.06703
0.08038 0.82197
0.19240 0.65922
0.17047 0.68340
0.54018 0.94104
0.94008 0.80148
0.98472 0.05241
0.27332 0.69318
0.69970 0.15343
0.07622 0.88144
0.25338 0.74254
0.66964 0.30741
0.34496 0.81564
0.55317 0.90095
0.51174 0.05493
0.25684 0.13410
0.13475 0.81791
0.64890 0.69979
0.07811 0.88938
0.62774 0.78933
0.41047 0.58678
0.69984 0.37272
0.32916 0.03910
0.03182 0.75404
0.31015 0.91141
0.08392 0.58377
0.28274 0.44269
0.87088 0.28211
0.65534 0.12888
0.87089 0.33342
0.55344 0.83586
0.85941 0.92782
0.73007 0.66625
0.31563 0.38277
0.00015 0.07151
0.66120 0.08518
0.31552 0.88594
0.67559 0.44575
0.38083 0.93251
0.25077 0.94516
0.52865 0.35566
0.03234 0.28768
0.26081 0.35743
0.71398 0.22562
0.73862 0.92411
0.16226 0.90103
0.50535 0.06335
0.06239 0.26944
0.21653 0.59802
0.31780 0.76634
0.54901 0.53841
0.28169 0.57480
0.62712 0.63636
0.56688 0.92729
0.99827 0.20424
0.35030 0.03547
0.40002 0.27828
0.49986 0.29301
0.43136 0.56768
0.19839 0.94422
0.47559 0.23247
0.82514 0.44284
0.79696 0.93289
0.52006 0.11040
0.63894 0.10715
0.46765 0.89800
0.45471 0.91803
0.23590 0.29999
0.15149 0.65409
0.06420 0.84819
0.50438 0.90101
0.18659 0.85980
0.19216 0.35699
0.52103 0.04155
0.81741 0.39503
0.81882 0.05735
0.88273 0.39688
0.83679 0.98315
0.59416 0.97278
0.12087 0.75175
0.56252 0.87996
0.42534 0.95443
0.00189 0.83833
0.21380 0.27224
0.54812 0.49322
0.54197 0.75250
0.69249 0.75408
0.91871 0.25177
0.12971 0.24354
0.12839 0.07316
0.35334 0.80737
0.96776 0.15576
0.39219 0.00364
0.20409 0.82653
0.93214 0.15310
0.73989 0.53190
0.79069 0.04607
0.00656 0.92695
0.45634 0.76134
0.58167 0.72824
0.98265 0.84598
0.40946 0.55427
0.61567 0.38528
0.03550 0.68338
0.22477 0.51751
0.31513 0.85749
0.28286 0.54511
0.49558 0.93402
0.32006 0.23295
0.90311 0.04379
0.25411 0.37030
0.47481 0.09152
0.79140 0.94160
0.53782 0.80574
0.14470 0.97593
0.67732 0.07200
0.09045 0.32431
0.52973 0.87325
0.11146 0.88663
0.60432 0.43668
0.10890 0.56664
0.21446 0.19495
0.40611 0.39940
0.65699 0.35457
0.02365 0.62040
0.22241 0.84428
0.38309 0.58533
0.40527 0.08168
0.82378 0.54013
0.43048 0.66024
0.11247 0.47728
0.06301 0.29753
0.17870 0.17997
0.46662 0.27944
0.04242 0.31271
0.69998 0.33482
0.94569 0.26867
0.25491 0.15810
0.14549 0.72222
0.60089 0.26567
0.83133 0.97997
0.33132 0.68379
0.41235 0.55881
0.14826 0.51922
0.26742 0.57642
0.85648 0.28426
0.33917 0.87375
0.86089 0.20735
0.20653 0.57944
0.30266 0.45333
0.84905 0.47749
0.25452 0.55751
0.64062 0.03567
0.03775 0.26450
0.52598 0.47527
0.68035 0.74580
0.73510 0.41921
0.25320 0.93977
0.14731 0.30014
0.55020 0.59808
0.16908 0.41652
0.46242 0.09279
0.97239 0.23772
0.97756 0.21294
0.63473 0.68734
0.82697 0.14155
0.67713 0.15055
0.21775 0.94359
0.79603 0.32842
0.81560 0.73299
0.40912 0.23974
0.23993 0.91104
0.05070 0.55217
0.71981 0.26251
0.70105 0.58290
0.76430 0.03292
0.94590 0.34107
0.52167 0.74915
0.01514 0.95111
0.35775 0.82851
0.90022 0.73293
0.08984 0.47540
0.52602 0.80035
0.67306 0.29390
0.52697 0.17207
0.33363 0.55809
0.94304 0.61408
0.63185 0.16136
0.38154 0.70015
0.56239 0.57393
0.19227 0.05596
0.92083 0.53397
0.19820 0.99986
0.09103 0.37125
0.75082 0.58208
0.15103 0.29332
0.59076 0.75750
0.54634 0.66814
0.93399 0.25361
0.05953 0.79160
0.98056 0.90761
0.12953 0.53822
0.56786 0.14249
0.30810 0.70679
0.25510 0.89185
0.60605 0.43437
0.55094 0.55810
0.77021 0.36224
0.90643 0.32279
0.81418 0.57897
0.99580 0.75521
0.75449 0.08422
0.50454 0.43124
0.92215 0.25942
0.10314 0.58204
0.47121 0.97790
0.45949 0.01500
0.87736 0.76491
0.07775 0.68461
0.35002 0.27112
0.87170 0.67168
0.07674 0.32690
0.00714 0.85025
0.22013 0.35782
0.69676 0.72339
0.40133 0.90798
0.18619 0.44870
0.99942 0.41829
0.49590 0.16618
0.74087 0.56116
0.98153 0.21160
0.81460 0.35962
0.44733 0.55184
0.94513 0.84927
0.78588 0.29897
0.84953 0.75375
