0.59116 0.32381
0.55644 0.99387
0.28212 0.44229
0.35119 0.38237
0.99959 0.59100
0.15111 0.51560
0.14877 0.34619
0.62893 0.37903
0.30151 0.40266
0.40136 0.77254
0.98105 0.19411
0.34822 0.86131
0.45195 0.78367
0.55290 0.38381
0.23013 0.38747
0.62650 0.74108
0.13630 0.60870
0.10210 0.11208
0.66052 0.78604
0.98472 0.84873
0.09907 0.69781
0.54931 0.81318
0.51077 0.53882
0.55439 0.25647
0.08650 0.99268
0.33852 0.11893
0.52267 0.02121
0.62372 0.51510
0.76618 0.30644
0.50940 0.69839
0.88789 0.17820
0.71682 0.76222
0.75155 0.48778
0.43671 0.43648
0.52729 0.63541
0.69350 0.80437
0.82025 0.91949
0.26915 0.99656
0.35834 0.23574
0.26953 0.32186
0.05119 0.29448
0.87745 0.34585
0.10412 0.72847
0.31668 0.31036
0.97924 0.28403
0.98748 0.33421
0.23918 0.26596
0.40952 0.94290
0.46689 0.28952
0.68562 0.35163
0.14542 0.74088
0.10096 0.72267
0.71699 0.52452
0.31257 0.89818
0.78307 0.44124
0.13386 0.44877
0.56345 0.94098
0.53265 0.16632
0.21880 0.86935
0.20069 0.99515
0.36522 0.32216
0.90862 0.20158
0.11212 0.97393
0.02376 0.31154
0.62102 0.68197
0.34032 0.56408
0.78029 0.68177
0.94997 0.85072
0.97162 0.03090
0.51286 0.02989
0.64439 0.53866
0.63760 0.56865
0.26915 0.83527
0.91446 0.82691
0.45824 0.07796
0.09154 0.08242
0.33832 0.03646
0.52038 0.56752
0.21875 0.89902
0.84710 0.85429
0.17556 0.56325
0.66930 0.35964
0.70696 0.08996
0.18992 0.57045
0.17532 0.06994
0.80689 0.65019
0.15984 0.62440
0.91217 0.92856
0.35630 0.02527
0.33321 0.76493
0.48083 0.14185
0.17615 0.22137
0.70188 0.97747
0.28565 0.01816
0.21136 0.51279
0.62699 0.15074
0.44544 0.13392
0.42721 0.93596
0.19008 0.50206
0.84629 0.16702
0.18464 0.23511
0.28827 0.34191
0.40216 0.16754
0.11461 0.36579
0.15901 0.02672
0.10025 0.73844
0.74202 0.44598
0.98668 0.07189
0.77989 0.29767
0.74067 0.91155
0.47548 0.00594
0.54521 0.72060
0.39369 0.45633
0.69565 0.63603
0.81620 0.79582
0.43274 0.46751
0.56313 0.75868
0.44808 0.85934
0.75776 0.39185
0.25632 0.63481
0.81347 0.50063
0.29960 0.43883
0.86367 0.48510
0.26299 0.64697
0.48419 0.48477
0.69898 0.83904
0.21108 0.29631
0.47799 0.68560
0.34821 0.88751
0.99613 0.16762
0.18171 0.08034
0.39962 0.30482
0.00490 0.98793
0.23395 0.39612
0.09726 0.10478
0.84588 0.28514
0.71975 0.28955
0.98678 0.82136
0.64241 0.75128
0.27768 0.29880
0.67404 0.39634
0.45866 0.05263
0.37159 0.05699
0.78566 0.38348
0.88849 0.50976
0.18980 0.89331
0.48351 0.17151
0.99444 0.64491
0.91554 0.66228
0.01646 0.42612
0.25035 0.40270
0.31794 0.58303
0.32230 0.93327
0.92465 0.09204
0.70955 0.05727
0.87100 0.34003
0.46488 0.34176
0.06940 0.62872
0.07006 0.14184
0.12988 0.19858
0.88900 0.84129
0.06016 0.45350
0.35247 0.38985
0.64758 0.44337
0.86283 0.40368
0.52438 0.12210
0.78536 0.72712
0.34974 0.02318
0.59142 0.03992
0.17615 0.18465
0.34250 0.81323
0.01290 0.99483
0.16577 0.18405
0.74234 0.06317
0.92587 0.21809
0.61718 0.69018
0.49108 0.62048
0.37707 0.96649
0.65320 0.86506
0.36910 0.05526
0.33197 0.62584
0.11903 0.69021
0.91134 0.68906
0.78711 0.13197
0.88072 0.28260
0.53800 0.49763
0.39321 0.80880
0.21518 0.85784
0.07052 0.97702
0.92924 0.48257
0.12881 0.73540
0.12027 0.44952
0.48281 0.58036
0.72360 0.91367
0.29605 0.17772
0.22789 0.95374
0.54888 0.11348
0.94536 0.94269
0.58072 0.16514
0.57089 0.36680
0.79439 0.68053
0.63252 0.60881
0.06057 0.59712
0.93672 0.06449
0.47188 0.82601
0.49749 0.03630
0.97895 0.89101
0.03199 0.58071
0.29344 0.33766
0.09063 0.86852
0.22570 0.97266
0.46452 0.01466
0.26366 0.01513
0.36380 0.82135
0.53143 0.85042
0.54395 0.47371
0.13250 0.60180
0.48483 0.21028
0.05231 0.12278
0.31635 0.39556
0.72620 0.89441
0.97666 0.74182
0.42494 0.35779
0.80941 0.58853
0.13106 0.98501
0.83901 0.70547
0.12785 0.93097
0.29089 0.72756
0.89246 0.99869
0.84954 0.15667
0.90118 0.88165
0.34051 0.85748
0.86336 0.90502
0.95087 0.05806
0.98004 0.90572
0.94915 0.06110
0.39386 0.19828
0.11603 0.72345
0.65507 0.06228
0.88857 0.85784
0.56365 0.20935
0.27908 0.86766
0.18415 0.97666
0.02695 0.47030
0.69909 0.62205
0.91428 0.86109
0.59680 0.06535
0.71293 0.24254
0.38926 0.80278
0.79337 0.53692
0.42352 0.15722
0.89127 0.04204
0.74889 0.39704
0.92227 0.55532
0.32478 0.34319
0.24400 0.53641
