0.14327 0.75217
0.67788 0.27804
0.67661 0.46682
0.77120 0.66742
0.93147 0.71182
0.46236 0.39475
0.37454 0.67428
0.11347 0.84405
0.84210 0.22596
0.47151 0.85890
0.49385 0.01303
0.93831 0.98998
0.52592 0.20500
0.41259 0.61011
0.56483 0.85738
0.57590 0.33819
0.72324 0.68925
0.25396 0.80701
0.25698 0.71064
0.75041 0.84196
0.74759 0.89691
0.20392 0.06289
0.64204 0.90785
0.70567 0.44559
0.88105 0.86026
0.19869 0.73118
0.26497 0.44928
0.87453 0.95678
0.89718 0.72213
0.28061 0.55238
0.00762 0.85323
0.13079 0.67098
0.89730 0.03034
0.38810 0.97120
0.05058 0.93877
0.06407 0.78648
0.18965 0.20268
0.01888 0.80754
0.83177 0.44477
0.36785 0.80079
0.63696 0.13106
0.08676 0.72173
0.18606 0.48599
0.04710 0.10165
0.06756 0.17669
0.55276 0.60183
0.70704 0.70529
0.47815 0.21436
0.58651 0.03445
0.05931 0.41338
0.83717 0.79811
0.04349 0.45828
0.19478 0.26431
0.32465 0.44227
0.85744 0.61575
0.34567 0.12526
0.53371 0.75099
0.39883 0.78556
0.86902 0.32932
0.40073 0.78938
0.01129 0.52015
0.27042 0.96827
0.40488 0.77891
0.82746 0.06026
0.33840 0.29249
0.35532 0.42043
0.17922 0.45573
0.78576 0.88391
0.60527 0.73080
0.07343 0.04146
0.27249 0.77027
0.98778 0.17423
0.20252 0.99648
0.60609 0.24623
0.28567 0.59209
0.83162 0.87040
0.63007 0.32409
0.43658 0.60174
0.05641 0.46526
0.87870 0.30893
0.92582 0.08137
0.34496 0.67859
0.92823 0.54213
0.37405 0.72771
0.23978 0.79571
0.05247 0.58877
0.41387 0.86566
0.80196 0.88796
0.43777 0.02287
0.99776 0.71472
0.09528 0.74349
0.57488 0.71193
0.45312 0.66432
0.96126 0.30081
0.68490 0.19849
0.63125 0.28801
0.58204 0.52401
0.32587 0.81152
0.52600 0.40484
0.59442 0.35675
0.84160 0.11520
0.08733 0.55999
0.55919 0.86324
0.53068 0.06098
0.13121 0.26048
0.35929 0.47569
0.15869 0.41838
0.19232 0.87478
0.49191 0.26718
0.96267 0.16150
0.35908 0.90698
0.38811 0.90508
0.57082 0.47829
0.17078 0.74231
0.33163 0.14493
0.56146 0.77528
0.98007 0.77146
0.19796 0.94722
0.73026 0.21574
0.23001 0.88412
0.14245 0.93600
0.78700 0.63775
0.96002 0.86400
0.00984 0.56990
0.06894 0.56533
0.57637 0.41947
0.16515 0.96354
0.69696 0.35481
0.05225 0.14368
0.33002 0.26543
0.71020 0.86632
0.63180 0.70207
0.49385 0.58358
0.53745 0.98311
0.66973 0.35196
0.87586 0.94291
0.17406 0.70908
0.40232 0.86829
0.21739 0.85650
0.70230 0.57984
0.18877 0.95054
0.01607 0.93656
0.49840 0.51668
0.82094 0.85153
0.42309 0.23736
0.59265 0.51453
0.80292 0.65065
0.81415 0.76728
0.17511 0.64653
0.29435 0.34241
0.43834 0.27206
0.53778 0.73564
0.81042 0.13387
0.14602 0.99412
0.69986 0.01747
0.09322 0.74284
0.00245 0.45289
0.51331 0.23249
0.72327 0.90381
0.45641 0.44561
0.71000 0.48372
0.68688 0.55917
0.24224 0.06479
0.22798 0.21497
0.27678 0.91392
0.12247 0.14609
0.47815 0.69238
0.16114 0.86070
0.56118 0.40764
0.54630 0.49588
0.88446 0.78841
0.10683 0.73172
0.30081 0.03979
0.81612 0.10891
0.08594 0.30773
0.89002 0.73146
0.18509 0.55557
0.39342 0.01354
0.01549 0.36427
0.91197 0.77391
0.89719 0.42145
0.27883 0.49879
0.80873 0.04322
0.91658 0.25991
0.58736 0.75315
0.92592 0.94186
0.37547 0.71476
0.10465 0.68752
0.95882 0.14620
0.10875 0.33224
0.13545 0.62642
0.89327 0.38554
0.58612 0.71320
0.91460 0.14288
0.58131 0.12084
0.92755 0.13335
0.99073 0.29047
0.12361 0.52674
0.50639 0.23264
0.16464 0.77201
0.56454 0.02220
0.03742 0.43791
0.00295 0.05871
0.96089 0.84154
0.36219 0.38716
0.37501 0.21852
0.77314 0.08863
0.55442 0.47296
0.87261 0.68718
0.07807 0.04093
0.45625 0.62169
0.67136 0.54823
0.20531 0.89114
0.36564 0.64087
0.00176 0.28784
0.80727 0.70937
0.18246 0.45650
0.04130 0.76715
0.24174 0.24505
0.37724 0.43865
0.60170 0.73697
0.71714 0.78846
0.78522 0.89896
0.70259 0.58396
0.46557 0.08909
0.81535 0.66016
0.42687 0.21293
0.22786 0.45464
0.83948 0.37754
0.62520 0.98204
0.26432 0.69272
0.89227 0.24964
0.91260 0.74330
0.43085 0.97045
0.32353 0.47813
0.17407 0.73640
0.71675 0.01880
0.36115 0.51206
0.47458 0.25202
0.32422 0.09238
0.04559 0.69246
0.02262 0.44832
0.08870 0.80384
0.76264 0.42961
0.54802 0.58972
0.21597 0.59405
0.34429 0.54227
0.33661 0.15606
0.19006 0.82317
0.25404 0.11789
0.81593 0.40630
0.02419 0.04841
0.12244 0.78281
0.48594 0.43771
0.31539 0.90645
0.10322 0.09404
