0.20421 0.48784
0.59939 0.03468
0.62240 0.33841
0.70013 0.42662
0.90204 0.71692
0.88789 0.94107
0.48422 0.52013
0.42108 0.41333
0.54086 0.34597
0.03392 0.20220
0.49471 0.86164
0.53514 0.59575
0.13587 0.30192
0.45434 0.54952
0.35301 0.09452
0.76723 0.46570
0.71189 0.40407
0.44379 0.71554
0.52409 0.10962
0.54659 0.87191
0.00168 0.17918
0.21523 0.61025
0.41571 0.37748
0.93047 0.92688
0.46849 0.77150
0.81124 0.47095
0.15442 0.28667
0.36245 0.15690
0.86849 0.00302
0.02277 0.39646
0.79557 0.33366
0.89511 0.66064
0.72171 0.60687
0.14899 0.29332
0.30127 0.95701
0.43861 0.01586
0.68346 0.95661
0.93712 0.65050
0.15215 0.29846
0.24693 0.48527
0.70145 0.65329
0.94966 0.20867
0.15901 0.00931
0.59011 0.13251
0.43961 0.19352
0.77510 0.28987
0.08866 0.27400
0.31492 0.73722
0.24688 0.65358
0.14476 0.25997
0.52490 0.60832
0.41470 0.56509
0.32114 0.32872
0.44440 0.05401
0.64791 0.78048
0.08933 0.82131
0.90017 0.33214
0.12282 0.61384
0.48640 0.31931
0.30880 0.50768
0.61137 0.56671
0.34680 0.21854
0.01537 0.94316
0.67707 0.50634
0.21479 0.60359
0.47797 0.07401
0.88199 0.26360
0.74297 0.79586
0.22633 0.02529
0.45085 0.96190
0.40521 0.51810
0.50412 0.48376
0.31276 0.02668
0.14708 0.12364
0.14774 0.41915
0.77089 0.59622
0.05652 0.41192
0.67724 0.31561
0.71552 0.75987
0.84171 0.10150
0.54251 0.53124
0.32588 0.44889
0.65598 0.37222
0.90229 0.30452
0.34008 0.88826
0.25210 0.99210
0.50531 0.87066
0.77308 0.64442
0.28343 0.85393
0.73419 0.08362
0.12129 0.66669
0.35650 0.55160
0.41806 0.35466
0.80295 0.66485
0.78983 0.32921
0.47892 0.55533
0.08927 0.45553
0.15015 0.38470
0.09395 0.75393
0.89280 0.36791
0.30664 0.11730
0.13907 0.28978
0.91785 0.49371
0.75314 0.74828
0.57312 0.39273
0.48510 0.35213
0.08995 0.61887
0.38314 0.63943
0.98059 0.79029
0.17051 0.21048
0.42044 0.12874
0.46970 0.98579
0.69013 0.08954
0.14011 0.40041
0.78033 0.10518
0.43812 0.19703
0.88736 0.27994
0.35165 0.76193
0.80835 0.34976
0.51186 0.95572
0.04703 0.29496
0.11001 0.37412
0.57809 0.75475
0.36074 0.11873
0.06543 0.27612
0.90562 0.74656
0.95484 0.93957
0.20618 0.75651
0.18617 0.51927
0.69796 0.07444
0.73246 0.90906
0.86585 0.54898
0.33745 0.53565
0.14321 0.31505
0.48304 0.96321
0.67203 0.57984
0.66666 0.42311
0.20991 0.63366
0.52745 0.74814
0.40163 0.26058
0.00542 0.91235
0.25589 0.86239
0.63017 0.46433
0.77562 0.21931
0.76662 0.53620
0.01299 0.77628
0.83838 0.49877
0.65788 0.09548
0.18136 0.93735
0.32707 0.11443
0.79742 0.94182
0.17410 0.53970
0.14118 0.00294
0.76208 0.83545
0.61518 0.00467
0.65186 0.36283
0.66267 0.34971
0.40798 0.42561
0.08084 0.72415
0.96906 0.87781
0.01028 0.08202
0.92347 0.25771
0.89647 0.52538
0.09042 0.20313
0.84257 0.00305
0.36931 0.27626
0.81091 0.82813
0.96846 0.92191
0.39029 0.37354
0.55860 0.35689
0.34787 0.46760
0.94444 0.87761
0.34430 0.04288
0.18160 0.76894
0.70519 0.81260
0.65412 0.19678
0.24227 0.53197
0.55266 0.23251
0.70674 0.88594
0.27731 0.61843
0.27747 0.71109
0.29606 0.38726
0.71470 0.69702
0.62869 0.55181
0.86500 0.93000
0.05187 0.14128
0.29269 0.57280
0.69251 0.16927
0.38421 0.48257
0.40144 0.60661
0.26302 0.09813
0.87156 0.81228
0.59131 0.32965
0.06821 0.42069
0.10699 0.48379
0.14096 0.93722
0.21070 0.60028
0.45098 0.70037
0.34743 0.74880
0.70788 0.14393
0.28553 0.88089
0.12594 0.30472
0.20941 0.70753
0.33953 0.11450
0.56954 0.32810
0.50306 0.79191
0.69634 0.64699
0.70696 0.25668
0.49567 0.95899
0.07819 0.73323
0.76079 0.67231
0.51727 0.35330
0.15903 0.05385
0.84446 0.31125
0.53642 0.66548
0.14219 0.64592
0.10478 0.52799
0.38064 0.67141
0.25365 0.21365
0.19113 0.01373
0.62861 0.62733
0.20496 0.15489
0.55652 0.74316
0.68027 0.10496
0.17543 0.32582
0.73891 0.41937
0.93190 0.79603
0.22416 0.65924
0.42002 0.93341
0.22289 0.79799
0.43157 0.98984
0.99129 0.59256
0.57931 0.86046
0.43128 0.47457
0.84129 0.33075
0.52748 0.06468
0.99854 0.92351
0.00300 0.98213
0.85616 0.36202
0.28445 0.67555
0.06543 0.85355
0.37324 0.52314
0.88698 0.24592
0.63056 0.37971
0.56343 0.54549
0.62637 0.99635
0.43092 0.88509
0.45241 0.82124
0.99641 0.73419
0.28258 0.98708
0.31008 0.04790
0.56627 0.13951
0.22807 0.58930
0.07370 0.92877
0.23401 0.17736
0.17934 0.06007
