0.67737 0.77183
0.10994 0.30652
0.19833 0.17474
0.62214 0.56793
0.63202 0.93116
0.41707 0.61978
0.64434 0.36203
0.27925 0.50926
0.17590 0.56578
0.54786 0.19406
0.06913 0.15251
0.19297 0.42726
0.86429 0.72844
0.94078 0.60115
0.93187 0.97363
0.05622 0.93234
0.68242 0.20067
0.32686 0.36785
0.65561 0.60031
0.93966 0.23985
0.93826 0.20766
0.22414 0.36680
0.08555 0.16252
0.36986 0.33391
0.23401 0.72941
0.34753 0.31091
0.58728 0.21465
0.47696 0.63083
0.82662 0.47050
0.38415 0.84948
0.29620 0.84291
0.60796 0.17656
0.07302 0.90837
0.43524 0.81708
0.29418 0.05941
0.37049 0.87550
0.79380 0.79616
0.50177 0.56958
0.44340 0.11035
0.12081 0.08168
0.56712 0.11894
0.70244 0.22047
0.09319 0.38565
0.06889 0.69588
0.29066 0.57840
0.39758 0.23282
0.91874 0.95844
0.75914 0.61237
0.71802 0.72440
0.02992 0.40213
0.75964 0.28146
0.41183 0.54278
0.12330 0.15083
0.57046 0.97123
0.21065 0.21096
0.90450 0.93992
0.01019 0.41021
0.23459 0.24041
0.95941 0.00046
0.74580 0.37309
0.32353 0.23658
0.10840 0.24063
0.77475 0.84279
0.75200 0.11803
0.15856 0.73646
0.77805 0.47481
0.92157 0.60446
0.09693 0.44939
0.00754 0.12493
0.35772 0.25274
0.37663 0.28373
0.97929 0.30933
0.78276 0.47517
0.36503 0.90765
0.14021 0.57827
0.69859 0.03972
0.82213 0.20115
0.57766 0.91966
0.14789 0.17096
0.55449 0.96807
0.73936 0.07416
0.90450 0.15902
0.25095 0.62674
0.87074 0.83073
0.91471 0.39369
0.20285 0.36632
0.28856 0.17582
0.56784 0.57055
0.38762 0.50126
0.73828 0.98747
0.51246 0.14960
0.22816 0.42035
0.45541 0.65897
0.53424 0.46167
0.63600 0.85812
0.68434 0.55538
0.65988 0.66666
0.70236 0.81179
0.22319 0.42006
0.99555 0.57459
0.68917 0.71047
0.93385 0.01174
0.31265 0.85724
0.21812 0.40625
0.57339 0.83850
0.95365 0.41999
0.05778 0.88216
0.97443 0.31796
0.73039 0.27337
0.52067 0.50102
0.59545 0.13042
0.98918 0.47971
0.28012 0.48265
0.83481 0.29554
0.76731 0.08519
0.94401 0.15572
0.49154 0.42826
0.87669 0.91168
0.48691 0.35653
0.65819 0.01525
0.87362 0.82046
0.66452 0.41803
0.31671 0.38223
0.15616 0.25808
0.47907 0.60689
0.34838 0.58424
0.19608 0.59853
0.65667 0.47718
0.86284 0.52872
0.27482 0.58422
0.96083 0.10770
0.60402 0.29360
0.64664 0.09695
0.98228 0.17661
0.14351 0.58690
0.98505 0.01706
0.28335 0.95913
0.85112 0.55127
0.02775 0.87463
0.54852 0.52594
0.82346 0.23923
0.22176 0.97528
0.17008 0.05673
0.40033 0.01306
0.49998 0.28406
0.73821 0.25226
0.52524 0.96605
0.94730 0.63890
0.07870 0.50740
0.51982 0.00049
0.89438 0.72895
0.39352 0.46053
0.01697 0.88444
0.75990 0.32527
0.52378 0.77885
0.24828 0.12411
0.82967 0.61138
0.85871 0.10795
0.73275 0.88612
0.86125 0.43972
0.26635 0.20170
0.68484 0.06226
0.78825 0.64257
0.00642 0.86417
0.82271 0.25189
0.28191 0.24821
0.44331 0.44452
0.73377 0.07671
0.44505 0.86100
0.74824 0.62369
0.34444 0.02901
0.83303 0.05605
0.33033 0.57150
0.93697 0.47007
0.13398 0.20266
0.97196 0.35184
0.50964 0.75164
0.84362 0.96172
0.18762 0.91036
0.12119 0.17169
0.01997 0.56323
0.58238 0.36682
0.86914 0.90044
0.84305 0.31125
0.73567 0.35796
0.36384 0.76571
0.72043 0.91419
0.48909 0.95523
0.47069 0.62930
0.39860 0.46211
0.98721 0.61185
0.01450 0.48109
0.46389 0.53734
0.36197 0.72455
0.42588 0.43959
0.97649 0.11332
0.46261 0.95856
0.99226 0.30021
0.85419 0.97479
0.60202 0.95846
0.34950 0.26043
0.79945 0.55545
0.75732 0.03449
0.15818 0.34828
0.50305 0.81189
0.83014 0.64050
0.25826 0.95996
0.08918 0.98981
0.81742 0.04310
0.74472 0.17195
0.01449 0.11804
0.46041 0.96970
0.56006 0.06055
0.58623 0.76722
0.45250 0.50581
0.57935 0.88642
0.00911 0.58907
0.01991 0.24720
0.55273 0.54855
0.72623 0.48674
0.11293 0.37161
0.34503 0.10015
0.89408 0.75413
0.12402 0.98135
0.69253 0.97095
0.36679 0.52509
0.78456 0.28848
0.49755 0.71028
0.96035 0.49548
0.08505 0.56553
0.63473 0.42726
0.59749 0.21179
0.13014 0.77763
0.72473 0.65034
0.03325 0.47516
0.40262 0.27143
0.70965 0.81489
0.99831 0.27379
0.34740 0.22810
0.41930 0.95421
0.26623 0.47973
0.24304 0.94451
0.21874 0.13412
0.72105 0.91456
0.67298 0.17689
0.02547 0.50756
0.09483 0.96467
0.43541 0.86634
0.35986 0.37498
0.58616 0.53614
0.92187 0.17397
0.84177 0.92291
0.99490 0.70527
0.20709 0.95674
0.00489 0.61079
0.99368 0.91105
