0.66909 0.65748
0.03050 0.52497
0.78724 0.09020
0.18156 0.36094
0.85117 0.01857
0.60290 0.73996
0.39787 0.42113
0.55019 0.85757
0.32339 0.19622
0.49700 0.58063
0.58705 0.20570
0.62544 0.57457
0.71713 0.49931
0.15540 0.06442
0.45030 0.98419
0.67683 0.97028
0.63120 0.19752
0.08150 0.69180
0.70042 0.39350
0.01384 0.34428
0.67288 0.08307
0.49395 0.38952
0.57332 0.35043
0.09908 0.50156
0.29072 0.94140
0.15576 0.79926
0.20457 0.67929
0.20252 0.95476
0.69962 0.52098
0.55733 0.18264
0.99440 0.70449
0.02049 0.59114
0.31828 0.22569
0.64855 0.35865
0.91975 0.84774
0.46278 0.55867
0.79066 0.74197
0.73875 0.49193
0.83958 0.38995
0.50808 0.34413
0.95778 0.90505
0.42831 0.09753
0.29446 0.77073
0.72914 0.55097
0.58588 0.62707
0.17079 0.13201
0.77501 0.11796
0.27504 0.40289
0.83922 0.38898
0.79598 0.71991
0.40269 0.08362
0.88937 0.32117
0.27390 0.19813
0.95106 0.13119
0.21795 0.92529
0.75937 0.53185
0.43045 0.44166
0.35512 0.38980
0.50870 0.63284
0.74472 0.02986
0.88162 0.19142
0.76152 0.77418
0.85676 0.70419
0.94314 0.19261
0.18803 0.44897
0.56213 0.13082
0.15067 0.15856
0.47096 0.41678
0.40112 0.57479
0.27768 0.41421
0.59474 0.21944
0.26314 0.87997
0.78535 0.88998
0.65583 0.31028
0.46180 0.46318
0.32190 0.08856
0.14655 0.61260
0.07161 0.91224
0.55347 0.77893
0.01291 0.66818
0.95942 0.25775
0.65890 0.46556
0.41135 0.91810
0.82521 0.44258
0.40914 0.56274
0.83759 0.32860
0.21216 0.51929
0.99473 0.96863
0.66859 0.98274
0.22252 0.32521
0.08449 0.43094
0.66770 0.85442
0.83769 0.90969
0.51215 0.72819
0.69117 0.34245
0.46389 0.30937
0.09273 0.70674
0.36097 0.02556
0.96986 0.72035
0.75266 0.18349
0.27913 0.09383
0.79484 0.74836
0.97141 0.05044
0.88934 0.30349
0.98180 0.49525
0.99190 0.22019
0.06053 0.16081
0.41470 0.74022
0.23890 0.94707
0.18868 0.71425
0.37154 0.60505
0.78170 0.94782
0.67047 0.93301
0.08779 0.45368
0.00116 0.55648
0.32273 0.61304
0.76785 0.79999
0.75500 0.60445
0.74775 0.37018
0.30046 0.40961
0.60809 0.41384
0.24815 0.05421
0.36098 0.63571
0.82431 0.91758
0.90747 0.42844
0.29066 0.06374
0.24566 0.23776
0.00471 0.78761
0.07124 0.59171
0.86352 0.45333
0.47550 0.71806
0.10145 0.87419
0.31911 0.88891
0.65402 0.40592
0.37196 0.87041
0.63536 0.49414
0.50248 0.63053
0.87976 0.48711
0.49005 0.97985
0.36603 0.52782
0.38597 0.37293
0.24909 0.70401
0.28608 0.56589
0.11522 0.62721
0.78092 0.15956
0.91461 0.79630
0.51213 0.09469
0.80892 0.46945
0.96155 0.47057
0.07648 0.48217
0.28628 0.88005
0.39293 0.34644
0.44698 0.10557
0.10073 0.15373
0.62711 0.14315
0.68857 0.10078
0.05784 0.99400
0.68322 0.07987
0.11603 0.53371
0.00869 0.85200
0.98547 0.93039
0.55322 0.37138
0.62615 0.15802
0.09107 0.06258
0.28063 0.95201
0.35400 0.10912
0.97805 0.14913
0.91843 0.43969
0.51574 0.94445
0.14137 0.16221
0.82799 0.72935
0.74200 0.03688
0.38968 0.63403
0.88901 0.99798
0.41149 0.56754
0.42427 0.47003
0.28473 0.67689
0.63964 0.97974
0.78834 0.50630
0.55567 0.79019
0.62080 0.25976
0.25942 0.35975
0.11850 0.42306
0.81334 0.07016
0.49779 0.80599
0.99032 0.48022
0.21069 0.68707
0.00701 0.06988
0.07796 0.66409
0.07876 0.22628
0.14979 0.93384
0.77452 0.91990
0.83568 0.43378
0.65509 0.34446
0.88462 0.19588
0.59922 0.72250
0.71304 0.67883
0.16910 0.83893
0.18383 0.56863
0.57669 0.84529
0.15871 0.23229
0.04631 0.25448
0.53046 0.32671
0.32584 0.51698
0.60670 0.71237
0.97303 0.51694
0.37363 0.72452
0.69917 0.48084
0.43241 0.76094
0.42482 0.21230
0.82451 0.25618
0.56729 0.48353
0.82832 0.23146
0.57561 0.71510
0.99195 0.48335
0.49866 0.79109
0.25112 0.19137
0.85974 0.27502
0.88128 0.58062
0.17772 0.09053
0.59191 0.14726
0.57920 0.64810
0.25445 0.82517
0.92920 0.64509
0.23228 0.53198
0.76015 0.67362
0.86887 0.12786
0.75205 0.69803
0.77718 0.96479
0.47878 0.68847
0.59239 0.55578
0.19132 0.94390
0.90645 0.66209
0.84632 0.50662
0.83641 0.39105
0.77170 0.89191
0.26568 0.58533
0.84927 0.31086
0.51531 0.85335
0.35177 0.93262
0.02514 0.53435
0.22714 0.80200
0.41143 0.06300
0.47025 0.14211
0.43241 0.29102
0.70354 0.51158
0.60782 0.85534
0.31971 0.88638
0.39007 0.39171
0.03601 0.18410
0.67344 0.09551
0.94260 0.19663
0.30569 0.64234
0.00452 0.92559
0.25126 0.95128
0.04848 0.52438
