0.54038 0.05588
0.93671 0.76577
0.93900 0.26616
0.03955 0.89826
0.47320 0.34603
0.93706 0.37053
0.58038 0.84797
0.69275 0.16761
0.70013 0.74282
0.34039 0.75521
0.21895 0.33802
0.37646 0.26451
0.70678 0.28880
0.70255 0.09751
0.53223 0.79215
0.12823 0.38819
0.58716 0.44289
0.95140 0.45503
0.21731 0.57928
0.28034 0.41256
0.48510 0.35823
0.58795 0.34603
0.05992 0.86114
0.48063 0.97508
0.82455 0.90747
0.74534 0.98069
0.30047 0.08457
0.48315 0.21785
0.73624 0.25144
0.17178 0.86607
0.23814 0.06495
0.42650 0.01128
0.77186 0.44729
0.39872 0.15432
0.90608 0.86946
0.43931 0.76786
0.26512 0.85298
0.04970 0.71188
0.56987 0.78120
0.01059 0.50329
0.07258 0.00948
0.35557 0.94991
0.49427 0.69980
0.72306 0.74969
0.56370 0.39395
0.76235 0.41872
0.64839 0.27832
0.62933 0.52769
0.73812 0.06558
0.91914 0.02275
0.90128 0.40067
0.90540 0.74345
0.21986 0.54835
0.29462 0.01293
0.86037 0.25292
0.63408 0.01109
0.39760 0.65635
0.86380 0.73648
0.44953 0.72918
0.62949 0.98405
0.54314 0.21083
0.06220 0.04802
0.61351 0.45632
0.74209 0.44732
0.65914 0.09574
0.65255 0.17001
0.38276 0.11720
0.83235 0.11757
0.65943 0.03193
0.95154 0.28417
0.66921 0.40850
0.83275 0.33577
0.37847 0.71778
0.10495 0.25042
0.31887 0.78728
0.90224 0.68808
0.28463 0.13159
0.31264 0.65909
0.50774 0.57376
0.98260 0.86799
0.62345 0.31147
0.19114 0.18006
0.33863 0.55086
0.94407 0.05593
0.94955 0.63750
0.97602 0.48168
0.64565 0.28981
0.65117 0.26383
0.76471 0.49499
0.36022 0.49956
0.81437 0.90059
0.18796 0.41282
0.77885 0.66932
0.62510 0.79715
0.08580 0.26156
0.97081 0.96159
0.78273 0.27921
0.01392 0.45339
0.09140 0.13952
0.36265 0.52382
0.45108 0.46810
0.11203 0.21814
0.86865 0.05452
0.40289 0.37455
0.32573 0.04513
0.65215 0.52092
0.35434 0.88713
0.49949 0.34502
0.36505 0.79913
0.94892 0.63661
0.34991 0.92301
0.19249 0.02968
0.03145 0.65198
0.63755 0.76778
0.17686 0.69995
0.20049 0.98757
0.75322 0.34377
0.35564 0.87245
0.51604 0.22427
0.81890 0.61582
0.34323 0.69499
0.14245 0.52587
0.15032 0.32038
0.54270 0.25939
0.35206 0.95018
0.74160 0.77127
0.26989 0.90742
0.76336 0.74178
0.61609 0.79372
0.62478 0.16126
0.12292 0.99768
0.01297 0.82938
0.05132 0.21263
0.67620 0.31430
0.41721 0.70927
0.44146 0.06905
0.05631 0.34592
0.79590 0.98653
0.49152 0.95057
0.13398 0.89289
0.47641 0.20841
0.26579 0.69261
0.75791 0.83002
0.54145 0.56181
0.59385 0.61763
0.80350 0.29593
0.40366 0.09353
0.50710 0.62568
0.81566 0.91188
0.71678 0.97262
0.31740 0.30427
0.91676 0.36326
0.86300 0.66353
0.22740 0.76857
0.19512 0.14971
0.03854 0.66394
0.86499 0.30329
0.78141 0.05509
0.16812 0.33395
0.55479 0.86030
0.85428 0.94001
0.38118 0.90377
0.82454 0.12295
0.63872 0.48000
0.79580 0.15316
0.21046 0.93393
0.05248 0.91652
0.16685 0.88688
0.64421 0.14589
0.45561 0.41907
0.35830 0.94453
0.61052 0.63995
0.15427 0.62509
0.33765 0.89211
0.04849 0.03398
0.69546 0.51139
0.02334 0.66527
0.51919 0.42170
0.61560 0.01279
0.60602 0.40428
0.28786 0.65756
0.71179 0.67360
0.02677 0.65562
0.81542 0.11300
0.75877 0.58283
0.97203 0.57461
0.59769 0.61938
0.89319 0.95072
0.51658 0.21962
0.74362 0.32092
0.20002 0.06536
0.95960 0.90081
0.83383 0.38723
0.12853 0.96064
0.46081 0.40429
0.00442 0.15752
0.38959 0.64840
0.26696 0.97189
0.09820 0.37702
0.19405 0.87541
0.01300 0.90511
0.24026 0.73619
0.13914 0.97571
0.32952 0.42348
0.33339 0.96252
0.20475 0.09327
0.80150 0.65428
0.48619 0.09379
0.28024 0.60934
0.57408 0.50042
0.91829 0.53715
0.96768 0.33365
0.98389 0.27856
0.25710 0.62268
0.38337 0.84052
0.94404 0.54637
0.74821 0.97638
0.40917 0.64924
0.74237 0.62078
0.50209 0.53843
0.97115 0.60888
0.53077 0.85595
0.18066 0.66014
0.50204 0.89036
0.86546 0.15308
0.27392 0.80687
0.99675 0.91974
0.91846 0.44219
0.77145 0.23419
0.71596 0.22697
0.70174 0.88448
0.28274 0.56288
0.78924 0.53873
0.89992 0.63571
0.73406 0.05094
0.27817 0.84184
0.76882 0.81522
0.44443 0.24191
0.42757 0.45055
0.84669 0.14302
0.66864 0.57985
0.63811 0.73613
0.59424 0.97469
0.21210 0.58108
0.44300 0.77098
0.58939 0.48992
0.27918 0.64317
0.22266 0.30222
0.71569 0.62353
0.15609 0.53644
0.69217 0.77434
0.67099 0.58493
0.65491 0.86965
0.46369 0.30011
0.07235 0.11554
0.35573 0.39223
