0.44591 0.62298
0.76458 0.68001
0.77031 0.10708
0.06432 0.15604
0.66828 0.67903
0.15499 0.04309
0.60639 0.76223
0.89051 0.19181
0.54606 0.21413
0.99239 0.57700
0.65819 0.76876
0.21373 0.09419
0.83931 0.65442
0.57792 0.81410
0.48637 0.27366
0.26150 0.89438
0.49041 0.04537
0.74088 0.96534
0.70081 0.60156
0.97842 0.11578
0.30895 0.50428
0.96831 0.19774
0.28726 0.49561
0.88328 0.02925
0.14143 0.87001
0.83334 0.60989
0.35597 0.52541
0.77636 0.70534
0.74715 0.39966
0.65696 0.80539
0.85112 0.25888
0.10921 0.86389
0.20007 0.23190
0.09542 0.70903
0.99466 0.04604
0.70525 0.93913
0.89179 0.71815
0.05368 0.95243
0.83691 0.06318
0.96372 0.73949
0.98929 0.98367
0.34508 0.63779
0.44804 0.10599
0.35087 0.37820
0.70885 0.71020
0.23680 0.53388
0.53929 0.31706
0.28871 0.66915
0.55619 0.28175
0.23544 0.83686
0.70153 0.48562
0.12464 0.56175
0.27350 0.87188
0.14473 0.91611
0.77628 0.68271
0.82769 0.86624
0.65434 0.58453
0.22841 0.79799
0.68314 0.85935
0.61476 0.11708
0.60821 0.89878
0.05104 0.82410
0.11772 0.49575
0.21623 0.25776
0.02130 0.16768
0.45378 0.14390
0.22311 0.57117
0.28073 0.91472
0.16394 0.70954
0.60041 0.12042
0.00572 0.68988
0.17717 0.98925
0.88475 0.29009
0.75264 0.65801
0.85192 0.43535
0.10060 0.06210
0.88747 0.58528
0.63548 0.93074
0.98563 0.49026
0.83413 0.09118
0.98961 0.80788
0.97653 0.37649
0.29113 0.47923
0.05032 0.15830
0.49069 0.11132
0.26858 0.50596
0.08004 0.14342
0.39888 0.62961
0.65588 0.13877
0.20648 0.98408
0.96850 0.52845
0.44597 0.77348
0.91696 0.24587
0.42307 0.44391
0.64181 0.05138
0.48570 0.86746
0.73528 0.96144
0.23486 0.96450
0.87099 0.88730
0.97928 0.76838
0.97403 0.00309
0.06440 0.54814
0.97367 0.98870
0.95479 0.57819
0.26776 0.51787
0.83997 0.73566
0.95541 0.68890
0.39403 0.50320
0.42547 0.68032
0.63200 0.73120
0.78051 0.22640
0.19237 0.07505
0.05742 0.71080
0.97103 0.80099
0.33375 0.16700
0.72727 0.49525
0.43400 0.45499
0.73355 0.05197
0.06068 0.93058
0.70553 0.54699
0.13761 0.89879
0.87173 0.19803
0.18396 0.28435
0.74915 0.45564
0.85591 0.87545
0.76092 0.09866
0.08947 0.94689
0.34058 0.15064
0.95918 0.75688
0.67991 0.00333
0.02286 0.12995
0.54416 0.31771
0.25776 0.80258
0.54484 0.02384
0.09782 0.52742
0.16514 0.47215
0.77074 0.20213
0.69925 0.50977
0.75035 0.46149
0.56238 0.05420
0.70332 0.98264
0.67716 0.07289
0.23698 0.29457
0.40215 0.73624
0.92100 0.26725
0.98256 0.25911
0.73446 0.10327
0.56219 0.86304
0.46915 0.62584
0.87148 0.00446
0.48799 0.27347
0.06046 0.68108
0.29606 0.86460
0.71828 0.56192
0.93286 0.15213
0.83998 0.03740
0.92285 0.95739
0.66727 0.20000
0.09937 0.85262
0.22986 0.77047
0.14533 0.45248
0.55165 0.63535
0.41159 0.22925
0.19028 0.61012
0.74953 0.45227
0.41019 0.75583
0.17462 0.37857
0.79689 0.10936
0.10635 0.71152
0.25167 0.22359
0.11573 0.29282
0.54021 0.31079
0.38159 0.34269
0.54318 0.16118
0.52083 0.68507
0.97004 0.84673
0.20833 0.47365
0.95420 0.49657
0.48654 0.76514
0.73092 0.20849
0.01179 0.63209
0.72118 0.16054
0.27463 0.29248
0.89674 0.48327
0.46885 0.75940
0.54556 0.19489
0.94387 0.00957
0.92295 0.71556
0.84701 0.09744
0.88518 0.91612
0.57188 0.26254
0.23704 0.61477
0.03337 0.91553
0.97949 0.20275
0.69470 0.13728
0.60592 0.75267
0.75079 0.69528
0.05774 0.30873
0.45356 0.04727
0.29417 0.25606
0.01992 0.27806
0.35747 0.16785
0.25185 0.95542
0.53745 0.80728
0.67577 0.29225
0.82578 0.73722
0.67818 0.03408
0.24798 0.59001
0.73098 0.96139
0.82174 0.06059
0.04919 0.34363
0.08169 0.03713
0.94220 0.55553
0.42730 0.15958
0.18987 0.33151
0.45784 0.06935
0.20469 0.74121
0.70281 0.26686
0.82938 0.80939
0.23805 0.17591
0.12049 0.46137
0.15199 0.32446
0.69366 0.32572
0.76289 0.64023
0.78455 0.60824
0.04425 0.43234
0.50653 0.24708
0.29238 0.03613
0.08294 0.09975
0.13539 0.75133
0.22045 0.63005
0.87174 0.61646
0.76993 0.08089
0.24556 0.32838
0.24048 0.42820
0.63187 0.28906
0.67782 0.57498
0.39133 0.72883
0.33120 0.19088
0.77762 0.26889
0.42465 0.68905
0.37590 0.38450
0.58309 0.18464
0.64448 0.27478
0.14730 0.01538
0.17745 0.02622
0.01607 0.48343
0.54588 0.71336
0.58106 0.54004
0.69182 0.15039
0.15360 0.47838
0.53421 0.35350
0.00494 0.80169
0.66490 0.68026
0.37388 0.03729
0.94042 0.31908
