0.28264 0.46923
0.31241 0.22790
0.57026 0.20868
0.55736 0.55981
0.24776 0.17315
0.44084 0.98206
0.86933 0.11044
0.66370 0.26182
0.87455 0.65934
0.42451 0.29170
0.61583 0.38504
0.75903 0.14060
0.22271 0.16711
0.29096 0.62264
0.75054 0.99220
0.24067 0.90181
0.08447 0.71152
0.53727 0.33384
0.81492 0.05848
0.24560 0.77298
0.03767 0.33562
0.25492 0.61979
0.57177 0.44568
0.59348 0.29674
0.15684 0.29088
0.20934 0.60164
0.23311 0.24049
0.35874 0.81467
0.22311 0.05838
0.41482 0.96134
0.24524 0.78260
0.61356 0.50408
0.33536 0.10787
0.31168 0.20148
0.49825 0.63899
0.66531 0.98969
0.56996 0.17681
0.79224 0.02664
0.84806 0.51728
0.70877 0.56937
0.11193 0.12514
0.52132 0.13634
0.32340 0.86963
0.70443 0.75683
0.79166 0.60062
0.47269 0.85552
0.28964 0.63165
0.39244 0.63610
0.16400 0.09101
0.23703 0.08262
0.80574 0.01151
0.80995 0.69800
0.90317 0.62124
0.68123 0.62565
0.22281 0.61351
0.16252 0.94443
0.70193 0.22656
0.34755 0.87795
0.44139 0.59898
0.87916 0.26881
0.04391 0.91483
0.87400 0.53642
0.27322 0.00827
0.35512 0.10383
0.22361 0.98788
0.06543 0.21836
0.91426 0.39859
0.29971 0.32480
0.67131 0.14062
0.06925 0.61325
0.57928 0.92095
0.92401 0.81380
0.78670 0.89639
0.77317 0.55767
0.16387 0.40180
0.59708 0.94512
0.26636 0.15695
0.37976 0.18656
0.89684 0.76152
0.19277 0.78675
0.40875 0.48140
0.68083 0.67582
0.14811 0.86020
0.01710 0.28104
0.40149 0.62465
0.35481 0.13325
0.79835 0.90875
0.11852 0.07541
0.63082 0.32281
0.67836 0.35192
0.03208 0.69169
0.79530 0.81197
0.48670 0.10997
0.46176 0.27172
0.86739 0.03826
0.77875 0.71599
0.64739 0.18357
0.60707 0.36429
0.01849 0.19053
0.53888 0.90492
0.17652 0.45769
0.53785 0.62665
0.82336 0.83859
0.81062 0.84647
0.88928 0.18672
0.35997 0.84637
0.62710 0.43294
0.74130 0.46247
0.92351 0.43242
0.53787 0.22630
0.08112 0.02688
0.96476 0.81847
0.90227 0.56437
0.76032 0.24310
0.24212 0.57504
0.24419 0.20113
0.85192 0.14551
0.53870 0.18116
0.53147 0.45430
0.18477 0.48738
0.31035 0.57183
0.71655 0.97137
0.66814 0.23765
0.69518 0.88640
0.04806 0.72600
0.43188 0.32884
0.07360 0.46842
0.48066 0.15586
0.05970 0.96186
0.05743 0.47321
0.77408 0.70233
0.63751 0.85110
0.98403 0.33561
0.57571 0.17427
0.61071 0.38525
0.73938 0.84352
0.66314 0.22989
0.97857 0.21090
0.25367 0.50823
0.73917 0.56677
0.08409 0.48884
0.46518 0.03407
0.75745 0.09531
0.14657 0.46937
0.72902 0.19201
0.44473 0.07234
0.95582 0.08676
0.28020 0.78763
0.34657 0.74567
0.63433 0.32121
0.25811 0.63225
0.38244 0.51126
0.29713 0.50486
0.07624 0.78821
0.96789 0.21835
0.10129 0.51428
0.97418 0.69723
0.27260 0.17545
0.78828 0.64698
0.75482 0.55974
0.58720 0.14970
0.11032 0.41745
0.94293 0.43369
0.93776 0.03711
0.16970 0.19588
0.91626 0.48789
0.71876 0.43181
0.67761 0.18673
0.46896 0.69847
0.84219 0.95098
0.27250 0.54256
0.11821 0.25572
0.48187 0.65239
0.52328 0.32664
0.63442 0.86034
0.42401 0.27411
0.69609 0.99684
0.62862 0.87625
0.22514 0.45047
0.71712 0.31066
0.56790 0.82760
0.68385 0.11181
0.60937 0.92963
0.77091 0.23691
0.72045 0.10995
0.95825 0.29936
0.34627 0.40801
0.50501 0.04752
0.53777 0.27727
0.35465 0.45055
0.74614 0.61425
0.28936 0.31344
0.82701 0.92428
0.45384 0.64568
0.11054 0.65067
0.52289 0.07637
0.69942 0.61017
0.18659 0.17440
0.61615 0.07341
0.61376 0.77527
0.09609 0.95335
0.38480 0.34041
0.71304 0.40355
0.69225 0.88316
0.66200 0.48625
0.47525 0.55274
0.88083 0.35772
0.83838 0.24504
0.54205 0.42121
0.19378 0.57855
0.94576 0.97473
0.23630 0.86672
0.02784 0.81075
0.63172 0.83887
0.21870 0.32460
0.03671 0.18210
0.26520 0.49842
0.57533 0.88043
0.50826 0.56831
0.70867 0.43305
0.15790 0.24081
0.28196 0.46346
0.37061 0.82920
0.49523 0.47070
0.03914 0.75176
0.24823 0.76834
0.88658 0.76002
0.96917 0.90392
0.21193 0.06005
0.57168 0.29554
0.06591 0.72039
0.85457 0.16724
0.87483 0.58096
0.10188 0.18611
0.75176 0.98177
0.43322 0.15292
0.41531 0.47177
0.18268 0.11066
0.04470 0.06838
0.63997 0.84445
0.87305 0.95328
0.45871 0.99934
0.28552 0.30440
0.40514 0.88316
0.67458 0.43717
0.64170 0.88601
0.72186 0.09709
0.44508 0.28166
0.49066 0.33019
0.66580 0.75990
0.31526 0.40315
0.93153 0.34732
0.87545 0.38787
0.22623 0.78801
0.30982 0.14902
0.33645 0.93435
