0.34025 0.80291
0.41054 0.66333
0.67139 0.02386
0.32456 0.83528
0.36561 0.80694
0.12263 0.18080
0.58557 0.17589
0.97988 0.39593
0.94998 0.66474
0.49143 0.77177
0.90363 0.20262
0.83794 0.93896
0.97930 0.76459
0.34190 0.79677
0.42689 0.12603
0.53954 0.11388
0.73339 0.12314
0.24953 0.64244
0.14426 0.63769
0.44613 0.99535
0.31828 0.98552
0.68445 0.46671
0.90164 0.84421
0.39754 0.65786
0.64431 0.82997
0.18687 0.88092
0.35406 0.87706
0.37612 0.76308
0.54492 0.61667
0.02120 0.68447
0.37730 0.15302
0.67108 0.31575
0.23781 0.59967
0.30734 0.24026
0.96567 0.51954
0.77589 0.27013
0.93229 0.60982
0.45160 0.12718
0.58370 0.72899
0.62132 0.08551
0.69302 0.56013
0.72044 0.88244
0.78602 0.74464
0.20140 0.23780
0.71236 0.51873
0.79546 0.04121
0.86954 0.58638
0.67023 0.79501
0.78690 0.14469
0.64868 0.25965
0.23475 0.56470
0.29904 0.01565
0.33898 0.12011
0.20001 0.67244
0.88644 0.96107
0.02414 0.14048
0.72791 0.96177
0.76519 0.88336
0.52879 0.28204
0.98146 0.22729
0.91595 0.73496
0.25113 0.13059
0.78466 0.84402
0.85665 0.08065
0.19536 0.07738
0.06970 0.45915
0.01228 0.07851
0.95770 0.74578
0.38718 0.61995
0.98329 0.61882
0.60104 0.50146
0.66616 0.19190
0.56068 0.71946
0.42375 0.49670
0.65497 0.54800
0.25373 0.36091
0.44529 0.02073
0.84395 0.01465
0.85614 0.25925
0.99661 0.17488
0.27031 0.18811
0.46316 0.18510
0.58154 0.19699
0.53082 0.99477
0.85661 0.73103
0.79049 0.28764
0.47619 0.11381
0.91659 0.60451
0.81192 0.71384
0.70660 0.79330
0.30432 0.49265
0.34667 0.80194
0.73231 0.91256
0.16614 0.30611
0.76220 0.40165
0.84301 0.56275
0.40361 0.95839
0.14093 0.87376
0.74982 0.49300
0.41509 0.01343
0.35683 0.18794
0.77489 0.80185
0.43465 0.94543
0.79686 0.13325
0.50992 0.66580
0.09450 0.05439
0.13373 0.54277
0.05448 0.04607
0.85159 0.27087
0.83593 0.88523
0.70271 0.97126
0.90557 0.10074
0.66746 0.84932
0.66422 0.43102
0.53570 0.90659
0.32268 0.82493
0.12133 0.98858
0.89344 0.66380
0.43968 0.09937
0.01745 0.49218
0.15545 0.76801
0.50676 0.81881
0.93352 0.23670
0.26727 0.26703
0.20203 0.84893
0.99594 0.06335
0.26657 0.46360
0.99323 0.61389
0.69819 0.63530
0.03414 0.78366
0.04773 0.71507
0.15772 0.87352
0.84248 0.16885
0.08442 0.80739
0.00771 0.85806
0.72963 0.31828
0.98618 0.53897
0.55269 0.41259
0.90259 0.51251
0.89820 0.15737
0.30006 0.17525
0.60490 0.36556
0.14741 0.54375
0.87943 0.66598
0.81335 0.30968
0.47034 0.76773
0.02682 0.54088
0.52409 0.98670
0.73063 0.78117
0.99728 0.66357
0.37286 0.77585
0.60649 0.43305
0.68346 0.98242
0.60817 0.39906
0.06790 0.78921
0.96127 0.23725
0.24444 0.98221
0.81320 0.81154
0.33661 0.12125
0.93105 0.23888
0.98084 0.90598
0.47879 0.34364
0.31716 0.26644
0.38115 0.39285
0.37364 0.76386
0.81567 0.33801
0.49903 0.83083
0.39139 0.68006
0.63857 0.33226
0.66915 0.99194
0.67505 0.27285
0.47548 0.44370
0.63543 0.55813
0.57148 0.10742
0.98706 0.76329
0.51006 0.44658
0.56473 0.19626
0.86935 0.05714
0.13447 0.72934
0.24428 0.57263
0.67783 0.54382
0.04263 0.75214
0.39709 0.98945
0.28279 0.53829
0.51779 0.54598
0.07472 0.07584
0.86995 0.37133
0.28947 0.80789
0.17293 0.59907
0.49839 0.31678
0.50229 0.02139
0.80803 0.49959
0.58728 0.46456
0.17824 0.01519
0.09909 0.92775
0.71443 0.26143
0.29208 0.75901
0.47135 0.52249
0.61365 0.78860
0.52578 0.24352
0.58169 0.13016
0.50811 0.65873
0.11641 0.51823
0.33129 0.58119
0.77319 0.71121
0.98570 0.60748
0.91099 0.14370
0.69153 0.08097
0.35927 0.72958
0.25458 0.21308
0.79306 0.62773
0.77370 0.02275
0.30408 0.73238
0.89683 0.18655
0.31488 0.49855
0.11952 0.64916
0.99962 0.25653
0.76935 0.32989
0.68078 0.42599
0.90365 0.64564
0.37614 0.34705
0.87938 0.86186
0.13443 0.71870
0.30381 0.45836
0.86084 0.84566
0.99761 0.65783
0.45693 0.41083
0.69041 0.33450
0.70665 0.44088
0.15843 0.46453
0.07053 0.35637
0.08408 0.14466
0.83711 0.60686
0.73196 0.52411
0.73649 0.03851
0.70834 0.29391
0.58170 0.41572
0.12780 0.21682
0.25918 0.40102
0.87763 0.91160
0.96906 0.77974
0.27960 0.08040
0.57170 0.50180
0.07367 0.01053
0.65930 0.15353
0.58508 0.11506
0.88783 0.85130
0.25115 0.93398
0.75617 0.85676
0.04298 0.85963
0.22190 0.88617
0.56834 0.57528
0.98017 0.36698
0.08637 0.64126
0.24712 0.09845
0.38771 0.94557
