0.91868 0.35638
0.38354 0.01108
0.94412 0.39354
0.66698 0.57796
0.26863 0.16708
0.33999 0.89260
0.22195 0.27516
0.83588 0.66776
0.59736 0.59357
0.89929 0.93899
0.35191 0.53063
0.63408 0.61489
0.46371 0.33518
0.16453 0.52782
0.27503 0.22493
0.07051 0.71054
0.93967 0.49481
0.76268 0.82980
0.06433 0.63934
0.50953 0.79216
0.43645 0.57249
0.30399 0.92184
0.81991 0.08745
0.66882 0.49890
0.40612 0.50590
0.48204 0.16297
0.24231 0.97520
0.04167 0.39672
0.61735 0.36757
0.36125 0.93224
0.63721 0.53825
0.21717 0.75008
0.26958 0.37072
0.25588 0.56150
0.58099 0.20436
0.62097 0.63115
0.45894 0.06101
0.02022 0.42654
0.62345 0.86840
0.24568 0.47252
0.75349 0.89210
0.19968 0.95775
0.43500 0.31982
0.32244 0.22477
0.08829 0.41501
0.82461 0.39344
0.75365 0.72611
0.37864 0.46050
0.28257 0.25930
0.92762 0.45447
0.98822 0.88766
0.51120 0.71415
0.79641 0.89474
0.57753 0.85696
0.32663 0.80932
0.13063 0.15123
0.06875 0.86848
0.96705 0.38108
0.64359 0.46441
0.20820 0.80121
0.96111 0.32396
0.66744 0.07545
0.09780 0.85713
0.03792 0.42636
0.83474 0.88130
0.60221 0.51858
0.66370 0.52913
0.16368 0.43086
0.31678 0.13355
0.96593 0.44126
0.92132 0.20971
0.34888 0.02547
0.04846 0.94267
0.00038 0.07326
0.76267 0.84313
0.01188 0.38700
0.20792 0.95907
0.04726 0.43648
0.01119 0.75073
0.05230 0.47122
0.27615 0.30357
0.76089 0.01562
0.77303 0.66523
0.21351 0.75252
0.59445 0.68213
0.50402 0.85292
0.90994 0.52761
0.65111 0.39805
0.13871 0.40165
0.37324 0.44785
0.59368 0.62685
0.48492 0.00329
0.56524 0.83965
0.10411 0.08162
0.22148 0.94492
0.19429 0.74967
0.75763 0.33174
0.89082 0.20233
0.51381 0.65152
0.80382 0.28127
0.47493 0.10268
0.40975 0.63568
0.93494 0.80276
0.42927 0.99798
0.00828 0.50241
0.05502 0.52560
0.34670 0.83714
0.18724 0.06075
0.37059 0.57875
0.27572 0.93541
0.92890 0.62852
0.48535 0.95058
0.90845 0.49944
0.20556 0.86002
0.89440 0.43206
0.29773 0.35371
0.54645 0.90108
0.54393 0.45441
0.15602 0.10156
0.31604 0.55629
0.40526 0.23754
0.82065 0.54734
0.82305 0.34161
0.97884 0.45406
0.59591 0.58671
0.24124 0.65200
0.80587 0.74249
0.36584 0.01293
0.54301 0.56630
0.89123 0.00214
0.70017 0.98569
0.51238 0.33816
0.36109 0.09322
0.26853 0.88402
0.32127 0.34942
0.73908 0.27244
0.60937 0.60239
0.95274 0.45756
0.34360 0.03582
0.45217 0.65293
0.34506 0.35096
0.24055 0.33121
0.21373 0.96972
0.73379 0.27297
0.62155 0.84409
0.04869 0.28286
0.58818 0.28802
0.60041 0.65688
0.35794 0.59979
0.29784 0.80149
0.27698 0.30935
0.98273 0.11951
0.53511 0.10289
0.98569 0.27242
0.78444 0.92521
0.57580 0.28069
0.09771 0.22372
0.78553 0.34410
0.11086 0.23404
0.19437 0.77254
0.87316 0.55152
0.81809 0.55372
0.75102 0.45741
0.83544 0.95795
0.77313 0.93779
0.02219 0.64686
0.74478 0.85627
0.46975 0.25599
0.07094 0.27842
0.37210 0.28739
0.98812 0.46230
0.37945 0.49649
0.29591 0.90019
0.42238 0.67286
0.08565 0.17169
0.53306 0.30723
0.79834 0.70149
0.55595 0.95539
0.55804 0.24144
0.88994 0.65130
0.44622 0.14247
0.62381 0.28403
0.73422 0.23298
0.15296 0.38161
0.54031 0.54657
0.69319 0.94632
0.34631 0.42930
0.07426 0.25126
0.05830 0.58972
0.39163 0.75268
0.64040 0.24710
0.33692 0.17853
0.91952 0.17214
0.89974 0.02885
0.55731 0.06369
0.39763 0.81599
0.67492 0.91868
0.57824 0.56280
0.95456 0.93844
0.02821 0.49187
0.08299 0.14277
0.57301 0.80204
0.27975 0.88643
0.55009 0.25459
0.06210 0.54726
0.55299 0.17832
0.08354 0.24694
0.75332 0.64042
0.44673 0.97319
0.08590 0.54970
0.90528 0.60101
0.56150 0.12815
0.48796 0.79545
0.54629 0.48617
0.76326 0.38773
0.93763 0.08995
0.36754 0.86905
0.58821 0.19674
0.67661 0.71326
0.42243 0.49352
0.05353 0.33876
0.20505 0.11388
0.02415 0.95085
0.91878 0.28756
0.38291 0.61994
0.53453 0.79193
0.76292 0.22842
0.79915 0.83814
0.75925 0.08276
0.71959 0.63624
0.70126 0.18286
0.62386 0.76202
0.21642 0.75340
0.13963 0.38537
0.01196 0.96993
0.72720 0.32636
0.30169 0.99725
0.00943 0.30964
0.78945 0.89402
0.07267 0.82527
0.20802 0.99488
0.96154 0.05108
0.76868 0.92656
0.93537 0.68406
0.76343 0.43397
0.73748 0.89900
0.31643 0.98416
0.90285 0.93003
0.18218 0.46065
0.63700 0.70237
0.75072 0.97765
0.01613 0.01106
0.84179 0.03731
0.11808 0.60815
0.22370 0.27487
0.99831 0.71712
