0.90139 0.30957
0.68132 0.22420
0.99743 0.20322
0.11616 0.99219
0.41349 0.52532
0.93279 0.33432
0.94035 0.37681
0.18264 0.01835
0.51161 0.59441
0.34733 0.40006
0.70873 0.16853
0.90746 0.03093
0.33225 0.23178
0.87715 0.34183
0.62472 0.74317
0.94501 0.92911
0.91826 0.35088
0.25145 0.01239
0.36811 0.75739
0.50132 0.82151
0.28766 0.52328
0.64369 0.71498
0.88999 0.75086
0.80464 0.32302
0.95625 0.94335
0.52556 0.27651
0.01165 0.19710
0.06062 0.75830
0.76865 0.78614
0.01074 0.20779
0.73493 0.16881
0.48953 0.56105
0.39885 0.84263
0.54809 0.86216
0.71772 0.75681
0.97937 0.23112
0.44330 0.30284
0.97217 0.73086
0.88598 0.78878
0.20064 0.10539
0.49935 0.70308
0.54870 0.35182
0.52556 0.67926
0.36405 0.23527
0.88089 0.11379
0.55646 0.07961
0.69259 0.45766
0.35878 0.45779
0.12205 0.29704
0.64382 0.10894
0.51495 0.14649
0.68050 0.97022
0.53140 0.12558
0.62220 0.71373
0.00368 0.26752
0.79370 0.84665
0.20818 0.69742
0.72010 0.79969
0.27279 0.75082
0.65704 0.33468
0.26352 0.53794
0.88700 0.54156
0.06798 0.74554
0.14224 0.88328
0.13694 0.91060
0.26550 0.79910
0.45945 0.20528
0.13989 0.25554
0.41094 0.99106
0.12401 0.12230
0.77349 0.91739
0.22516 0.78197
0.81142 0.28559
0.28559 0.95106
0.52088 0.39788
0.08177 0.21564
0.34033 0.96840
0.95953 0.80072
0.01893 0.69151
0.47238 0.27235
0.93737 0.86289
0.69631 0.33851
0.72406 0.48097
0.95197 0.67688
0.68740 0.54234
0.56613 0.23170
0.71704 0.04135
0.16722 0.55028
0.61418 0.94684
0.80712 0.94226
0.10911 0.25365
0.92755 0.35377
0.67331 0.52656
0.29588 0.46265
0.10458 0.82798
0.27612 0.84626
0.98833 0.95895
0.29333 0.08037
0.33879 0.46228
0.28390 0.42850
0.61182 0.67723
0.45321 0.87945
0.98044 0.07820
0.10818 0.36458
0.27525 0.58890
0.95636 0.14551
0.72649 0.77841
0.56583 0.81095
0.57445 0.00380
0.96373 0.13796
0.65769 0.14053
0.86536 0.26378
0.61823 0.30755
0.21120 0.05449
0.47512 0.92139
0.58845 0.99455
0.28958 0.43984
0.00526 0.97999
0.61978 0.12417
0.48556 0.66754
0.79922 0.16775
0.71588 0.11319
0.34276 0.13717
0.12916 0.18179
0.06504 0.07049
0.19116 0.73288
0.62266 0.11559
0.70803 0.66577
0.67414 0.49275
0.34275 0.09395
0.83552 0.15270
0.32642 0.52711
0.06673 0.12475
0.98106 0.64423
0.10832 0.04553
0.61852 0.41091
0.84610 0.84872
0.32459 0.53516
0.79185 0.91547
0.70429 0.05353
0.01758 0.17305
0.15334 0.71394
0.21175 0.34309
0.34440 0.35166
0.22869 0.85877
0.75299 0.05380
0.58628 0.92688
0.61323 0.32077
0.79360 0.92314
0.59130 0.93774
0.65705 0.79861
0.76837 0.15482
0.38454 0.05805
0.71359 0.08411
0.04981 0.48956
0.44072 0.40262
0.68300 0.75624
0.39398 0.73404
0.82716 0.81690
0.60414 0.88132
0.01981 0.61815
0.49054 0.32320
0.65351 0.91488
0.08468 0.58156
0.92819 0.00543
0.39520 0.36730
0.25146 0.88906
0.87407 0.90715
0.13010 0.02743
0.09405 0.87036
0.52689 0.01560
0.93786 0.31837
0.91847 0.58069
0.42473 0.47537
0.78560 0.54228
0.37518 0.08424
0.16182 0.51045
0.57353 0.03393
0.36558 0.88281
0.46777 0.32315
0.11575 0.35929
0.19809 0.90135
0.99540 0.47622
0.89011 0.76969
0.03216 0.63516
0.70510 0.70689
0.83556 0.96481
0.07015 0.96184
0.71627 0.59535
0.42304 0.42097
0.15763 0.52725
0.83340 0.55844
0.12367 0.08319
0.11130 0.42294
0.75190 0.64421
0.58547 0.53085
0.42560 0.67567
0.31028 0.83622
0.80112 0.50279
0.98405 0.28982
0.38790 0.51029
0.48628 0.10303
0.06897 0.40612
0.08571 0.72827
0.21111 0.00438
0.60389 0.49095
0.20533 0.63293
0.23244 0.64418
0.50406 0.94755
0.98841 0.87851
0.51088 0.29622
0.83773 0.59535
0.58283 0.76691
0.09961 0.50350
0.89973 0.84157
0.27165 0.85276
0.32911 0.86890
0.92619 0.98141
0.59583 0.10910
0.32575 0.77831
0.34468 0.11211
0.00452 0.49391
0.59999 0.65260
0.06083 0.27792
0.24871 0.85151
0.71751 0.23449
0.82900 0.27459
0.65900 0.11846
0.34379 0.95966
0.50730 0.74542
0.33312 0.54555
0.64788 0.26863
0.11002 0.04955
0.41122 0.17647
0.79290 0.49413
0.29350 0.06960
0.25447 0.93887
0.90961 0.21840
0.87083 0.95571
0.81705 0.33464
0.94410 0.59562
0.30251 0.59559
0.54923 0.74595
0.71150 0.60786
0.97626 0.55773
0.03502 0.59598
0.56601 0.09098
0.78920 0.87822
0.47222 0.85110
0.53488 0.26258
0.04445 0.64865
0.55552 0.04321
0.97958 0.21590
0.44876 0.62602
0.90288 0.44586
0.94639 0.72388
