0.17671 0.58061
0.29764 0.28926
0.62693 0.87538
0.57187 0.21599
0.35376 0.94337
0.02120 0.23379
0.71291 0.52826
0.17220 0.61105
0.38476 0.10138
0.22170 0.17031
0.52290 0.48470
0.34524 0.29776
0.27636 0.52375
0.34040 0.48425
0.75673 0.99051
0.10621 0.60171
0.05982 0.31526
0.79163 0.65084
0.02942 0.20540
0.58283 0.59866
0.12960 0.00932
0.02855 0.84466
0.36497 0.93454
0.42565 0.79422
0.68352 0.54518
0.85371 0.96816
0.32676 0.02073
0.02380 0.71320
0.71021 0.95713
0.08001 0.41340
0.57546 0.85683
0.60003 0.99635
0.85298 0.80126
0.57710 0.66248
0.43341 0.24419
0.75730 0.60164
0.99652 0.00875
0.33216 0.38411
0.68852 0.16294
0.89907 0.92414
0.97894 0.48586
0.08476 0.34159
0.55079 0.69376
0.54804 0.13149
0.57757 0.33229
0.79335 0.01368
0.00632 0.57292
0.32242 0.05682
0.95408 0.82761
0.45335 0.41774
0.71170 0.34471
0.94291 0.30385
0.15183 0.77620
0.40519 0.38344
0.48787 0.30054
0.98026 0.61107
0.90274 0.83594
0.72575 0.54831
0.62321 0.82864
0.24326 0.15388
0.27241 0.63142
0.57012 0.31289
0.82891 0.35149
0.59257 0.27491
0.52981 0.23323
0.13841 0.38996
0.09705 0.74078
0.30739 0.83742
0.50839 0.04856
0.46219 0.29249
0.68098 0.41186
0.16497 0.61568
0.26771 0.78824
0.61571 0.73133
0.00225 0.54561
0.58865 0.80451
0.87832 0.71418
0.31132 0.22714
0.32102 0.81778
0.90208 0.68989
0.98336 0.51810
0.51603 0.28049
0.27572 0.44664
0.97638 0.30043
0.15477 0.28887
0.65148 0.15507
0.32619 0.92529
0.41469 0.53384
0.87491 0.23557
0.47794 0.90584
0.03492 0.00836
0.79951 0.71256
0.52152 0.91643
0.22897 0.27761
0.90850 0.69834
0.61831 0.24530
0.30476 0.99286
0.66142 0.93269
0.94918 0.32665
0.57774 0.40125
0.35363 0.06987
0.57939 0.13866
0.67058 0.16350
0.55995 0.29823
0.55195 0.10382
0.39400 0.41028
0.56791 0.40824
0.22768 0.29235
0.81198 0.56933
0.98095 0.31228
0.71472 0.16750
0.07981 0.63979
0.24257 0.76069
0.61572 0.43499
0.82073 0.47395
0.77217 0.69335
0.19376 0.13031
0.12236 0.31157
0.50492 0.75182
0.04616 0.34807
0.24249 0.55913
0.51814 0.04581
0.18172 0.29858
0.16607 0.64194
0.99612 0.57718
0.51969 0.53232
0.13745 0.29046
0.97833 0.42389
0.44101 0.40184
0.02180 0.20325
0.69423 0.69798
0.94590 0.62214
0.00679 0.19440
0.48166 0.77105
0.47317 0.11301
0.14021 0.45031
0.21762 0.72633
0.35123 0.99338
0.95902 0.15617
0.07980 0.61012
0.84530 0.24479
0.62248 0.89235
0.81501 0.40322
0.80160 0.46319
0.45098 0.32273
0.43975 0.75454
0.85465 0.49002
0.49016 0.83008
0.41701 0.87838
0.06735 0.94972
0.08821 0.75296
0.07676 0.04851
0.54516 0.55242
0.63640 0.76467
0.06572 0.42370
0.56485 0.41584
0.63824 0.29648
0.32255 0.75284
0.68735 0.89491
0.56418 0.68761
0.96452 0.67090
0.05617 0.56170
0.76776 0.91471
0.90004 0.03628
0.96489 0.53391
0.29151 0.04685
0.31425 0.53994
0.16710 0.92472
0.95118 0.22180
0.93753 0.22831
0.04801 0.59138
0.91535 0.91955
0.95942 0.82044
0.46519 0.58238
0.94463 0.92199
0.17286 0.18579
0.42090 0.65197
0.54870 0.63065
0.30330 0.99543
0.97861 0.28522
0.38960 0.26737
0.21734 0.39452
0.76709 0.64836
0.64799 0.90106
0.82033 0.30464
0.96194 0.58378
0.64245 0.04271
0.58141 0.21088
0.30868 0.28776
0.23014 0.85878
0.96916 0.39015
0.59475 0.67532
0.99100 0.50559
0.46794 0.45916
0.40502 0.69937
0.44697 0.77515
0.88885 0.58960
0.06120 0.89671
0.80727 0.97846
0.03491 0.62078
0.52154 0.95154
0.36711 0.25513
0.93348 0.06012
0.15532 0.56962
0.52377 0.92759
0.70358 0.63789
0.24302 0.93424
0.89798 0.01098
0.91471 0.71007
0.08270 0.12714
0.39195 0.09008
0.19230 0.83256
0.05457 0.95024
0.23793 0.99145
0.89254 0.48076
0.24016 0.82264
0.34534 0.75261
0.31386 0.17298
0.03809 0.16271
0.54475 0.91955
0.55370 0.33633
0.65760 0.35478
0.73760 0.07563
0.06346 0.48416
0.03385 0.23224
0.85553 0.64287
0.49228 0.07435
0.11160 0.23016
0.69600 0.89263
0.57376 0.19913
0.68971 0.08937
0.46804 0.53100
0.78275 0.74643
0.12368 0.79646
0.86902 0.00769
0.53012 0.62430
0.48034 0.30395
0.78023 0.24349
0.48729 0.65969
0.43542 0.16248
0.68363 0.93990
0.71646 0.20807
0.69684 0.94808
0.32949 0.67533
0.82717 0.32516
0.23925 0.58085
0.66104 0.41211
0.85210 0.02238
0.96930 0.77025
0.39654 0.98342
0.19702 0.14047
0.64904 0.53236
0.56313 0.85278
0.45044 0.65269
0.53658 0.42939
0.94941 0.51006
