0.10593 0.51625
0.98424 0.72223
0.62913 0.34681
0.80655 0.46541
0.96620 0.56233
0.89959 0.47945
0.64175 0.19870
0.63641 0.90230
0.54858 0.31478
0.53631 0.29978
0.15247 0.40443
0.73536 0.22094
0.26920 0.60814
0.01776 0.37089
0.91465 0.18743
0.14312 0.74554
0.19757 0.21162
0.55620 0.83198
0.38013 0.00687
0.34881 0.08783
0.31513 0.71942
0.42183 0.67448
0.66351 0.13451
0.34736 0.50880
0.69849 0.72321
0.91394 0.09252
0.30160 0.31131
0.17785 0.40358
0.00143 0.15732
0.20647 0.08822
0.53629 0.60095
0.56900 0.25063
0.66363 0.82632
0.34757 0.86815
0.48377 0.63259
0.86934 0.76701
0.46314 0.85540
0.72949 0.48358
0.96160 0.31189
0.84290 0.36637
0.83264 0.09714
0.76350 0.36820
0.11836 0.58940
0.51130 0.39066
0.58539 0.14154
0.64064 0.77191
0.46328 0.65661
0.98987 0.98563
0.29292 0.99405
0.28626 0.71999
0.83008 0.96145
0.67698 0.24885
0.32740 0.59435
0.55462 0.94842
0.89025 0.02014
0.04649 0.31323
0.08985 0.54203
0.77118 0.96449
0.83510 0.17123
0.26688 0.79999
0.55682 0.94507
0.83949 0.63234
0.32433 0.10448
0.30261 0.88810
0.74734 0.81904
0.15367 0.33549
0.39040 0.05166
0.42260 0.11795
0.08816 0.29719
0.68466 0.20070
0.09232 0.12855
0.61798 0.87450
0.91208 0.23469
0.48414 0.36266
0.78759 0.15515
0.59191 0.66594
0.17436 0.94090
0.10322 0.49561
0.62878 0.56023
0.52127 0.62892
0.86829 0.23489
0.20605 0.91204
0.70072 0.56556
0.41054 0.90952
0.42266 0.34895
0.65939 0.51917
0.14440 0.66189
0.18838 0.31849
0.06011 0.18282
0.91397 0.13137
0.50027 0.58941
0.32614 0.36265
0.69937 0.47409
0.32778 0.63783
0.08526 0.24057
0.87626 0.54499
0.90851 0.02624
0.11886 0.70976
0.77928 0.38121
0.56275 0.97918
0.08808 0.44825
0.31040 0.51449
0.37145 0.34229
0.24230 0.47201
0.12654 0.58468
0.77116 0.58772
0.77993 0.82071
0.53141 0.90340
0.79930 0.71927
0.41771 0.73822
0.84591 0.11786
0.38926 0.37669
0.49524 0.41351
0.56599 0.20087
0.72908 0.57894
0.36524 0.93388
0.47888 0.53334
0.95748 0.03421
0.55689 0.02191
0.41698 0.08427
0.29600 0.98812
0.83714 0.89773
0.83130 0.07472
0.71934 0.25032
0.09462 0.95997
0.34283 0.13861
0.36018 0.63096
0.44423 0.21771
0.17309 0.04002
0.88277 0.47101
0.60691 0.52442
0.95812 0.60118
0.55965 0.45445
0.09933 0.00678
0.01667 0.62918
0.42624 0.06481
0.51958 0.75950
0.93636 0.43915
0.82932 0.21626
0.04333 0.70282
0.59289 0.97518
0.54190 0.98818
0.37418 0.07055
0.91923 0.03627
0.59018 0.72305
0.16536 0.05367
0.99131 0.52063
0.62784 0.55526
0.77193 0.02835
0.17677 0.05246
0.46968 0.21765
0.29631 0.82964
0.76735 0.85011
0.73685 0.59053
0.84231 0.87182
0.08986 0.00076
0.59731 0.94398
0.89722 0.84321
0.51297 0.78666
0.99793 0.55240
0.49426 0.12396
0.73159 0.86707
0.72792 0.18053
0.55784 0.99992
0.10853 0.92653
0.87586 0.83867
0.26031 0.66474
0.17808 0.62804
0.31426 0.65913
0.61553 0.42470
0.31704 0.67258
0.13865 0.05781
0.24230 0.64861
0.53370 0.30018
0.96678 0.37503
0.88394 0.84025
0.87123 0.33296
0.77177 0.75562
0.46733 0.52537
0.90801 0.53273
0.59312 0.65910
0.36481 0.99126
0.40639 0.13079
0.31189 0.77595
0.74624 0.26014
0.81370 0.30926
0.55373 0.06885
0.93575 0.62071
0.98656 0.68585
0.37211 0.21357
0.28641 0.98740
0.19155 0.92458
0.60400 0.67285
0.21935 0.23175
0.36185 0.42934
0.11580 0.77422
0.25259 0.63837
0.28945 0.76924
0.58757 0.30383
0.09469 0.67294
0.56193 0.02829
0.05554 0.74510
0.62762 0.19667
0.08407 0.11234
0.43751 0.75615
0.31518 0.88194
0.94113 0.20800
0.30229 0.45559
0.92776 0.20716
0.86714 0.83028
0.29625 0.87803
0.79120 0.26673
0.29781 0.75377
0.34333 0.76635
0.65173 0.13710
0.02966 0.74847
0.71256 0.89939
0.61626 0.14200
0.27856 0.09642
0.20615 0.11129
0.45419 0.62473
0.51917 0.71107
0.73504 0.79422
0.54409 0.03155
0.83974 0.01061
0.37828 0.83558
0.21822 0.02915
0.99419 0.88599
0.49691 0.93125
0.51524 0.42690
0.58993 0.18544
0.10726 0.98181
0.52937 0.40142
0.99573 0.28060
0.44801 0.81143
0.64572 0.23201
0.11484 0.50781
0.58428 0.35724
0.63890 0.92179
0.27083 0.59106
0.86023 0.34775
0.96193 0.74078
0.87452 0.38579
0.41117 0.45455
0.37450 0.12275
0.90192 0.24600
0.49542 0.94782
0.08869 0.18553
0.04291 0.22350
0.71323 0.11822
0.27680 0.66431
0.65677 0.59280
0.37569 0.67554
0.61552 0.97623
0.13569 0.26717
0.83208 0.35401
