0.46039 0.28312
0.98551 0.41324
0.64864 0.77096
0.14536 0.96704
0.34377 0.16589
0.55228 0.00294
0.81718 0.00103
0.89569 0.08196
0.02809 0.98182
0.75577 0.01587
0.84413 0.20708
0.00539 0.63449
0.72523 0.18983
0.38471 0.56293
0.42008 0.05474
0.49256 0.32452
0.96712 0.81480
0.05872 0.74304
0.56152 0.22323
0.03086 0.40205
0.28740 0.09070
0.53211 0.27991
0.19021 0.53841
0.96162 0.51343
0.08927 0.59876
0.25196 0.06178
0.11234 0.21970
0.80420 0.27391
0.00795 0.46964
0.32741 0.44856
0.52735 0.62818
0.74690 0.48440
0.82609 0.09397
0.11245 0.42977
0.46370 0.02213
0.97202 0.71709
0.06521 0.57186
0.08196 0.61853
0.38755 0.06318
0.63989 0.29151
0.24754 0.50586
0.92368 0.31056
0.85228 0.95992
0.92655 0.43661
0.90000 0.84574
0.71534 0.24764
0.31275 0.24423
0.45538 0.47612
0.59002 0.57786
0.99296 0.50038
0.61716 0.17234
0.45195 0.63961
0.88219 0.86055
0.00925 0.39240
0.36064 0.41085
0.39742 0.20925
0.45717 0.56581
0.64950 0.19508
0.32585 0.08711
0.49461 0.14910
0.82897 0.43978
0.34625 0.94974
0.72144 0.22683
0.27733 0.44267
0.94576 0.37841
0.21053 0.87939
0.85618 0.50084
0.87524 0.58464
0.41299 0.44804
0.00160 0.69119
0.74034 0.79278
0.01385 0.13115
0.31048 0.15019
0.11625 0.80619
0.70117 0.57641
0.44889 0.17598
0.86629 0.14994
0.56736 0.51342
0.85460 0.73135
0.43248 0.36378
0.12110 0.77144
0.46578 0.30425
0.86332 0.65953
0.82603 0.91239
0.43660 0.60214
0.32406 0.79902
0.11814 0.25279
0.95657 0.77328
0.27809 0.37437
0.21136 0.04209
0.70594 0.45542
0.18645 0.19863
0.74315 0.68238
0.29312 0.79812
0.06189 0.96757
0.97957 0.30410
0.22205 0.78572
0.12584 0.79484
0.55904 0.90809
0.08112 0.43712
0.45629 0.30436
0.81767 0.24343
0.73685 0.30348
0.76611 0.57127
0.32103 0.40148
0.83258 0.44739
0.82794 0.24509
0.13490 0.11087
0.78291 0.85259
0.40749 0.89908
0.64123 0.36019
0.93670 0.96173
0.19424 0.58651
0.17838 0.66372
0.59784 0.77555
0.83970 0.93501
0.24661 0.82631
0.05979 0.68160
0.88150 0.10159
0.61809 0.07925
0.55328 0.16548
0.30411 0.26279
0.16035 0.28673
0.21660 0.71138
0.03354 0.58191
0.70237 0.86384
0.79825 0.05741
0.01197 0.61339
0.66553 0.38159
0.48766 0.94239
0.34671 0.59951
0.14467 0.53973
0.82516 0.65660
0.26396 0.70904
0.31513 0.10767
0.60013 0.69610
0.69300 0.05933
0.29953 0.34118
0.14925 0.76113
0.61082 0.11937
0.20640 0.85163
0.25662 0.30765
0.07905 0.06582
0.51737 0.15102
0.09140 0.65838
0.77956 0.55750
0.45988 0.21843
0.21349 0.20798
0.03367 0.93874
0.54531 0.03241
0.79945 0.06885
0.52456 0.07270
0.16766 0.91005
0.74611 0.22880
0.63395 0.16515
0.63063 0.29177
0.98669 0.51062
0.70077 0.81775
0.41774 0.29445
0.12095 0.14664
0.33705 0.54417
0.20453 0.32307
0.83143 0.75740
0.68965 0.32169
0.89524 0.57586
0.36893 0.73247
0.53861 0.20610
0.42955 0.99080
0.42960 0.22480
0.21823 0.19170
0.87539 0.77713
0.34626 0.48844
0.73188 0.80530
0.69471 0.76130
0.03865 0.72019
0.53846 0.22911
0.94675 0.65045
0.46542 0.72314
0.16409 0.97334
0.08063 0.71048
0.19775 0.70550
0.26776 0.55823
0.83265 0.75182
0.73230 0.50698
0.51015 0.44405
0.81523 0.00817
0.07835 0.07651
0.24991 0.82760
0.98702 0.78426
0.67067 0.10821
0.79146 0.23695
0.70696 0.17189
0.24370 0.48895
0.62827 0.28069
0.76987 0.42007
0.17763 0.49369
0.14334 0.54407
0.98616 0.69254
0.73613 0.93243
0.19220 0.12886
0.60053 0.99231
0.35491 0.12898
0.57571 0.93383
0.91367 0.69253
0.25612 0.61266
0.82492 0.87708
0.24601 0.04314
0.19811 0.65081
0.72796 0.28670
0.40138 0.83994
0.13580 0.62685
0.29941 0.20147
0.16131 0.21978
0.39213 0.33046
0.71744 0.76486
0.76976 0.22617
0.73241 0.38102
0.65343 0.91231
0.08564 0.02927
0.05356 0.67557
0.46599 0.39514
0.50993 0.63497
0.96026 0.08158
0.25165 0.31076
0.69478 0.52105
0.67499 0.81557
0.50467 0.49077
0.89817 0.77661
0.78210 0.80628
0.43858 0.17109
0.79536 0.82614
0.21325 0.56058
0.00768 0.48691
0.04594 0.08220
0.34490 0.57697
0.42450 0.77175
0.42483 0.60936
0.16148 0.72220
0.84640 0.52088
0.00510 0.30477
0.06458 0.55611
0.22517 0.28328
0.66263 0.24043
0.29271 0.04282
0.73696 0.86747
0.37190 0.13348
0.85947 0.79772
0.39320 0.92091
0.49680 0.29075
0.92338 0.79455
0.46969 0.21502
0.35162 0.03749
0.87054 0.75876
0.40556 0.57588
0.26082 0.23101
0.32967 0.90408
