0.90831 0.50497
0.48522 0.30356
0.51788 0.41829
0.50635 0.90322
0.27193 0.41663
0.98221 0.13293
0.82442 0.05743
0.82294 0.96669
0.22470 0.66812
0.93651 0.02375
0.24773 0.03280
0.66628 0.47704
0.91869 0.93775
0.42419 0.68523
0.62062 0.44445
0.52472 0.61618
0.52254 0.11634
0.49155 0.77629
0.48897 0.87513
0.16806 0.74204
0.62693 0.25413
0.99344 0.19044
0.96303 0.66248
0.87284 0.88618
0.25344 0.24795
0.79139 0.19850
0.00923 0.24825
0.69651 0.31268
0.22076 0.33244
0.78433 0.83127
0.27624 0.19945
0.36357 0.36060
0.19842 0.61833
0.92688 0.00107
0.22189 0.26225
0.46111 0.81953
0.32012 0.83155
0.93587 0.02942
0.11068 0.18727
0.17146 0.71819
0.66027 0.40862
0.08597 0.25977
0.84735 0.92054
0.21930 0.31914
0.10129 0.47524
0.72581 0.59188
0.75842 0.36768
0.59581 0.92473
0.40465 0.22091
0.79787 0.08188
0.93471 0.40405
0.09231 0.23573
0.58545 0.10836
0.28415 0.48908
0.31154 0.08086
0.95841 0.82169
0.51789 0.69129
0.72573 0.97520
0.63532 0.51875
0.16701 0.69555
0.37828 0.72789
0.29873 0.91430
0.86915 0.43960
0.67002 0.81397
0.51277 0.39672
0.82991 0.60142
0.31836 0.32925
0.67248 0.10591
0.26098 0.67155
0.07195 0.42269
0.03574 0.75981
0.48868 0.43884
0.31008 0.13428
0.92857 0.32628
0.67380 0.08615
0.64025 0.07222
0.63159 0.55365
0.48242 0.66809
0.75205 0.50564
0.53756 0.12944
0.54033 0.99641
0.93345 0.52373
0.51588 0.08013
0.49180 0.14949
0.49382 0.34239
0.90512 0.45834
0.25139 0.88321
0.47407 0.12761
0.99192 0.00549
0.52266 0.04939
0.50992 0.78950
0.90456 0.39759
0.77526 0.89721
0.07541 0.96725
0.73956 0.92609
0.06885 0.17646
0.33719 0.73451
0.69797 0.99053
0.02027 0.31072
0.96929 0.32551
0.58549 0.14284
0.07021 0.59987
0.06321 0.38510
0.87535 0.49957
0.08295 0.73299
0.08961 0.24635
0.26675 0.59363
0.96075 0.26506
0.97552 0.43039
0.29476 0.36269
0.39839 0.99104
0.16011 0.34108
0.54484 0.79608
0.21477 0.42046
0.70509 0.77519
0.79552 0.50805
0.70912 0.80014
0.85947 0.60249
0.75147 0.67940
0.78469 0.02632
0.07060 0.70324
0.73302 0.86698
0.05868 0.12843
0.27798 0.04848
0.56800 0.50674
0.06554 0.02597
0.47249 0.13008
0.02056 0.32422
0.55214 0.62298
0.81756 0.76566
0.80603 0.52603
0.90507 0.89377
0.82207 0.89787
0.65400 0.98275
0.01994 0.76991
0.08965 0.19280
0.52624 0.16984
0.72940 0.35009
0.34956 0.71614
0.04351 0.75921
0.88276 0.71628
0.81460 0.27886
0.81635 0.44778
0.00354 0.52426
0.72772 0.31467
0.56499 0.19160
0.26671 0.47916
0.29322 0.60529
0.27558 0.48270
0.64274 0.78030
0.20515 0.55586
0.68443 0.72779
0.48574 0.33706
0.77965 0.27941
0.55209 0.06363
0.04801 0.12529
0.93825 0.90084
0.26066 0.43678
0.55691 0.87224
0.14899 0.85634
0.88295 0.30715
0.53593 0.29869
0.64338 0.68861
0.24331 0.00938
0.50572 0.55144
0.96958 0.80324
0.13576 0.62585
0.47409 0.74468
0.04717 0.60660
0.72476 0.85659
0.08471 0.68354
0.07539 0.95750
0.00934 0.26207
0.70634 0.62095
0.64075 0.13207
0.48570 0.69140
0.50721 0.82679
0.00829 0.69601
0.22828 0.10018
0.27072 0.74605
0.91479 0.80873
0.86333 0.25174
0.12804 0.91680
0.87259 0.36218
0.43758 0.79059
0.78489 0.19471
0.37670 0.58516
0.40542 0.49865
0.21842 0.73702
0.95153 0.42895
0.04639 0.54084
0.81858 0.48982
0.16047 0.70067
0.15502 0.02173
0.61710 0.78390
0.71576 0.01384
0.43126 0.38997
0.90271 0.58561
0.58043 0.83444
0.38586 0.76377
0.66299 0.44831
0.43420 0.59621
0.66468 0.29877
0.06702 0.32204
0.56846 0.19630
0.53874 0.98586
0.86949 0.61291
0.86219 0.08482
0.52534 0.15664
0.93467 0.24193
0.05934 0.41591
0.88317 0.73637
0.92476 0.43842
0.34860 0.48472
0.39757 0.11851
0.01178 0.55498
0.28428 0.22102
0.88342 0.93186
0.59423 0.83180
0.06454 0.79376
0.58687 0.23056
0.39957 0.41430
0.27180 0.05673
0.43256 0.81565
0.41153 0.53365
0.12375 0.27549
0.56445 0.31068
0.43904 0.68362
0.04018 0.48664
0.64730 0.87976
0.07105 0.36094
0.09553 0.82538
0.74456 0.76560
0.21532 0.68492
0.71121 0.80759
0.33092 0.30411
0.95072 0.75226
0.92335 0.18252
0.66842 0.37743
0.09791 0.86350
0.82061 0.26797
0.42491 0.46777
0.20651 0.43407
0.04080 0.74622
0.95471 0.78382
0.46240 0.68968
0.12348 0.87063
0.28571 0.24812
0.38022 0.29187
0.21362 0.32357
0.10736 0.07810
0.74571 0.22026
0.77875 0.15504
0.65858 0.74334
0.18363 0.42435
0.67576 0.03809
