0.35226 0.28378
0.90263 0.02805
0.52605 0.75103
0.63070 0.20549
0.78445 0.20754
0.78509 0.06436
0.74171 0.74133
0.09390 0.81298
0.95065 0.90254
0.61465 0.31324
0.65191 0.89563
0.18669 0.25315
0.73641 0.63284
0.32857 0.54820
0.23228 0.84368
0.48718 0.02980
0.59160 0.35025
0.35860 0.51467
0.67332 0.99319
0.60621 0.35738
0.00300 0.06087
0.98776 0.81870
0.16114 0.75901
0.89811 0.68261
0.55218 0.32660
0.24091 0.44901
0.03481 0.05744
0.39602 0.84750
0.95210 0.62740
0.63728 0.44182
0.30637 0.82902
0.36575 0.94016
0.99798 0.01254
0.03973 0.85297
0.24092 0.84520
0.28992 0.37753
0.21532 0.38107
0.95265 0.15322
0.95871 0.63613
0.25025 0.10694
0.97742 0.55191
0.42376 0.56264
0.19048 0.50332
0.47912 0.88560
0.80332 0.98635
0.38388 0.04835
0.39205 0.00867
0.63505 0.11441
0.77764 0.37858
0.88737 0.26708
0.99234 0.03167
0.20127 0.79871
0.65794 0.33188
0.29445 0.49949
0.91091 0.27303
0.00952 0.42787
0.16904 0.07380
0.74348 0.01518
0.04767 0.13862
0.47866 0.42698
0.77547 0.42797
0.66014 0.30884
0.04825 0.97468
0.82289 0.95411
0.16082 0.90581
0.36973 0.02674
0.68772 0.73202
0.15740 0.70026
0.15557 0.99550
0.37535 0.16098
0.19544 0.39697
0.85467 0.05588
0.77963 0.47523
0.62766 0.95103
0.91464 0.68511
0.09050 0.81253
0.55786 0.66636
0.58736 0.61073
0.97827 0.22483
0.08516 0.31166
0.25782 0.08090
0.99961 0.48967
0.85777 0.35809
0.02495 0.22597
0.40947 0.87483
0.61095 0.42884
0.12056 0.86251
0.69935 0.63109
0.16005 0.88275
0.04031 0.05730
0.20475 0.99029
0.38986 0.76775
0.32135 0.74049
0.18572 0.76311
0.58525 0.34633
0.17668 0.32058
0.72093 0.49628
0.04426 0.81032
0.38373 0.65069
0.95407 0.87930
0.89974 0.17746
0.96438 0.02886
0.77224 0.16707
0.33943 0.86822
0.11457 0.16988
0.70470 0.63185
0.36100 0.85701
0.75810 0.73296
0.90277 0.50844
0.89246 0.99412
0.62317 0.58136
0.98012 0.41424
0.64253 0.60360
0.69416 0.71131
0.34024 0.41773
0.89213 0.56187
0.68139 0.90019
0.17266 0.75759
0.88184 0.03936
0.42678 0.04757
0.65353 0.61113
0.47934 0.34473
0.83530 0.09005
0.44512 0.29384
0.62928 0.82724
0.79884 0.60944
0.34548 0.79877
0.82707 0.11145
0.00439 0.72099
0.90112 0.61704
0.83415 0.77483
0.95002 0.18660
0.00863 0.35575
0.19731 0.55997
0.05952 0.31145
0.85794 0.50519
0.09598 0.60498
0.24321 0.93740
0.64896 0.33874
0.06070 0.97028
0.27141 0.22921
0.93315 0.36116
0.01675 0.98479
0.51154 0.61080
0.74009 0.13034
0.53732 0.65978
0.39913 0.94716
0.86568 0.42315
0.29453 0.97321
0.41392 0.71146
0.12126 0.71442
0.58585 0.21620
0.72730 0.59713
0.45459 0.97524
0.23107 0.02002
0.24156 0.84125
0.19827 0.61646
0.02836 0.43193
0.55040 0.46792
0.08603 0.58170
0.08223 0.86115
0.39161 0.87245
0.11299 0.56724
0.67058 0.14228
0.02654 0.98154
0.87029 0.22429
0.12960 0.37492
0.63804 0.36026
0.36244 0.06923
0.09979 0.17771
0.84842 0.43755
0.12513 0.65566
0.91371 0.94668
0.58087 0.47881
0.58947 0.94262
0.06484 0.83314
0.11460 0.31119
0.40353 0.26804
0.66376 0.38807
0.60361 0.05082
0.42196 0.87538
0.95508 0.78383
0.09490 0.23937
0.92815 0.88367
0.45883 0.34090
0.10660 0.74049
0.24383 0.35796
0.08883 0.09143
0.29551 0.38555
0.54535 0.90172
0.65852 0.45750
0.10008 0.98573
0.80484 0.24534
0.73491 0.81920
0.06918 0.74764
0.12823 0.41918
0.04073 0.00497
0.63436 0.18774
0.76480 0.40158
0.03456 0.90101
0.01554 0.17243
0.59327 0.74797
0.65300 0.12563
0.25578 0.76838
0.78954 0.85458
0.96176 0.13633
0.53984 0.78760
0.05986 0.67065
0.23149 0.84404
0.25008 0.24502
0.16927 0.51469
0.81620 0.82798
0.68105 0.97406
0.93345 0.53877
0.08772 0.83289
0.10087 0.78637
0.59614 0.17384
0.62351 0.02540
0.50060 0.47913
0.11016 0.47169
0.70819 0.35713
0.48572 0.43339
0.16611 0.01914
0.86665 0.47412
0.44791 0.33395
0.14344 0.36645
0.35137 0.61305
0.72437 0.90229
0.73446 0.87156
0.16186 0.65652
0.68061 0.57313
0.37253 0.03337
0.69601 0.29937
0.03239 0.69164
0.18075 0.35911
0.25287 0.48720
0.62885 0.72944
0.90664 0.24656
0.01356 0.71910
0.82024 0.37390
0.67297 0.49693
0.66796 0.80116
0.65227 0.03082
0.96052 0.83120
0.70441 0.79066
0.95153 0.47961
0.15406 0.82424
0.76630 0.92898
0.75441 0.10128
0.81327 0.58828
0.68335 0.96503
0.82202 0.36701
0.62465 0.23449
0.48148 0.49672
0.15141 0.80184
0.61338 0.40136
