0.79862 0.16262
0.86433 0.56400
0.73984 0.48010
0.36358 0.91037
0.63788 0.71477
0.97745 0.33073
0.44302 0.33239
0.90898 0.20254
0.52473 0.31990
0.40135 0.80221
0.09448 0.64570
0.82886 0.75696
0.97050 0.90499
0.89226 0.14950
0.15552 0.79895
0.67918 0.08003
0.17879 0.81697
0.99478 0.63711
0.81216 0.16536
0.84187 0.20877
0.57861 0.98113
0.73938 0.93149
0.68817 0.75801
0.13449 0.42083
0.53411 0.13672
0.46205 0.24396
0.99788 0.78501
0.87463 0.11093
0.60251 0.26586
0.79786 0.66359
0.19739 0.09902
0.31807 0.75902
0.91402 0.72242
0.51201 0.28976
0.53345 0.11645
0.70578 0.05873
0.39187 0.00868
0.97209 0.90210
0.42733 0.17144
0.54524 0.81417
0.72800 0.42541
0.93922 0.10607
0.61131 0.56194
0.88507 0.55037
0.85253 0.27404
0.30304 0.27009
0.55088 0.98638
0.39617 0.66798
0.95743 0.53350
0.55265 0.58909
0.52905 0.01637
0.11900 0.28096
0.63291 0.39015
0.96510 0.79797
0.28390 0.20207
0.06999 0.81799
0.89004 0.79092
0.70514 0.15656
0.42171 0.84175
0.97259 0.93226
0.03694 0.69540
0.54140 0.75059
0.54179 0.05982
0.22686 0.07727
0.87063 0.84713
0.81395 0.63062
0.22508 0.62230
0.66019 0.16876
0.86966 0.99669
0.80385 0.92713
0.56296 0.55436
0.38908 0.12622
0.83036 0.35301
0.35993 0.44560
0.60580 0.63152
0.13527 0.11851
0.79795 0.13406
0.06525 0.96427
0.22817 0.69298
0.45784 0.14266
0.27740 0.76817
0.00072 0.78709
0.24655 0.89198
0.96204 0.55634
0.44891 0.60115
0.30678 0.75537
0.93237 0.31776
0.54689 0.20318
0.66831 0.84469
0.57920 0.95127
0.87443 0.81125
0.16528 0.77145
0.12316 0.85450
0.66572 0.00599
0.65723 0.37200
0.29253 0.38624
0.81456 0.12455
0.37381 0.41852
0.41179 0.57578
0.86173 0.97650
0.86183 0.75773
0.21176 0.30517
0.65508 0.20304
0.56185 0.58756
0.84536 0.86507
0.97597 0.30310
0.95113 0.47250
0.72931 0.70542
0.32384 0.28121
0.70976 0.33995
0.31170 0.31901
0.75493 0.00630
0.20752 0.28478
0.57747 0.84317
0.61443 0.65994
0.76631 0.77112
0.92757 0.84872
0.15292 0.12925
0.93161 0.45376
0.64972 0.11174
0.00861 0.59478
0.24861 0.59497
0.76919 0.03936
0.40944 0.48088
0.88777 0.37979
0.93280 0.79159
0.50273 0.60899
0.23568 0.99236
0.02532 0.38968
0.45896 0.09257
0.48295 0.72438
0.40414 0.84394
0.62115 0.49485
0.24280 0.02658
0.21977 0.30739
0.61415 0.71588
0.80818 0.24875
0.52383 0.77864
0.99600 0.05753
0.34875 0.02300
0.50558 0.48329
0.55992 0.54882
0.22095 0.63444
0.05508 0.32263
0.18065 0.92983
0.36673 0.13528
0.95224 0.43600
0.46905 0.66217
0.24872 0.28942
0.16008 0.11597
0.20562 0.30472
0.51646 0.94128
0.50542 0.81940
0.21632 0.55519
0.27633 0.51440
0.62466 0.02409
0.64065 0.33816
0.12568 0.03412
0.65330 0.70601
0.28094 0.80308
0.01597 0.18730
0.23953 0.53129
0.70030 0.03978
0.97898 0.68389
0.17347 0.62364
0.89694 0.87669
0.19887 0.76528
0.40241 0.08359
0.16151 0.29989
0.60190 0.82427
0.14512 0.08256
0.53061 0.82210
0.48597 0.58225
0.22373 0.66746
0.07889 0.95678
0.94906 0.87395
0.74579 0.17331
0.00685 0.63885
0.94803 0.61050
0.83637 0.55764
0.53946 0.90537
0.40460 0.57376
0.99928 0.80983
0.28001 0.75462
0.58267 0.50840
0.15866 0.17499
0.75421 0.00791
0.52080 0.45915
0.10636 0.98582
0.58623 0.71668
0.16782 0.73443
0.46212 0.98326
0.37188 0.66111
0.82962 0.56681
0.94055 0.51547
0.61995 0.56133
0.84222 0.70165
0.97778 0.12588
0.89390 0.40490
0.50668 0.51451
0.98420 0.65053
0.83360 0.21803
0.23174 0.59241
0.26036 0.56768
0.87611 0.46902
0.38410 0.72715
0.82471 0.52577
0.83611 0.34702
0.49297 0.46847
0.72384 0.50781
0.14202 0.47121
0.03440 0.52540
0.55713 0.68491
0.14864 0.65994
0.09470 0.79770
0.81665 0.76261
0.62387 0.42483
0.61751 0.04728
0.22579 0.33255
0.75566 0.42889
0.30143 0.77918
0.10061 0.46840
0.50187 0.48580
0.16403 0.11851
0.50174 0.20831
0.56886 0.55250
0.60532 0.88609
0.14089 0.48509
0.67908 0.58208
0.91386 0.86609
0.09413 0.97312
0.01436 0.23880
0.79079 0.07578
0.66159 0.10823
0.47006 0.52973
0.06848 0.41891
0.12446 0.38741
0.82926 0.14363
0.22835 0.61417
0.47976 0.16178
0.52701 0.74770
0.31201 0.40675
0.45191 0.94657
0.27905 0.01451
0.24436 0.44683
0.65001 0.89704
0.86470 0.43583
0.58039 0.73634
0.05710 0.00263
0.77647 0.88550
0.95170 0.72635
0.50682 0.40084
0.86227 0.41566
0.10786 0.55214
0.04059 0.39232
0.55218 0.38793
