0.22057 0.18811
0.14883 0.49845
0.30161 0.08614
0.75339 0.87797
0.47388 0.61738
0.05644 0.03157
0.19633 0.32314
0.63739 0.94514
0.42063 0.06790
0.71325 0.90530
0.00227 0.61705
0.48133 0.23518
0.14448 0.49892
0.38394 0.84523
0.89665 0.32086
0.43918 0.00115
0.84053 0.68478
0.72550 0.30388
0.67330 0.51705
0.20264 0.29324
0.05731 0.69181
0.33712 0.87760
0.88630 0.29065
0.14245 0.81245
0.92545 0.01278
0.08064 0.39054
0.40016 0.05579
0.02321 0.12638
0.61516 0.13527
0.82478 0.93218
0.26606 0.62003
0.34012 0.02362
0.05972 0.28893
0.18771 0.82482
0.63947 0.23798
0.92587 0.42220
0.09884 0.01943
0.08056 0.45160
0.67811 0.87123
0.18343 0.12284
0.09935 0.64192
0.01458 0.10498
0.11115 0.31150
0.58010 0.12887
0.70611 0.73510
0.64174 0.77830
0.79924 0.92809
0.32669 0.14375
0.87786 0.26332
0.93806 0.76018
0.03531 0.71814
0.42079 0.55890
0.50176 0.58777
0.56185 0.40307
0.49640 0.35370
0.41136 0.85330
0.31050 0.10548
0.95248 0.85097
0.34977 0.21974
0.68179 0.70767
0.53134 0.52183
0.69244 0.34737
0.81531 0.11743
0.45504 0.50995
0.60191 0.15086
0.79923 0.83550
0.62750 0.18952
0.67336 0.57188
0.35734 0.30681
0.45678 0.61117
0.16022 0.43421
0.02108 0.94837
0.52716 0.13206
0.57510 0.59736
0.76579 0.12375
0.69805 0.01641
0.35543 0.20608
0.77562 0.25465
0.88550 0.75818
0.84583 0.80751
0.38494 0.74333
0.45568 0.26762
0.25367 0.34306
0.18237 0.06772
0.36491 0.94398
0.21366 0.80717
0.40976 0.00249
0.62320 0.83394
0.08522 0.39475
0.65948 0.53014
0.22288 0.02557
0.86772 0.12121
0.94169 0.03436
0.63734 0.43691
0.95293 0.83700
0.34706 0.26514
0.34045 0.11576
0.71963 0.61320
0.24787 0.05746
0.56720 0.36792
0.91744 0.60093
0.49300 0.93909
0.60721 0.01724
0.87527 0.40098
0.30485 0.33214
0.59470 0.08946
0.86490 0.82079
0.41293 0.90503
0.41926 0.14550
0.94280 0.51733
0.72255 0.10657
0.35625 0.89925
0.52943 0.76063
0.00961 0.21540
0.70734 0.69287
0.57445 0.44023
0.73147 0.35583
0.12741 0.03112
0.06137 0.19491
0.32525 0.67982
0.24034 0.64022
0.08339 0.54193
0.23732 0.15744
0.61036 0.98523
0.94208 0.17546
0.08935 0.98511
0.00917 0.50588
0.40235 0.43377
0.83284 0.47721
0.66333 0.13499
0.96847 0.33757
0.63158 0.24109
0.50050 0.68455
0.26389 0.88142
0.75857 0.11260
0.97284 0.75808
0.07216 0.85282
0.95439 0.20070
0.02264 0.12399
0.53587 0.88437
0.71047 0.28943
0.29542 0.91210
0.17977 0.73136
0.25878 0.76677
0.91449 0.52988
0.93490 0.80704
0.15832 0.00455
0.57500 0.38177
0.04639 0.18464
0.24065 0.53841
0.53624 0.91979
0.83035 0.28306
0.88901 0.26259
0.40440 0.24821
0.30773 0.96638
0.72265 0.17213
0.71433 0.83311
0.86663 0.12469
0.76205 0.17283
0.48069 0.42383
0.08530 0.93575
0.22330 0.79290
0.30710 0.54983
0.34379 0.30532
0.47206 0.99187
0.35275 0.74447
0.00988 0.69943
0.34339 0.54432
0.27114 0.71892
0.35857 0.08279
0.42182 0.98821
0.55993 0.21419
0.17986 0.38916
0.77367 0.74743
0.83260 0.69644
0.78657 0.15642
0.32501 0.54645
0.85974 0.90059
0.89354 0.63472
0.54194 0.52038
0.28585 0.37484
0.66327 0.42198
0.89446 0.84709
0.07031 0.04241
0.66937 0.88035
0.69498 0.69744
0.45464 0.82047
0.50242 0.24205
0.22880 0.09848
0.98940 0.03813
0.53743 0.52775
0.37835 0.35381
0.15947 0.81557
0.77881 0.34563
0.57950 0.12815
0.13583 0.10690
0.20956 0.59043
0.94388 0.11949
0.45242 0.67370
0.81718 0.76870
0.61164 0.74356
0.43800 0.23035
0.28394 0.86712
0.52753 0.27075
0.15568 0.08751
0.93861 0.49859
0.65597 0.93269
0.42123 0.44638
0.44687 0.10294
0.90465 0.14345
0.81111 0.46923
0.60750 0.01637
0.05658 0.00565
0.12349 0.31371
0.90775 0.30124
0.82376 0.54613
0.45551 0.27086
0.53336 0.26835
0.75850 0.77443
0.16650 0.16154
0.19777 0.97230
0.51480 0.94965
0.71881 0.99961
0.61129 0.90533
0.26664 0.47689
0.58216 0.30542
0.45866 0.11969
0.04354 0.82046
0.73282 0.71673
0.75563 0.27341
0.77900 0.52501
0.37098 0.23050
0.64060 0.00063
0.36472 0.80435
0.88950 0.12244
0.12895 0.57604
0.93503 0.87280
0.71186 0.11667
0.23932 0.52819
0.96475 0.26995
0.21229 0.45456
0.72861 0.90315
0.84216 0.25755
0.49263 0.56987
0.54265 0.05585
0.34692 0.85948
0.00550 0.86821
0.84255 0.96653
0.44939 0.83357
0.73995 0.44815
0.10473 0.20629
0.56218 0.00275
0.83208 0.22570
0.37440 0.11122
0.78484 0.32739
0.61149 0.28187
