0.42380 0.13810
0.38849 0.24626
0.52634 0.26815
0.46145 0.61861
0.67967 0.86611
0.13614 0.10571
0.87328 0.42070
0.69920 0.87176
0.47678 0.04739
0.85365 0.08651
0.27692 0.30463
0.67239 0.61371
0.25467 0.99663
0.37321 0.40083
0.11729 0.76828
0.51229 0.09611
0.86834 0.58389
0.79231 0.06606
0.32400 0.56590
0.27114 0.39426
0.45282 0.19188
0.46667 0.78202
0.93057 0.24404
0.24527 0.55529
0.47203 0.42800
0.77773 0.41934
0.52846 0.12588
0.74080 0.40477
0.42055 0.27101
0.37911 0.58187
0.19932 0.92747
0.30747 0.74899
0.37514 0.88687
0.42581 0.90497
0.13403 0.78350
0.73231 0.76222
0.00453 0.55697
0.28508 0.82514
0.18916 0.14082
0.40782 0.94785
0.85752 0.22916
0.79934 0.51543
0.35263 0.51446
0.17094 0.02533
0.99590 0.33447
0.10435 0.08332
0.77297 0.21483
0.45498 0.69551
0.40414 0.49218
0.17199 0.27916
0.08950 0.92580
0.61949 0.30724
0.84312 0.74725
0.13721 0.32944
0.19904 0.16570
0.68709 0.97105
0.41628 0.51915
0.75691 0.01425
0.27337 0.68547
0.33871 0.22492
0.05848 0.73505
0.28701 0.96678
0.16847 0.21848
0.59203 0.65346
0.82490 0.55646
0.78830 0.37675
0.36466 0.94114
0.70666 0.73074
0.35368 0.84366
0.09839 0.60395
0.23620 0.23813
0.11733 0.13484
0.07673 0.39773
0.33419 0.18270
0.05384 0.89598
0.33310 0.05511
0.21994 0.87112
0.01667 0.41117
0.08475 0.45108
0.62845 0.18818
0.92616 0.08881
0.98033 0.48919
0.96598 0.85647
0.80428 0.51528
0.78318 0.38137
0.90266 0.94009
0.28645 0.81589
0.80017 0.32405
0.62720 0.24375
0.43142 0.63757
0.69259 0.25047
0.49721 0.75508
0.83578 0.02914
0.05332 0.09959
0.65975 0.75276
0.65402 0.69465
0.68758 0.12055
0.83771 0.36684
0.22913 0.57351
0.18647 0.85873
0.12375 0.11331
0.09178 0.62978
0.44174 0.29788
0.67312 0.12983
0.11777 0.80086
0.55525 0.28455
0.44938 0.27461
0.73452 0.11504
0.95953 0.40020
0.65970 0.54147
0.20293 0.77235
0.76123 0.64556
0.99086 0.92636
0.33071 0.79072
0.04385 0.44722
0.68512 0.88603
0.29928 0.36043
0.31117 0.76880
0.36453 0.46442
0.93917 0.96999
0.11253 0.01552
0.74843 0.56087
0.70734 0.67482
0.44261 0.28648
0.88988 0.27654
0.00036 0.46599
0.44172 0.28082
0.22654 0.07525
0.02403 0.14125
0.72910 0.39716
0.25914 0.85852
0.86930 0.43130
0.00118 0.22502
0.29052 0.38503
0.08216 0.68765
0.25391 0.55885
0.39029 0.88041
0.08886 0.46372
0.64569 0.84169
0.44713 0.81241
0.89062 0.02330
0.44247 0.72418
0.53480 0.12511
0.25349 0.76444
0.96710 0.80794
0.47663 0.10848
0.37807 0.07796
0.20591 0.64143
0.02612 0.33047
0.19256 0.57984
0.69016 0.70802
0.92904 0.47620
0.61247 0.47967
0.30939 0.49173
0.11904 0.72792
0.27837 0.48244
0.66175 0.13791
0.67866 0.06392
0.21339 0.64965
0.97171 0.37403
0.05163 0.32079
0.09577 0.15735
0.66382 0.40751
0.36022 0.02696
0.38159 0.83560
0.72023 0.72623
0.78637 0.42475
0.66481 0.69169
0.43705 0.24976
0.82324 0.92161
0.73340 0.64476
0.17614 0.23039
0.24963 0.49670
0.13531 0.10609
0.10966 0.01252
0.05161 0.56162
0.60311 0.82365
0.76631 0.07525
0.26153 0.40050
0.38436 0.51896
0.84889 0.03353
0.89499 0.72492
0.47421 0.72768
0.24272 0.62404
0.57720 0.19839
0.02833 0.13662
0.28905 0.93604
0.96137 0.58449
0.43707 0.64988
0.01351 0.68410
0.28651 0.98411
0.38350 0.88501
0.11556 0.87319
0.45787 0.51545
0.56576 0.70643
0.47099 0.32507
0.21525 0.11619
0.70659 0.36092
0.72732 0.32373
0.55713 0.39098
0.81102 0.68286
0.70538 0.71842
0.08977 0.34171
0.01689 0.51785
0.70662 0.22856
0.20166 0.54557
0.59732 0.75998
0.19691 0.05346
0.27665 0.97068
0.93056 0.58125
0.33879 0.74122
0.45222 0.45233
0.12960 0.33486
0.23674 0.46124
0.99808 0.70313
0.76741 0.29911
0.03683 0.40971
0.16665 0.59968
0.68317 0.52767
0.52274 0.05188
0.29479 0.62991
0.96421 0.06331
0.33781 0.39665
0.42595 0.52972
0.71303 0.29522
0.34564 0.24458
0.11037 0.72526
0.51056 0.94869
0.63200 0.99288
0.36238 0.60120
0.44145 0.46321
0.04256 0.49041
0.76701 0.44289
0.84551 0.83237
0.69223 0.63929
0.54177 0.26826
0.08286 0.98446
0.62342 0.29638
0.39915 0.52677
0.28423 0.89128
0.80418 0.94600
0.01576 0.97408
0.92391 0.21235
0.55186 0.21633
0.29485 0.02334
0.61427 0.17090
0.74045 0.01722
0.14015 0.07648
0.73708 0.46044
0.18957 0.06795
0.82647 0.35687
0.73553 0.74445
0.15554 0.02340
0.54642 0.28945
0.40927 0.97465
0.41844 0.36750
