0.17205 0.10641
0.23168 0.72633
0.77518 0.70669
0.19313 0.02297
0.57979 0.53081
0.78025 0.79319
0.83016 0.66366
0.15578 0.31050
0.49257 0.52656
0.91624 0.05761
0.81222 0.05807
0.92440 0.29000
0.03963 0.45008
0.83712 0.67574
0.09990 0.34282
0.74256 0.35216
0.30286 0.99170
0.29157 0.96860
0.73969 0.66802
0.76796 0.08422
0.78266 0.83675
0.29440 0.22348
0.75954 0.78157
0.51476 0.09922
0.60401 0.94784
0.24933 0.98836
0.89492 0.97797
0.08623 0.88530
0.51501 0.74789
0.52326 0.13621
0.20142 0.98115
0.55533 0.13056
0.38450 0.42993
0.63813 0.57988
0.28444 0.59615
0.55986 0.57937
0.63783 0.60958
0.13536 0.88194
0.07152 0.84587
0.19505 0.98359
0.01154 0.33823
0.91395 0.39761
0.97870 0.91781
0.89349 0.63137
0.39104 0.79313
0.53860 0.29723
0.59653 0.01985
0.46629 0.76497
0.95983 0.90159
0.23328 0.32704
0.68679 0.31071
0.35603 0.55525
0.38483 0.96746
0.29328 0.86478
0.53407 0.60638
0.63901 0.62180
0.76788 0.45574
0.53430 0.66480
0.28061 0.37934
0.29852 0.58972
0.33413 0.67580
0.30565 0.89910
0.51688 0.79372
0.44670 0.95363
0.92728 0.30070
0.52939 0.90008
0.53958 0.57813
0.37958 0.04186
0.45589 0.93463
0.44225 0.41361
0.76385 0.90488
0.19360 0.51726
0.20834 0.64947
0.05567 0.71576
0.30115 0.61996
0.70774 0.72347
0.45144 0.17326
0.15887 0.05258
0.45300 0.10585
0.85595 0.80019
0.56358 0.19379
0.67547 0.83666
0.73915 0.88000
0.44248 0.08379
0.46607 0.88146
0.36691 0.91607
0.33127 0.96417
0.44472 0.37913
0.59092 0.86293
0.60530 0.90741
0.29675 0.26417
0.27626 0.69754
0.10479 0.48181
0.17013 0.91231
0.41188 0.35553
0.93509 0.81671
0.48200 0.61709
0.92170 0.80464
0.08118 0.43388
0.19302 0.71090
0.86519 0.56515
0.20390 0.37698
0.13057 0.70801
0.66391 0.39087
0.15961 0.36465
0.62417 0.65515
0.08307 0.53265
0.70543 0.62243
0.14381 0.70816
0.09358 0.43876
0.77350 0.31545
0.92905 0.37773
0.77545 0.88638
0.51047 0.47460
0.57543 0.23421
0.23019 0.25839
0.75636 0.59800
0.72954 0.96077
0.62899 0.32955
0.04182 0.80562
0.84723 0.44464
0.19387 0.49405
0.45433 0.66484
0.08104 0.07302
0.42929 0.01970
0.48614 0.96701
0.08832 0.44228
0.90207 0.80276
0.77921 0.61434
0.50013 0.17404
0.15264 0.55039
0.40137 0.35600
0.93001 0.74192
0.19429 0.96742
0.09364 0.99282
0.05475 0.06346
0.09928 0.39931
0.39181 0.48155
0.02985 0.07230
0.85700 0.09212
0.27415 0.47727
0.48299 0.35006
0.97113 0.95610
0.71505 0.37784
0.11552 0.69431
0.47017 0.61885
0.19195 0.72822
0.29349 0.13281
0.80752 0.85440
0.43570 0.98505
0.78991 0.23655
0.54716 0.76054
0.80005 0.23680
0.82108 0.01816
0.40916 0.56395
0.53435 0.89050
0.48586 0.83958
0.89744 0.34594
0.17244 0.01932
0.60636 0.45858
0.49947 0.99710
0.70353 0.58350
0.37114 0.10894
0.38229 0.94653
0.77253 0.19284
0.53160 0.27604
0.59347 0.21078
0.82124 0.92888
0.48311 0.71328
0.23411 0.07932
0.73975 0.93973
0.85276 0.07891
0.97938 0.78195
0.32529 0.79152
0.06169 0.32937
0.92985 0.08293
0.01019 0.71957
0.86699 0.64751
0.95331 0.44605
0.82585 0.96067
0.87607 0.49648
0.72409 0.78152
0.05550 0.76556
0.49974 0.97906
0.19562 0.89003
0.96210 0.06701
0.77350 0.49122
0.44553 0.77082
0.11742 0.69009
0.89746 0.41866
0.81546 0.94228
0.62780 0.62939
0.55209 0.78953
0.14685 0.23135
0.52279 0.65758
0.11992 0.27960
0.52175 0.60474
0.15135 0.18829
0.61986 0.50629
0.78211 0.89213
0.55982 0.95958
0.41500 0.73920
0.41437 0.49060
0.84710 0.08502
0.88184 0.77390
0.62838 0.15973
0.91359 0.51880
0.50460 0.56016
0.91393 0.53369
0.68823 0.63933
0.16665 0.97276
0.70824 0.85410
0.39278 0.82702
0.33518 0.52259
0.83181 0.58791
0.78730 0.05131
0.80778 0.29834
0.55373 0.64780
0.23717 0.86867
0.76524 0.18653
0.91214 0.00706
0.01998 0.39677
0.59845 0.91711
0.54126 0.10154
0.95862 0.67500
0.08819 0.48035
0.67200 0.67735
0.59979 0.91649
0.44264 0.44387
0.85108 0.90608
0.74736 0.56533
0.50268 0.25794
0.55103 0.78004
0.71568 0.24394
0.79174 0.28796
0.84119 0.30071
0.59353 0.91330
0.36561 0.78789
0.40654 0.51759
0.47281 0.29779
0.50536 0.43169
0.34251 0.89911
0.91294 0.16835
0.02466 0.91354
0.57956 0.45167
0.52103 0.25989
0.92502 0.49746
0.86577 0.84811
0.45421 0.97614
0.18485 0.35238
0.38856 0.09213
0.47112 0.57200
0.98880 0.61123
0.22676 0.95992
0.38014 0.92079
0.47439 0.24703
