0.63189 0.49034
0.89568 0.74441
0.92184 0.09570
0.19048 0.82647
0.44117 0.04182
0.39230 0.89593
0.37567 0.50158
0.75598 0.90505
0.24541 0.24325
0.37971 0.68347
0.56918 0.74810
0.33255 0.57417
0.45591 0.00521
0.33372 0.53859
0.33817 0.69439
0.66867 0.01675
0.46225 0.53977
0.32005 0.89087
0.84651 0.79336
0.17648 0.45770
0.51859 0.57792
0.21669 0.03578
0.07154 0.82232
0.86478 0.85205
0.60874 0.94620
0.05215 0.25267
0.62573 0.33505
0.03037 0.89527
0.21164 0.82749
0.59676 0.31630
0.05601 0.30488
0.26763 0.28369
0.29924 0.35554
0.87643 0.33178
0.54870 0.25803
0.31710 0.49071
0.98927 0.71345
0.55355 0.95628
0.45000 0.96703
0.23633 0.85336
0.65356 0.22945
0.18009 0.60957
0.99299 0.10718
0.47831 0.40978
0.85961 0.04026
0.30574 0.96772
0.98371 0.25291
0.74482 0.55236
0.01930 0.12836
0.93106 0.30862
0.98770 0.47160
0.47327 0.57469
0.32987 0.65361
0.08744 0.04799
0.66276 0.35210
0.40281 0.11308
0.53901 0.16908
0.14184 0.63840
0.96122 0.51224
0.73189 0.98604
0.71036 0.33998
0.10953 0.31862
0.42573 0.31341
0.32714 0.33298
0.56699 0.94895
0.86609 0.37683
0.00402 0.84297
0.29758 0.34196
0.66423 0.81035
0.52905 0.58122
0.09776 0.50666
0.87516 0.84943
0.47247 0.84516
0.88557 0.90885
0.34624 0.27297
0.41600 0.46299
0.10661 0.20489
0.43432 0.95438
0.85441 0.38574
0.85333 0.72156
0.16317 0.13256
0.59872 0.72406
0.64828 0.95237
0.31451 0.58805
0.55326 0.35288
0.87699 0.98404
0.68399 0.93977
0.42495 0.20492
0.94558 0.68962
0.10212 0.78075
0.26753 0.94457
0.90102 0.11987
0.32360 0.36925
0.32196 0.67065
0.46195 0.62927
0.69922 0.25750
0.68429 0.59823
0.09354 0.75236
0.87506 0.71129
0.72512 0.77754
0.22952 0.53880
0.01620 0.94062
0.98610 0.65502
0.02266 0.20477
0.43187 0.01690
0.97815 0.61360
0.23102 0.14863
0.49183 0.63860
0.15236 0.20582
0.25499 0.99735
0.58629 0.48979
0.91448 0.22339
0.74108 0.70253
0.40986 0.13529
0.08092 0.90522
0.84989 0.74415
0.55953 0.31088
0.82916 0.71717
0.13963 0.54261
0.17312 0.12989
0.64946 0.48848
0.08481 0.03780
0.75500 0.58268
0.97464 0.30495
0.88514 0.34477
0.86597 0.53195
0.36065 0.42130
0.68515 0.49251
0.97072 0.97945
0.55589 0.99080
0.51123 0.18383
0.13151 0.30503
0.93329 0.04384
0.29966 0.06531
0.83538 0.47816
0.55114 0.41407
0.45431 0.78301
0.78285 0.09191
0.46721 0.25094
0.28950 0.88303
0.60656 0.80134
0.54791 0.17725
0.54388 0.22271
0.45892 0.53542
0.42593 0.91806
0.23018 0.00673
0.03055 0.17545
0.18844 0.10650
0.38673 0.63616
0.39592 0.39315
0.84832 0.28855
0.84523 0.68721
0.59543 0.41046
0.58910 0.66977
0.05339 0.70234
0.08389 0.95126
0.32507 0.52492
0.02068 0.54002
0.47326 0.21312
0.42311 0.76538
0.61306 0.85622
0.82806 0.11752
0.05658 0.46018
0.30833 0.49111
0.72696 0.45888
0.01288 0.26765
0.07457 0.02782
0.05398 0.83834
0.53351 0.88780
0.00829 0.32984
0.41365 0.54809
0.86239 0.78156
0.90231 0.25095
0.42643 0.36762
0.52352 0.08298
0.87317 0.58122
0.71080 0.24224
0.28537 0.98536
0.21760 0.29645
0.34751 0.25623
0.88776 0.72571
0.60539 0.22160
0.13424 0.19320
0.39373 0.79704
0.06420 0.59642
0.98396 0.04301
0.97954 0.09170
0.86225 0.54998
0.95119 0.51163
0.53003 0.71338
0.09754 0.91143
0.48262 0.30444
0.67399 0.65893
0.00643 0.89594
0.63995 0.22049
0.16511 0.93876
0.54780 0.35714
0.85122 0.87058
0.71192 0.57628
0.49106 0.82526
0.28521 0.13356
0.97789 0.22700
0.88948 0.65884
0.35816 0.70971
0.07011 0.85677
0.29822 0.32776
0.97596 0.28217
0.08599 0.67748
0.95321 0.12488
0.08095 0.71271
0.61996 0.71006
0.48359 0.66201
0.18382 0.74933
0.65215 0.01934
0.51824 0.25485
0.94264 0.32404
0.32184 0.88909
0.45346 0.45180
0.36680 0.59570
0.77223 0.63378
0.45924 0.36111
0.23690 0.77518
0.38934 0.46040
0.08213 0.20305
0.30674 0.88102
0.83796 0.63315
0.14889 0.41029
0.29164 0.76615
0.80106 0.15895
0.25130 0.03522
0.74605 0.05698
0.63755 0.84950
0.59131 0.12148
0.73778 0.47396
0.96284 0.21231
0.37775 0.08597
0.11530 0.38723
0.47665 0.48670
0.23330 0.67875
0.22695 0.04657
0.85502 0.40565
0.60791 0.71727
0.01859 0.12848
0.94093 0.33740
0.12031 0.73262
0.13651 0.17223
0.28484 0.42387
0.70661 0.89486
0.68530 0.24203
0.65124 0.73467
0.80272 0.78117
0.64001 0.40536
0.92006 0.20223
0.02874 0.97231
0.66804 0.25942
0.44800 0.67470
