0.06271 0.95530
0.86433 0.26025
0.07149 0.38841
0.25182 0.19577
0.20358 0.05716
0.99577 0.86980
0.43421 0.82496
0.92664 0.17520
0.40224 0.81618
0.06281 0.70086
0.32990 0.36755
0.92505 0.15686
0.80925 0.23653
0.82758 0.28828
0.45261 0.15848
0.86662 0.17192
0.38255 0.45213
0.33631 0.72633
0.32290 0.79333
0.18110 0.33637
0.38676 0.53003
0.09823 0.21884
0.64241 0.85359
0.56097 0.67242
0.30353 0.13213
0.82991 0.40626
0.28830 0.73121
0.37352 0.10003
0.28045 0.03111
0.93715 0.34900
0.41214 0.81423
0.53762 0.09938
0.91356 0.42083
0.05315 0.03852
0.58036 0.01992
0.78861 0.08083
0.42871 0.80319
0.85212 0.60532
0.73030 0.89636
0.91209 0.77380
0.00242 0.15959
0.54600 0.38698
0.87991 0.43521
0.87671 0.74360
0.97034 0.34004
0.98361 0.72759
0.72260 0.13018
0.57246 0.11143
0.84050 0.13513
0.97333 0.98778
0.21462 0.21236
0.67157 0.12608
0.42400 0.98440
0.45262 0.08505
0.26717 0.33919
0.78169 0.20000
0.63266 0.76826
0.93861 0.25712
0.61618 0.61773
0.21879 0.82898
0.82991 0.30546
0.68689 0.07107
0.08290 0.33039
0.48501 0.78297
0.48030 0.46586
0.02785 0.80541
0.25194 0.81461
0.49539 0.34849
0.62314 0.66797
0.13947 0.50154
0.63683 0.71759
0.27436 0.47298
0.28862 0.15126
0.44293 0.25888
0.16856 0.24560
0.99781 0.92915
0.13487 0.37393
0.78295 0.09981
0.15073 0.84796
0.19453 0.01566
0.44734 0.14184
0.44870 0.82588
0.49681 0.69064
0.69930 0.25629
0.30392 0.64900
0.55774 0.68159
0.76079 0.54757
0.02326 0.66091
0.41179 0.71509
0.10838 0.07543
0.85233 0.82071
0.58445 0.05245
0.51304 0.79700
0.43601 0.83172
0.32615 0.66940
0.97140 0.16453
0.36052 0.63925
0.57587 0.03334
0.55564 0.64112
0.72553 0.37807
0.30938 0.49907
0.52931 0.85423
0.26822 0.44417
0.62899 0.33851
0.04218 0.81293
0.15890 0.89375
0.28395 0.96007
0.78414 0.74629
0.92216 0.24406
0.62865 0.51617
0.90980 0.87651
0.53794 0.43100
0.49328 0.99800
0.68298 0.66528
0.85551 0.98705
0.90722 0.70196
0.43242 0.33267
0.58960 0.78947
0.98683 0.58430
0.25701 0.72313
0.10261 0.84430
0.50594 0.51938
0.94568 0.40855
0.91819 0.54792
0.55640 0.03803
0.75343 0.32499
0.79403 0.60700
0.43568 0.79109
0.21160 0.90831
0.18811 0.07914
0.58244 0.60297
0.88155 0.18193
0.66074 0.23784
0.29294 0.15583
0.58305 0.90524
0.45493 0.77297
0.02837 0.15224
0.01907 0.15952
0.08339 0.56908
0.19713 0.99669
0.16081 0.36091
0.21578 0.60363
0.68549 0.21649
0.75480 0.88303
0.76848 0.80214
0.18072 0.86423
0.13826 0.63084
0.31501 0.67394
0.54118 0.22565
0.58946 0.98290
0.39023 0.65267
0.41776 0.41287
0.95896 0.54531
0.26417 0.71418
0.02057 0.41729
0.06521 0.87715
0.08093 0.31040
0.42429 0.92182
0.71953 0.31531
0.35893 0.76043
0.31003 0.51167
0.30717 0.01725
0.42137 0.58877
0.82153 0.27884
0.37464 0.90383
0.11732 0.40162
0.04477 0.24019
0.93789 0.24179
0.96620 0.01805
0.04448 0.32502
0.86920 0.34007
0.22162 0.29120
0.22167 0.78155
0.23087 0.69087
0.97392 0.25650
0.81453 0.29272
0.92847 0.11203
0.94604 0.33092
0.53871 0.59218
0.76395 0.78155
0.24081 0.25794
0.79957 0.43210
0.54512 0.55943
0.40475 0.60407
0.43593 0.34155
0.36838 0.12680
0.09903 0.35509
0.41757 0.99112
0.97817 0.10028
0.45700 0.03761
0.43618 0.54927
0.41088 0.89098
0.82599 0.31467
0.73026 0.57722
0.06109 0.84011
0.37854 0.72303
0.78593 0.40023
0.77492 0.20305
0.30142 0.72904
0.49288 0.48765
0.10079 0.53711
0.31452 0.17155
0.96370 0.12442
0.68349 0.96559
0.35442 0.40796
0.74829 0.34947
0.23795 0.43909
0.15121 0.24869
0.52356 0.02928
0.37856 0.17103
0.19451 0.45318
0.75989 0.91797
0.47577 0.21099
0.69364 0.31181
0.71315 0.98045
0.67431 0.72092
0.40226 0.29866
0.33352 0.72078
0.21019 0.86084
0.05243 0.77248
0.03443 0.52909
0.19122 0.70687
0.40743 0.08187
0.99225 0.65347
0.80160 0.28641
0.39522 0.26233
0.81702 0.08414
0.12994 0.33700
0.89690 0.71534
0.37160 0.28839
0.73512 0.95189
0.71968 0.48285
0.25191 0.65216
0.09378 0.05729
0.98011 0.88787
0.11062 0.78972
0.67531 0.26040
0.53431 0.14053
0.38401 0.01516
0.35095 0.14420
0.60796 0.05558
0.64922 0.03973
0.24969 0.86883
0.35946 0.46131
0.67893 0.90333
0.18965 0.64533
0.09402 0.15449
0.69173 0.62266
0.65221 0.59473
0.85838 0.81224
0.09563 0.34186
0.56850 0.02335
0.31475 0.85187
0.24042 0.83964
0.19366 0.87295
0.31877 0.90046
