0.38452 0.38688
0.38533 0.29297
0.44506 0.88747
0.22513 0.54682
0.13126 0.32409
0.96761 0.17553
0.59503 0.87963
0.74334 0.23695
0.68516 0.82556
0.39324 0.66387
0.54134 0.19806
0.46953 0.30791
0.97725 0.23414
0.08324 0.02326
0.36074 0.89257
0.30704 0.03195
0.40075 0.98698
0.43959 0.09920
0.10833 0.41656
0.83157 0.11326
0.59106 0.59592
0.80328 0.14434
0.97935 0.90121
0.95813 0.85706
0.77200 0.44405
0.64394 0.94322
0.11672 0.34503
0.30505 0.77404
0.98248 0.48217
0.90459 0.72882
0.06396 0.05243
0.32400 0.57016
0.63695 0.35339
0.61333 0.88787
0.77306 0.33194
0.03917 0.00889
0.76221 0.74723
0.61345 0.01539
0.14375 0.73287
0.77627 0.64616
0.87393 0.82191
0.76504 0.42021
0.34746 0.70063
0.80381 0.95592
0.29605 0.60964
0.57843 0.21555
0.80995 0.82920
0.32950 0.08518
0.71149 0.29825
0.36832 0.65965
0.96469 0.96909
0.72798 0.22330
0.80124 0.28719
0.92610 0.56598
0.31211 0.26921
0.20112 0.49555
0.74725 0.68943
0.92165 0.87751
0.67939 0.47855
0.95111 0.18847
0.45425 0.89540
0.90422 0.76636
0.99933 0.19515
0.28720 0.16629
0.18170 0.92621
0.83784 0.60300
0.48212 0.69422
0.51903 0.17891
0.35610 0.67926
0.22244 0.45725
0.61942 0.62165
0.41694 0.35096
0.06245 0.52037
0.73152 0.31461
0.66610 0.99549
0.35419 0.26659
0.71924 0.23666
0.32308 0.06752
0.43296 0.29120
0.46759 0.59171
0.11829 0.46078
0.83243 0.14416
0.68256 0.33568
0.16612 0.83809
0.15538 0.65101
0.90181 0.96371
0.38517 0.38379
0.17816 0.56717
0.90970 0.52407
0.34645 0.60653
0.94836 0.96953
0.45822 0.98595
0.30956 0.50959
0.04896 0.06252
0.03059 0.82479
0.17535 0.67839
0.96653 0.88201
0.05250 0.22470
0.73360 0.66953
0.41008 0.50182
0.24581 0.53211
0.80831 0.51659
0.97806 0.63658
0.43761 0.55919
0.69904 0.67853
0.06834 0.84949
0.05291 0.73665
0.54429 0.48703
0.72715 0.56213
0.05350 0.43161
0.98089 0.22765
0.47176 0.24270
0.94371 0.20691
0.79713 0.18293
0.76477 0.87290
0.99039 0.93069
0.02910 0.96020
0.74496 0.53178
0.74938 0.95652
0.35147 0.03911
0.51728 0.05339
0.94849 0.91701
0.31773 0.08536
0.87483 0.36673
0.77370 0.79216
0.47949 0.06373
0.03936 0.08107
0.19509 0.46324
0.17509 0.99040
0.68715 0.56662
0.59485 0.49332
0.75653 0.00559
0.07830 0.02416
0.36452 0.27647
0.37762 0.54864
0.62516 0.62560
0.14873 0.50112
0.45230 0.04268
0.61056 0.87661
0.67830 0.91056
0.12846 0.14398
0.63669 0.59726
0.62404 0.86479
0.56433 0.97705
0.00087 0.03643
0.51713 0.42618
0.66462 0.36057
0.18192 0.72051
0.44371 0.74983
0.07589 0.73099
0.52810 0.40428
0.59517 0.12533
0.50545 0.81313
0.69019 0.79721
0.16490 0.78915
0.37543 0.49332
0.83259 0.11463
0.11894 0.89001
0.02011 0.64431
0.04023 0.44637
0.92660 0.40718
0.63663 0.87050
0.29322 0.58769
0.46724 0.53190
0.66950 0.58756
0.01252 0.84963
0.68967 0.50865
0.06759 0.20417
0.67906 0.08602
0.70691 0.33303
0.56170 0.68312
0.73887 0.96156
0.13436 0.07246
0.63305 0.83350
0.70318 0.19667
0.30137 0.44127
0.08511 0.67285
0.33890 0.29958
0.90868 0.63584
0.25420 0.54482
0.02884 0.99989
0.44872 0.88777
0.32014 0.97809
0.17659 0.86210
0.47870 0.49516
0.81283 0.91654
0.71973 0.39969
0.08727 0.24455
0.07708 0.50463
0.36974 0.79660
0.52479 0.60977
0.93499 0.45983
0.99557 0.29982
0.20900 0.06698
0.49659 0.58496
0.01813 0.77678
0.41985 0.92306
0.03049 0.12116
0.93305 0.54322
0.36486 0.92627
0.02158 0.22913
0.74218 0.10227
0.24598 0.31829
0.05624 0.68515
0.67138 0.48746
0.10181 0.78529
0.22881 0.24995
0.52502 0.67646
0.18876 0.28639
0.26238 0.87244
0.57029 0.72763
0.72155 0.81497
0.19721 0.58550
0.95015 0.96055
0.00401 0.56143
0.93199 0.02755
0.47739 0.45156
0.21299 0.07346
0.43236 0.73994
0.91052 0.59746
0.82975 0.48708
0.75517 0.80562
0.19658 0.87386
0.46418 0.21121
0.25804 0.20005
0.00356 0.34628
0.59262 0.11266
0.70400 0.93143
0.96501 0.79783
0.37969 0.62214
0.45448 0.45000
0.18033 0.63708
0.63130 0.76053
0.90727 0.94951
0.13479 0.94754
0.20552 0.02039
0.91494 0.72750
0.17866 0.57077
0.38077 0.86948
0.49749 0.15232
0.81635 0.86489
0.42458 0.66121
0.83199 0.89953
0.42603 0.24896
0.50457 0.11312
0.19651 0.35523
0.14139 0.21783
0.10448 0.16790
0.68323 0.29535
0.03154 0.62017
0.41173 0.90055
0.13513 0.65251
0.73680 0.09678
0.44602 0.05086
0.53697 0.54601
0.13957 0.95898
