0.11652 0.75575
0.26726 0.79711
0.14711 0.73136
0.91874 0.53993
0.16161 0.33273
0.30704 0.86567
0.75459 0.19878
0.94918 0.86486
0.45100 0.78976
0.20003 0.41466
0.62345 0.37721
0.09043 0.36330
0.81745 0.83148
0.41695 0.73005
0.23913 0.23138
0.25377 0.05617
0.16028 0.78330
0.72399 0.80171
0.93544 0.91061
0.07904 0.10206
0.02545 0.87305
0.45555 0.62469
0.03574 0.17491
0.15954 0.46852
0.68220 0.98562
0.57268 0.35867
0.26973 0.31384
0.04122 0.53052
0.44536 0.72787
0.83300 0.96206
0.41037 0.06933
0.55126 0.86015
0.42043 0.13266
0.50429 0.37879
0.46871 0.03867
0.53771 0.78589
0.09198 0.10325
0.55123 0.51044
0.72399 0.04291
0.01629 0.25843
0.40759 0.94942
0.21208 0.04147
0.74183 0.39944
0.38564 0.32629
0.31820 0.18075
0.30575 0.17350
0.95923 0.42364
0.51786 0.60368
0.95732 0.86388
0.72962 0.73861
0.05747 0.57579
0.62125 0.86283
0.10222 0.16266
0.29016 0.64316
0.84389 0.94809
0.76839 0.62899
0.54045 0.35000
0.83982 0.50717
0.75376 0.43692
0.14849 0.09008
0.15239 0.67991
0.12757 0.41849
0.07378 0.09677
0.25163 0.82722
0.19254 0.62122
0.83491 0.60801
0.41039 0.48493
0.30916 0.83269
0.06215 0.96075
0.58470 0.44738
0.42598 0.52226
0.96820 0.53064
0.72064 0.12983
0.13004 0.54656
0.19278 0.22907
0.18297 0.10316
0.85463 0.23920
0.27466 0.03938
0.05938 0.73196
0.57807 0.69277
0.07092 0.56233
0.52979 0.51288
0.22577 0.53099
0.27597 0.03296
0.40785 0.12678
0.45547 0.42822
0.61555 0.94334
0.18273 0.37912
0.33293 0.52084
0.11614 0.87979
0.60743 0.71884
0.64557 0.06872
0.46932 0.06144
0.29506 0.21284
0.72302 0.56684
0.61893 0.12919
0.81402 0.07501
0.24449 0.31921
0.00576 0.39221
0.51774 0.21904
0.03594 0.37540
0.59667 0.64189
0.01141 0.66957
0.15404 0.44137
0.21655 0.06433
0.38846 0.70234
0.87138 0.18999
0.71448 0.23249
0.83923 0.70126
0.55140 0.89645
0.50691 0.92387
0.18005 0.95171
0.40403 0.97963
0.60450 0.32487
0.99193 0.45824
0.93227 0.57630
0.08372 0.00561
0.74002 0.34642
0.71869 0.08071
0.82748 0.16350
0.52114 0.82834
0.36187 0.99269
0.89808 0.18036
0.71914 0.19565
0.80144 0.98517
0.24188 0.94700
0.53977 0.62360
0.44994 0.91170
0.94045 0.30012
0.21720 0.76617
0.13372 0.06107
0.09174 0.79491
0.79163 0.79101
0.04573 0.70582
0.09178 0.22745
0.75504 0.73346
0.48613 0.07002
0.59050 0.39733
0.59730 0.59050
0.54614 0.83341
0.56920 0.64841
0.88258 0.16319
0.24711 0.47532
0.53963 0.53933
0.25347 0.54810
0.97950 0.01969
0.16975 0.98641
0.55346 0.95540
0.00409 0.99559
0.15334 0.18447
0.35384 0.10610
0.11105 0.28680
0.33150 0.40430
0.29755 0.50824
0.19374 0.32474
0.44594 0.72200
0.23995 0.86302
0.26446 0.12373
0.22140 0.82190
0.13621 0.86612
0.24322 0.52274
0.85558 0.33842
0.05858 0.60001
0.17021 0.26060
0.49198 0.43914
0.47140 0.30658
0.31919 0.06936
0.23077 0.48474
0.29367 0.01223
0.67913 0.73217
0.68143 0.47619
0.88689 0.23425
0.10962 0.89966
0.42122 0.83225
0.54285 0.27752
0.29302 0.91521
0.64679 0.77665
0.74299 0.06612
0.15044 0.87846
0.80212 0.76257
0.37407 0.09737
0.88537 0.20277
0.95307 0.36560
0.04954 0.31486
0.35259 0.61215
0.53050 0.38355
0.93929 0.66964
0.05855 0.99415
0.36331 0.67196
0.95462 0.78819
0.65320 0.76256
0.37301 0.51303
0.30051 0.83310
0.38303 0.67915
0.00836 0.23634
0.75230 0.09119
0.37583 0.90355
0.08282 0.80826
0.44054 0.89458
0.25748 0.96172
0.89727 0.76365
0.72751 0.06176
0.41148 0.39823
0.49729 0.87345
0.17486 0.72389
0.82775 0.31766
0.20312 0.41559
0.05592 0.36250
0.78195 0.24369
0.27520 0.45991
0.21945 0.42271
0.05921 0.40505
0.14501 0.10216
0.20663 0.33504
0.70325 0.34966
0.88260 0.14048
0.07526 0.22560
0.21030 0.05347
0.02154 0.87108
0.51182 0.43948
0.91942 0.73668
0.25052 0.46508
0.96078 0.58638
0.05401 0.27076
0.59945 0.29776
0.34948 0.46288
0.94312 0.89455
0.50311 0.07058
0.51051 0.53272
0.14169 0.40750
0.58774 0.66347
0.88715 0.18946
0.17165 0.45106
0.52037 0.48458
0.16112 0.76637
0.85684 0.42444
0.93610 0.34675
0.13739 0.14775
0.49834 0.51623
0.23755 0.87746
0.99856 0.12488
0.88596 0.09984
0.81678 0.12764
0.46832 0.59506
0.24375 0.99657
0.97583 0.71038
0.09617 0.16142
0.54292 0.86748
0.75135 0.27916
0.34742 0.59991
0.88110 0.10951
0.25686 0.27015
0.07389 0.60517
0.73629 0.29151
0.76609 0.44771
0.95212 0.51065
