0.58381 0.18438
0.20381 0.80454
0.20620 0.90630
0.40275 0.89328
0.78995 0.35238
0.14717 0.44625
0.06305 0.37192
0.39465 0.01343
0.86058 0.93653
0.65226 0.13737
0.13468 0.62915
0.28210 0.66005
0.77927 0.52962
0.53405 0.97347
0.66872 0.23800
0.63980 0.72999
0.07645 0.05958
0.49163 0.81349
0.98549 0.93173
0.33228 0.33948
0.37027 0.14357
0.44349 0.13078
0.35649 0.66704
0.57345 0.99875
0.07771 0.35538
0.87070 0.52262
0.11833 0.08139
0.06876 0.10498
0.31981 0.67274
0.86862 0.76994
0.61699 0.09483
0.09236 0.29071
0.91307 0.74264
0.49652 0.17879
0.11280 0.19490
0.81297 0.35421
0.30153 0.41371
0.89525 0.47781
0.63387 0.06250
0.04390 0.77679
0.10389 0.53549
0.57039 0.10940
0.47312 0.58106
0.74381 0.40829
0.82536 0.32623
0.90923 0.32126
0.63943 0.49895
0.25757 0.95793
0.55289 0.12414
0.69002 0.54743
0.26370 0.30462
0.80989 0.84046
0.38921 0.92209
0.92366 0.59503
0.18401 0.26727
0.08268 0.23207
0.98181 0.55199
0.31680 0.17737
0.22322 0.17218
0.51347 0.37220
0.98269 0.10486
0.65275 0.22299
0.65476 0.34366
0.02527 0.95072
0.11089 0.00201
0.53718 0.25637
0.55413 0.68923
0.47137 0.16750
0.35212 0.38100
0.11168 0.36796
0.72960 0.36401
0.06466 0.11857
0.09756 0.54185
0.30817 0.51899
0.17026 0.90805
0.42084 0.42489
0.70385 0.75636
0.71052 0.45772
0.44894 0.33559
0.71826 0.60012
0.45502 0.34161
0.65927 0.30958
0.01303 0.90197
0.11256 0.83061
0.68245 0.63269
0.62737 0.45513
0.25080 0.00157
0.53682 0.12601
0.74033 0.66230
0.24035 0.90680
0.41284 0.04414
0.16175 0.53113
0.93852 0.60457
0.62324 0.62972
0.65208 0.44475
0.23480 0.04790
0.97340 0.12836
0.51541 0.34677
0.18350 0.63233
0.62119 0.38630
0.29898 0.54469
0.10874 0.72072
0.13045 0.84783
0.80969 0.55702
0.64612 0.55115
0.93503 0.14082
0.77698 0.23781
0.53930 0.47852
0.28248 0.03497
0.73626 0.92238
0.97628 0.19598
0.12752 0.05797
0.00038 0.39844
0.49887 0.54435
0.17102 0.96396
0.28453 0.28577
0.86193 0.60530
0.32644 0.70569
0.77187 0.46750
0.66522 0.75294
0.92524 0.39478
0.62948 0.07277
0.84925 0.82343
0.83056 0.09865
0.02187 0.37182
0.83586 0.48617
0.92116 0.38442
0.79802 0.72149
0.32222 0.43239
0.24140 0.30544
0.53275 0.04922
0.83896 0.79381
0.75724 0.43129
0.59366 0.34745
0.83460 0.47143
0.61204 0.26515
0.18607 0.46315
0.73593 0.61757
0.50941 0.42295
0.19357 0.94401
0.00641 0.34272
0.47151 0.94753
0.66039 0.37037
0.06707 0.58881
0.69997 0.45641
0.26816 0.08901
0.31571 0.79830
0.96799 0.42094
0.36832 0.77610
0.13802 0.59621
0.46779 0.60496
0.99824 0.44809
0.05218 0.74802
0.38737 0.58796
0.74950 0.32243
0.02901 0.41351
0.88873 0.26715
0.74149 0.18068
0.68416 0.50299
0.39109 0.69665
0.16023 0.36153
0.98642 0.81364
0.33566 0.18821
0.21803 0.63157
0.50948 0.07966
0.33411 0.49005
0.19806 0.47121
0.36417 0.99026
0.77955 0.57639
0.05566 0.84203
0.46738 0.40047
0.91698 0.36918
0.26458 0.26007
0.77005 0.90410
0.40988 0.94163
0.29957 0.28344
0.78799 0.64184
0.47645 0.25931
0.08129 0.25950
0.46796 0.28008
0.03971 0.87452
0.50469 0.67084
0.66044 0.33258
0.06274 0.59435
0.02900 0.62701
0.27485 0.55217
0.60403 0.49325
0.94696 0.57234
0.13836 0.30864
0.61202 0.05710
0.75902 0.37397
0.64776 0.22945
0.78862 0.34929
0.04197 0.38333
0.31732 0.26653
0.70072 0.04201
0.49732 0.73972
0.79458 0.18877
0.42525 0.52899
0.27008 0.06942
0.15546 0.73655
0.45558 0.00838
0.69633 0.61565
0.50092 0.92053
0.04138 0.60419
0.55614 0.41094
0.04680 0.24093
0.62366 0.05421
0.84411 0.22585
0.27469 0.10493
0.55892 0.17633
0.09772 0.14195
0.03520 0.54978
0.50504 0.27202
0.34594 0.74300
0.68692 0.94882
0.45592 0.30053
0.56727 0.99303
0.53206 0.43840
0.97837 0.41249
0.23555 0.32535
0.98955 0.03122
0.96009 0.96200
0.40116 0.67385
0.62168 0.39023
0.33777 0.41759
0.55908 0.31935
0.10207 0.40284
0.36005 0.72311
0.72820 0.83346
0.13646 0.39538
0.35241 0.74741
0.90393 0.38116
0.16917 0.49096
0.32469 0.18513
0.47329 0.53434
0.14586 0.73873
0.73451 0.46882
0.34139 0.64965
0.05440 0.00140
0.90930 0.58695
0.45751 0.01112
0.74454 0.71622
0.49654 0.16801
0.41076 0.43252
0.46040 0.59978
0.48117 0.90306
0.57772 0.42898
0.47378 0.16073
0.87733 0.85819
0.24595 0.10569
0.07510 0.27758
0.80306 0.89000
0.84090 0.91574
0.50875 0.62387
0.80890 0.79580
