0.01917 0.48954
0.38347 0.22411
0.20220 0.67099
0.83627 0.03804
0.84831 0.61512
0.72854 0.29449
0.79561 0.56604
0.93816 0.72737
0.03849 0.61850
0.87179 0.01111
0.46889 0.62788
0.60135 0.87975
0.25624 0.48211
0.49237 0.29025
0.18414 0.40906
0.07247 0.46749
0.71692 0.08230
0.47130 0.92502
0.03728 0.73183
0.45529 0.09700
0.63877 0.87725
0.30376 0.63287
0.48829 0.73831
0.51628 0.25833
0.29067 0.66851
0.48197 0.95931
0.33826 0.52050
0.95537 0.73358
0.87420 0.03351
0.58783 0.72479
0.77375 0.37798
0.00309 0.58002
0.65901 0.49112
0.70118 0.99109
0.26876 0.72827
0.15502 0.39834
0.65733 0.33088
0.63001 0.86585
0.00002 0.24667
0.00615 0.13214
0.65870 0.52589
0.79620 0.30665
0.82959 0.92541
0.05782 0.93765
0.69066 0.67375
0.24379 0.32916
0.42521 0.07442
0.80075 0.52171
0.17585 0.17168
0.29604 0.09742
0.33223 0.31207
0.73621 0.33305
0.44918 0.63228
0.71230 0.49396
0.25242 0.73834
0.07445 0.12408
0.95504 0.19918
0.21907 0.69915
0.46247 0.68668
0.93674 0.69848
0.24536 0.00074
0.25088 0.55898
0.18599 0.05604
0.07637 0.81050
0.15221 0.00625
0.13591 0.27953
0.02206 0.33784
0.58790 0.28242
0.52470 0.95381
0.32547 0.87861
0.69642 0.34198
0.32587 0.73467
0.28652 0.99370
0.63484 0.10022
0.52006 0.55025
0.88910 0.13581
0.27665 0.61341
0.49054 0.80086
0.83680 0.03465
0.07480 0.61144
0.03187 0.25015
0.09786 0.26009
0.18092 0.20150
0.46726 0.43363
0.99081 0.31917
0.36792 0.27894
0.79276 0.48365
0.03701 0.54432
0.05481 0.81690
0.04369 0.63936
0.13437 0.75403
0.58006 0.79554
0.21205 0.28515
0.78211 0.75822
0.77445 0.53646
0.01024 0.24085
0.02322 0.45728
0.17282 0.31331
0.98363 0.97186
0.20176 0.15423
0.04460 0.30617
0.59212 0.17195
0.76566 0.47175
0.09472 0.57894
0.87331 0.52198
0.60490 0.14546
0.55461 0.86074
0.79547 0.78247
0.76065 0.75956
0.31469 0.40950
0.25126 0.67466
0.86552 0.99706
0.15062 0.53043
0.78481 0.39458
0.24172 0.28486
0.92846 0.04232
0.48743 0.50149
0.53682 0.23529
0.19689 0.58701
0.83520 0.49955
0.78378 0.49174
0.77752 0.07714
0.00573 0.60594
0.69445 0.12169
0.99621 0.31428
0.94270 0.48494
0.01963 0.54041
0.03193 0.20069
0.69087 0.46735
0.73443 0.75474
0.24530 0.14688
0.17582 0.65256
0.79170 0.25789
0.45480 0.58758
0.60934 0.80355
0.55299 0.99977
0.61172 0.57546
0.01070 0.11267
0.32834 0.45816
0.49932 0.52450
0.02209 0.58484
0.88741 0.34789
0.66864 0.74628
0.22943 0.85395
0.11008 0.45538
0.17105 0.94742
0.96845 0.76308
0.17401 0.95417
0.58248 0.60532
0.01449 0.57724
0.00498 0.09804
0.93461 0.30427
0.49546 0.61637
0.87263 0.66520
0.15945 0.86841
0.32106 0.60605
0.18852 0.44679
0.31371 0.97330
0.80402 0.52374
0.79822 0.24916
0.42627 0.04257
0.92154 0.51812
0.01264 0.05854
0.86173 0.63172
0.66650 0.69850
0.88031 0.00792
0.67799 0.49767
0.30480 0.80787
0.51515 0.56138
0.01481 0.41913
0.00366 0.71809
0.13476 0.67001
0.46807 0.88001
0.68681 0.09671
0.82819 0.56261
0.81461 0.82451
0.57622 0.93604
0.85409 0.55643
0.89681 0.28145
0.03950 0.55826
0.94077 0.15943
0.31702 0.48572
0.97513 0.24771
0.31514 0.00237
0.41003 0.56962
0.34621 0.10633
0.14613 0.22842
0.77685 0.24812
0.01009 0.46841
0.44388 0.66041
0.32185 0.00847
0.98689 0.44662
0.70549 0.17633
0.93292 0.29084
0.75315 0.28118
0.97424 0.33707
0.54752 0.48912
0.80546 0.91342
0.06178 0.52953
0.90195 0.37877
0.92524 0.62265
0.17177 0.15000
0.34377 0.32866
0.26449 0.09181
0.76920 0.03049
0.88147 0.50916
0.04471 0.69677
0.38790 0.50636
0.93478 0.00259
0.71292 0.48950
0.57736 0.39003
0.01485 0.15229
0.06392 0.97357
0.60795 0.11553
0.43829 0.73340
0.11869 0.16823
0.84350 0.84511
0.78407 0.49161
0.62475 0.67647
0.79751 0.74150
0.64319 0.66807
0.68528 0.63080
0.69996 0.98824
0.42612 0.22545
0.34992 0.97899
0.03798 0.29158
0.32450 0.00184
0.42725 0.67856
0.75921 0.16668
0.21027 0.31928
0.47096 0.54580
0.02265 0.79694
0.26055 0.99696
0.78517 0.66314
0.68474 0.40996
0.60236 0.45671
0.10344 0.85771
0.53369 0.46011
0.16852 0.32946
0.30226 0.41009
0.45096 0.23054
0.44709 0.99133
0.40317 0.03534
0.71648 0.26189
0.58098 0.81176
0.02004 0.53589
0.38848 0.13222
0.82632 0.18995
0.32660 0.24397
0.78200 0.16852
0.58385 0.37414
0.54931 0.61822
0.40534 0.96331
0.22374 0.18930
0.58876 0.90025
0.24277 0.03392
