0.70488 0.94615
0.50446 0.08402
0.96879 0.10037
0.25193 0.04729
0.45980 0.68400
0.66908 0.61946
0.55927 0.46297
0.83357 0.28359
0.20106 0.26043
0.57297 0.28785
0.96143 0.00316
0.04009 0.17547
0.69381 0.92543
0.01911 0.77037
0.18672 0.43552
0.67975 0.70779
0.96689 0.27814
0.03189 0.04556
0.98740 0.29581
0.76683 0.05780
0.05314 0.63601
0.19660 0.78087
0.93615 0.82763
0.44009 0.70500
0.02582 0.64644
0.87900 0.73069
0.43110 0.45731
0.86735 0.89266
0.15065 0.06617
0.91970 0.02420
0.93534 0.68104
0.25280 0.63378
0.16133 0.53349
0.69614 0.78901
0.12757 0.44905
0.87436 0.58889
0.55467 0.79960
0.57789 0.69449
0.27659 0.11856
0.17917 0.86245
0.50373 0.20060
0.53740 0.69891
0.60567 0.80981
0.99070 0.99790
0.72170 0.26819
0.51164 0.84736
0.77508 0.72928
0.68377 0.13502
0.62519 0.63596
0.71507 0.49482
0.88362 0.41380
0.35862 0.88279
0.96021 0.69559
0.78819 0.67548
0.32924 0.53095
0.84465 0.02121
0.55369 0.79267
0.72650 0.49683
0.59558 0.98080
0.15450 0.86401
0.22602 0.84295
0.74215 0.81346
0.58657 0.61629
0.49234 0.50053
0.24811 0.65045
0.15914 0.26473
0.53524 0.87754
0.38387 0.79703
0.95511 0.77435
0.89633 0.90152
0.83570 0.29633
0.76025 0.61333
0.18079 0.96127
0.21977 0.20300
0.69215 0.17323
0.35791 0.14139
0.08105 0.39842
0.15209 0.15944
0.87528 0.80319
0.69638 0.78110
0.62509 0.63050
0.56688 0.55219
0.10775 0.78004
0.62254 0.91425
0.64958 0.25219
0.96110 0.80159
0.00353 0.46992
0.91491 0.19397
0.97797 0.06259
0.97986 0.26338
0.50764 0.52991
0.33794 0.78846
0.88260 0.72992
0.84880 0.24228
0.50057 0.02358
0.49010 0.61598
0.62468 0.72660
0.22866 0.52233
0.98585 0.42550
0.65164 0.10773
0.99411 0.03650
0.00222 0.30578
0.37190 0.52872
0.72159 0.02380
0.34716 0.64568
0.03948 0.95571
0.26749 0.35038
0.00834 0.09018
0.72887 0.78229
0.24447 0.92967
0.35620 0.40401
0.34770 0.89110
0.30205 0.17823
0.15486 0.69862
0.36031 0.01756
0.90350 0.18325
0.35584 0.73989
0.11164 0.91846
0.78734 0.23378
0.19259 0.34827
0.83727 0.44210
0.29829 0.55036
0.12915 0.52306
0.17033 0.36434
0.65177 0.22102
0.29951 0.53522
0.63642 0.45157
0.04917 0.18915
0.40275 0.65545
0.72227 0.10611
0.28409 0.09696
0.89276 0.47890
0.82989 0.95743
0.98723 0.15633
0.35242 0.95866
0.43929 0.69832
0.98614 0.00548
0.61097 0.79852
0.56874 0.50664
0.68879 0.21098
0.10548 0.89632
0.02536 0.78284
0.74967 0.24782
0.64727 0.16207
0.85975 0.45019
0.06246 0.84961
0.26174 0.80259
0.32555 0.21957
0.78773 0.07734
0.99840 0.94976
0.25259 0.52031
0.93632 0.32129
0.27829 0.90804
0.71785 0.23164
0.78807 0.06008
0.69357 0.87190
0.03407 0.80505
0.22527 0.51379
0.51662 0.14460
0.69027 0.05374
0.17896 0.59252
0.76260 0.14125
0.56067 0.85843
0.98588 0.10183
0.51830 0.12428
0.18220 0.92592
0.74036 0.90766
0.07117 0.19003
0.23891 0.48827
0.67279 0.75702
0.79856 0.90987
0.68991 0.19052
0.22895 0.92814
0.07706 0.23822
0.96235 0.20163
0.97100 0.12276
0.13013 0.13862
0.48137 0.70602
0.19216 0.28945
0.37370 0.60499
0.41325 0.70818
0.03810 0.93244
0.47175 0.75123
0.28379 0.86306
0.09122 0.06733
0.70353 0.84068
0.22322 0.50534
0.96470 0.82616
0.29092 0.19582
0.30310 0.51469
0.22102 0.43862
0.22868 0.53991
0.18587 0.55733
0.40624 0.80655
0.90157 0.13383
0.25538 0.26938
0.88742 0.11038
0.28787 0.20059
0.60638 0.91256
0.40563 0.36526
0.44757 0.94444
0.57306 0.62460
0.36803 0.97831
0.95616 0.02820
0.51494 0.49946
0.26260 0.53907
0.19987 0.39994
0.49820 0.35969
0.70041 0.87073
0.41018 0.90811
0.80639 0.66392
0.89620 0.29754
0.87506 0.28141
0.68510 0.84450
0.88806 0.98236
0.16276 0.02470
0.87468 0.55918
0.92672 0.20007
0.44829 0.61135
0.67743 0.21408
0.87570 0.16041
0.52900 0.59154
0.20495 0.01055
0.02992 0.07706
0.92308 0.18092
0.71525 0.84720
0.83717 0.21849
0.22300 0.46194
0.77911 0.20137
0.56436 0.39590
0.93558 0.72228
0.29202 0.13460
0.11237 0.18905
0.72851 0.83220
0.82431 0.47557
0.51364 0.04614
0.67793 0.85551
0.42972 0.38599
0.72846 0.40070
0.35130 0.44237
0.04521 0.75167
0.57804 0.10366
0.31850 0.71676
0.81954 0.23937
0.59936 0.91694
0.24220 0.92408
0.34871 0.74091
0.80842 0.66959
0.94307 0.02876
0.65029 0.67987
0.91742 0.91349
0.16341 0.21823
0.99927 0.62776
0.93619 0.55303
0.56104 0.95047
0.00899 0.24829
