0.90951 0.32988
0.46975 0.41217
0.13588 0.60761
0.89934 0.51986
0.51180 0.07502
0.45299 0.73049
0.39200 0.93807
0.59852 0.80621
0.63800 0.38138
0.17668 0.06277
0.88047 0.84726
0.35241 0.51469
0.39264 0.71332
0.15334 0.22780
0.46411 0.93420
0.64589 0.35731
0.79557 0.50168
0.18421 0.11723
0.89057 0.22940
0.10081 0.30928
0.79176 0.65162
0.23029 0.66713
0.48318 0.58767
0.41017 0.93449
0.48374 0.53584
0.68871 0.26090
0.87341 0.43137
0.20711 0.13882
0.48531 0.04188
0.53461 0.59578
0.39214 0.27518
0.44779 0.08922
0.22394 0.16298
0.77025 0.34192
0.89268 0.85278
0.65847 0.91386
0.85471 0.20324
0.95192 0.13157
0.19031 0.32544
0.59302 0.54822
0.40294 0.17840
0.78347 0.79136
0.98175 0.51564
0.35101 0.22763
0.06952 0.82020
0.70674 0.47618
0.75614 0.20578
0.94475 0.33095
0.17194 0.24068
0.02975 0.20527
0.08623 0.57284
0.73651 0.89531
0.00551 0.26328
0.75600 0.43023
0.36431 0.54504
0.78988 0.16992
0.02940 0.02007
0.57255 0.00711
0.71097 0.26028
0.17761 0.35977
0.00854 0.17979
0.56399 0.16230
0.03327 0.42791
0.74843 0.46746
0.71070 0.31105
0.88280 0.52503
0.04738 0.71214
0.13398 0.67202
0.83316 0.24541
0.76019 0.57389
0.89695 0.93380
0.85075 0.04920
0.73607 0.79302
0.02677 0.57123
0.44338 0.71107
0.92828 0.35813
0.93069 0.04206
0.94832 0.64271
0.79367 0.24586
0.37985 0.96519
0.54350 0.35998
0.97741 0.88470
0.77029 0.58836
0.20459 0.13481
0.38042 0.72571
0.33829 0.19350
0.98603 0.95709
0.53751 0.50736
0.82849 0.47737
0.95208 0.99343
0.35559 0.74467
0.30922 0.52298
0.72111 0.02884
0.06398 0.69658
0.72097 0.56259
0.45712 0.31503
0.53781 0.89052
0.08541 0.82137
0.73054 0.48444
0.73464 0.42528
0.27883 0.08844
0.55176 0.39163
0.13093 0.08684
0.48749 0.39144
0.95336 0.35025
0.74299 0.82676
0.34647 0.32116
0.87976 0.33639
0.73787 0.50587
0.64262 0.56140
0.93461 0.46353
0.01182 0.97727
0.63419 0.02227
0.87299 0.95659
0.48510 0.13203
0.14452 0.95923
0.58569 0.59267
0.37839 0.42250
0.38661 0.42438
0.96196 0.32153
0.21001 0.16384
0.11803 0.05010
0.26302 0.31915
0.39602 0.57202
0.92348 0.60900
0.67200 0.93314
0.71866 0.95883
0.36739 0.70181
0.10986 0.73731
0.09252 0.20808
0.73572 0.51434
0.55980 0.25953
0.14508 0.35560
0.88408 0.97496
0.90065 0.67373
0.67096 0.83172
0.57609 0.92441
0.05704 0.31460
0.29733 0.30624
0.20303 0.56699
0.45678 0.82601
0.27164 0.20169
0.08834 0.71087
0.32604 0.43244
0.06302 0.07586
0.48587 0.35930
0.74571 0.68886
0.29463 0.95789
0.54905 0.26445
0.37971 0.81070
0.53201 0.73295
0.45196 0.94872
0.35036 0.23150
0.07223 0.62091
0.96946 0.45434
0.67633 0.24925
0.62307 0.26084
0.52759 0.80575
0.47598 0.62890
0.58785 0.16999
0.86981 0.33149
0.31257 0.17605
0.67888 0.23330
0.99659 0.90110
0.52273 0.18912
0.93456 0.35012
0.63761 0.47989
0.57920 0.26971
0.58486 0.92565
0.34149 0.43960
0.71905 0.28433
0.80324 0.67157
0.82973 0.81384
0.66677 0.35365
0.16479 0.08170
0.17749 0.13431
0.63510 0.38119
0.27650 0.24261
0.97396 0.43035
0.39289 0.12915
0.74232 0.65934
0.76848 0.05838
0.81680 0.15839
0.19999 0.09656
0.71852 0.65156
0.37037 0.02234
0.65813 0.55852
0.00786 0.97543
0.49909 0.69160
0.99425 0.33379
0.59019 0.05285
0.31181 0.05057
0.67609 0.01783
0.80117 0.89965
0.16117 0.57171
0.90169 0.91504
0.02055 0.38671
0.98813 0.23002
0.95987 0.19530
0.91565 0.64331
0.32482 0.97240
0.78009 0.82786
0.15339 0.88567
0.01989 0.90052
0.22317 0.68353
0.41326 0.09525
0.23855 0.79870
0.93913 0.01110
0.61264 0.83229
0.95125 0.40922
0.91246 0.11395
0.04327 0.12998
0.05801 0.82918
0.34564 0.07449
0.16015 0.52678
0.19465 0.19876
0.41360 0.44463
0.10171 0.00626
0.55829 0.85687
0.10055 0.07771
0.10920 0.08372
0.33595 0.67950
0.31699 0.65261
0.16531 0.37088
0.02565 0.31696
0.39922 0.46504
0.88734 0.95756
0.33207 0.50153
0.25923 0.65549
0.24468 0.27125
0.90501 0.49929
0.91106 0.62805
0.27251 0.17234
0.70961 0.94772
0.42611 0.42173
0.75347 0.07398
0.55196 0.61834
0.13247 0.46181
0.63934 0.79350
0.16785 0.12152
0.42587 0.21012
0.45595 0.73246
0.42335 0.92019
0.10772 0.68433
0.61623 0.07604
0.19036 0.81730
0.17229 0.75558
0.10939 0.99013
0.81204 0.71020
0.57960 0.83065
0.67027 0.02481
0.39984 0.19346
0.96267 0.11484
0.05246 0.95433
0.37188 0.13991
0.11585 0.59845
