0.48867 0.35161
0.79871 0.22486
0.28502 0.78288
0.89573 0.06796
0.11770 0.76843
0.24373 0.94616
0.83737 0.05431
0.94839 0.55418
0.56107 0.16490
0.42905 0.64667
0.30727 0.99802
0.67461 0.94840
0.72984 0.11403
0.61833 0.34618
0.68888 0.99165
0.24415 0.97127
0.70906 0.60835
0.13065 0.00542
0.47618 0.82873
0.74987 0.68784
0.80436 0.68841
0.18270 0.94951
0.81644 0.32674
0.16005 0.03110
0.49914 0.17476
0.12308 0.00215
0.84194 0.26743
0.21060 0.71664
0.46210 0.79997
0.57923 0.24262
0.86923 0.90496
0.36837 0.76561
0.71437 0.41200
0.07679 0.77797
0.52050 0.74339
0.63199 0.00617
0.20873 0.56560
0.24497 0.94239
0.36183 0.98953
0.87880 0.64179
0.86612 0.25416
0.12899 0.08214
0.08055 0.00380
0.78202 0.25721
0.79553 0.32981
0.19630 0.66581
0.10064 0.42981
0.44918 0.84717
0.81538 0.74308
0.68772 0.85049
0.89993 0.26445
0.62009 0.55778
0.81120 0.40022
0.92653 0.80916
0.63210 0.77085
0.33239 0.32522
0.80879 0.64231
0.34145 0.10667
0.57790 0.72948
0.51705 0.64614
0.62952 0.83530
0.10135 0.31820
0.23752 0.79860
0.43242 0.07133
0.31699 0.97072
0.42753 0.34923
0.99557 0.63747
0.22534 0.66480
0.33083 0.38926
0.14928 0.61521
0.16119 0.21311
0.10500 0.74273
0.97651 0.41790
0.67146 0.17203
0.72827 0.18596
0.17110 0.22906
0.18958 0.61387
0.15049 0.57982
0.82506 0.41067
0.39700 0.98909
0.74481 0.65536
0.89412 0.69169
0.32327 0.49363
0.96153 0.14496
0.28152 0.81060
0.20662 0.06505
0.58617 0.26366
0.93772 0.26400
0.51111 0.57753
0.73863 0.07542
0.88304 0.86166
0.91902 0.33657
0.42362 0.64496
0.80251 0.01419
0.15759 0.41898
0.13999 0.06354
0.82380 0.82982
0.28037 0.04267
0.19806 0.60293
0.93986 0.06752
0.92555 0.13068
0.90140 0.64274
0.10515 0.99025
0.66920 0.39387
0.04953 0.83006
0.20395 0.02158
0.72651 0.37193
0.33611 0.22906
0.45854 0.21702
0.56721 0.46522
0.77600 0.53923
0.52401 0.27306
0.26444 0.43129
0.99793 0.39563
0.11636 0.87346
0.70907 0.02780
0.49083 0.62611
0.14959 0.73812
0.44862 0.97666
0.53210 0.08598
0.06088 0.75462
0.70915 0.37223
0.73701 0.08991
0.54338 0.72169
0.82076 0.82064
0.98686 0.54788
0.44686 0.84464
0.09194 0.42412
0.43849 0.59844
0.61305 0.44352
0.15228 0.39041
0.30716 0.31261
0.34080 0.82392
0.74566 0.84058
0.41863 0.90864
0.93118 0.31047
0.44111 0.49572
0.38891 0.09563
0.28714 0.81464
0.05830 0.62838
0.41595 0.30601
0.64369 0.97691
0.40160 0.76456
0.38543 0.10557
0.54027 0.95294
0.75524 0.55228
0.95830 0.12891
0.21802 0.91029
0.97236 0.93792
0.11940 0.97391
0.61104 0.62770
0.64422 0.35435
0.72788 0.69490
0.94435 0.00838
0.69833 0.02104
0.42512 0.59059
0.45808 0.45214
0.75705 0.18287
0.11591 0.21105
0.13964 0.61987
0.11686 0.50515
0.49711 0.58342
0.88814 0.25971
0.70841 0.89301
0.08903 0.48129
0.22614 0.96624
0.97138 0.24246
0.30050 0.32966
0.31016 0.62034
0.38477 0.85677
0.76977 0.95088
0.92879 0.22958
0.22888 0.81390
0.76060 0.68121
0.06434 0.32102
0.51644 0.24859
0.75655 0.35119
0.18678 0.41619
0.25736 0.57389
0.03876 0.36893
0.45213 0.29535
0.74750 0.69942
0.05857 0.88836
0.67823 0.68278
0.36478 0.06821
0.34349 0.97851
0.52127 0.43456
0.80710 0.59086
0.50648 0.26002
0.43678 0.03451
0.86684 0.80997
0.21594 0.00482
0.17935 0.96578
0.94180 0.23337
0.61685 0.18783
0.61349 0.75904
0.28368 0.95344
0.04603 0.84995
0.82088 0.04871
0.79816 0.08959
0.24749 0.18254
0.69046 0.44740
0.38399 0.99882
0.56736 0.54270
0.31928 0.04328
0.48950 0.85471
0.17616 0.93589
0.27955 0.41142
0.51736 0.59405
0.48427 0.90696
0.83180 0.54062
0.73859 0.28663
0.35652 0.05053
0.97870 0.35619
0.65022 0.84752
0.73970 0.62515
0.20377 0.42762
0.62622 0.39384
0.87120 0.25724
0.37628 0.34876
0.74621 0.33207
0.21798 0.09245
0.04921 0.35712
0.37715 0.89599
0.32862 0.23354
0.79980 0.01794
0.95402 0.05714
0.47500 0.71429
0.07209 0.45360
0.37315 0.52904
0.63132 0.35280
0.33989 0.52546
0.23926 0.71993
0.18824 0.87628
0.86091 0.35585
0.42958 0.14571
0.32515 0.67293
0.56497 0.18022
0.41238 0.42925
0.27394 0.01685
0.26490 0.98258
0.98866 0.87813
0.00326 0.42938
0.14203 0.01957
0.36024 0.45988
0.62141 0.37679
0.15680 0.80626
0.64727 0.46702
0.74912 0.26655
0.87946 0.42626
0.75279 0.73949
0.37447 0.61718
0.17630 0.29804
0.36614 0.57674
0.33120 0.78404
0.89945 0.21314
