0.45860 0.27747
0.54748 0.03050
0.61499 0.98843
0.13052 0.45548
0.56319 0.32110
0.40597 0.58690
0.91774 0.02764
0.61381 0.01342
0.99509 0.98945
0.98292 0.38131
0.77616 0.09991
0.31074 0.30832
0.22437 0.54764
0.19390 0.23512
0.08909 0.56451
0.48620 0.50487
0.65120 0.00822
0.26224 0.13088
0.81414 0.95872
0.31665 0.47532
0.82334 0.16831
0.56952 0.49839
0.34674 0.87933
0.43107 0.29342
0.64758 0.19891
0.66965 0.25016
0.74520 0.59030
0.53449 0.85961
0.48502 0.72744
0.16339 0.92997
0.89680 0.45802
0.30546 0.64848
0.66923 0.44629
0.07273 0.40400
0.87220 0.20539
0.67606 0.22249
0.51938 0.00744
0.34300 0.43707
0.47884 0.59309
0.73641 0.49614
0.26186 0.07135
0.61420 0.53766
0.68000 0.32862
0.21023 0.93290
0.36284 0.96389
0.35092 0.31070
0.39918 0.49005
0.73539 0.84520
0.55043 0.70821
0.37084 0.79804
0.26199 0.31133
0.96621 0.13436
0.06839 0.24984
0.87923 0.62037
0.45027 0.19242
0.64759 0.97334
0.16841 0.65147
0.39553 0.78224
0.74742 0.54543
0.59083 0.73587
0.56852 0.05393
0.99943 0.31815
0.18868 0.57968
0.46131 0.32041
0.24514 0.56128
0.34212 0.62890
0.94508 0.99574
0.97542 0.22114
0.11092 0.31091
0.29923 0.52455
0.49956 0.97818
0.17137 0.55931
0.17951 0.89567
0.09022 0.27229
0.92046 0.28748
0.97807 0.63397
0.50274 0.58283
0.78533 0.35898
0.93983 0.61360
0.72545 0.78108
0.82426 0.31329
0.61322 0.22351
0.37090 0.35923
0.84710 0.71253
0.24070 0.85853
0.03568 0.25237
0.13830 0.47417
0.05813 0.74417
0.36397 0.36251
0.37517 0.09284
0.31150 0.71970
0.45433 0.77136
0.31238 0.81279
0.57685 0.19148
0.21382 0.53488
0.32139 0.44927
0.11753 0.05173
0.92353 0.89859
0.26985 0.59397
0.85193 0.15603
0.43484 0.57456
0.72218 0.72518
0.79689 0.97014
0.68024 0.88649
0.08103 0.34046
0.17185 0.70723
0.60112 0.57369
0.36721 0.00602
0.64257 0.51044
0.46172 0.61732
0.80673 0.28060
0.47221 0.63205
0.55316 0.37877
0.94187 0.61596
0.87851 0.48531
0.91755 0.31172
0.59749 0.42685
0.90902 0.92121
0.59091 0.34285
0.84885 0.88570
0.33231 0.67308
0.09886 0.11570
0.95215 0.76499
0.42887 0.10272
0.26031 0.28079
0.11782 0.04628
0.30056 0.85689
0.07046 0.91034
0.63613 0.51966
0.62578 0.04841
0.22060 0.24413
0.22466 0.11373
0.00541 0.87011
0.29856 0.23605
0.87753 0.40824
0.13517 0.15202
0.85356 0.49440
0.30450 0.09120
0.49574 0.15335
0.06462 0.19826
0.13731 0.13945
0.98370 0.37310
0.22218 0.05096
0.41433 0.09916
0.88901 0.22709
0.37451 0.69756
0.16891 0.35101
0.77306 0.27348
0.14619 0.38431
0.54632 0.78444
0.57453 0.80634
0.71405 0.38396
0.58873 0.84243
0.50264 0.22241
0.23350 0.54430
0.13075 0.08423
0.67309 0.35884
0.36814 0.01196
0.37120 0.49185
0.17992 0.47918
0.94025 0.06531
0.41614 0.17914
0.86046 0.57709
0.75975 0.02061
0.38072 0.62170
0.50852 0.21362
0.98004 0.51985
0.88996 0.42601
0.89264 0.15641
0.72886 0.37224
0.43044 0.89263
0.81577 0.53019
0.44936 0.96511
0.09864 0.37467
0.82826 0.68200
0.73961 0.66736
0.89135 0.38176
0.14645 0.22843
0.46418 0.57921
0.76975 0.95229
0.57104 0.18996
0.39412 0.15635
0.23008 0.93668
0.23909 0.78221
0.66845 0.74653
0.73933 0.18338
0.92300 0.27346
0.79737 0.25798
0.17124 0.53039
0.96863 0.75289
0.70525 0.10942
0.54412 0.91361
0.46930 0.41291
0.53286 0.77227
0.34897 0.12394
0.64734 0.32162
0.51717 0.70901
0.44335 0.76472
0.72111 0.24723
0.70883 0.02412
0.77621 0.55099
0.46038 0.85720
0.80277 0.49105
0.69211 0.57201
0.75282 0.90608
0.35698 0.09505
0.83824 0.25791
0.48732 0.62800
0.26649 0.82326
0.29931 0.83679
0.58062 0.66260
0.14505 0.19420
0.90982 0.91014
0.61484 0.86541
0.89941 0.81185
0.52038 0.01783
0.04342 0.76754
0.29273 0.15049
0.80076 0.41789
0.58363 0.39751
0.60299 0.53355
0.00862 0.84337
0.94395 0.39968
0.78915 0.52923
0.59394 0.13815
0.54098 0.01607
0.09085 0.24778
0.32315 0.80443
0.80211 0.81485
0.41908 0.80704
0.41580 0.42876
0.40999 0.21525
0.99758 0.64142
0.15033 0.36346
0.45339 0.09769
0.52602 0.53237
0.36801 0.36786
0.34601 0.33512
0.73203 0.11021
0.22217 0.54081
0.62561 0.08979
0.39283 0.52619
0.67378 0.99027
0.02141 0.07986
0.31028 0.15346
0.87818 0.07412
0.21792 0.31493
0.51897 0.78060
0.13562 0.93641
0.76248 0.43367
0.12614 0.03176
0.69873 0.56050
0.93802 0.02915
0.79134 0.77230
0.27131 0.36233
0.92778 0.14550
