0.45333 0.14407
0.17799 0.61597
0.97711 0.27160
0.43128 0.84360
0.31930 0.23238
0.98934 0.52083
0.07671 0.34557
0.75932 0.03395
0.33692 0.74283
0.39236 0.86716
0.93670 0.13395
0.63191 0.97201
0.95747 0.50631
0.99813 0.80069
0.24654 0.32362
0.33532 0.57612
0.04311 0.14024
0.76926 0.34813
0.38064 0.10688
0.46571 0.66994
0.32332 0.29213
0.27067 0.05676
0.25072 0.00448
0.17162 0.19431
0.27691 0.51422
0.23338 0.22367
0.07791 0.08885
0.96260 0.64108
0.56576 0.91143
0.04576 0.03560
0.39133 0.86023
0.36721 0.17106
0.95600 0.67431
0.96031 0.83234
0.73712 0.04174
0.69725 0.82819
0.55842 0.46704
0.68669 0.65140
0.90944 0.14299
0.27759 0.78763
0.07595 0.55592
0.88034 0.79473
0.89905 0.17411
0.90963 0.31814
0.89443 0.01000
0.67267 0.79495
0.93364 0.11384
0.45974 0.55801
0.33821 0.68721
0.08859 0.13381
0.05099 0.75674
0.85619 0.88109
0.27968 0.64299
0.23106 0.12815
0.71720 0.19513
0.39569 0.41470
0.21418 0.02870
0.08526 0.15660
0.68720 0.53731
0.60410 0.46727
0.39830 0.62743
0.66367 0.54554
0.40404 0.09288
0.13997 0.56798
0.78630 0.82150
0.01898 0.47120
0.00991 0.02652
0.04146 0.15200
0.90491 0.51661
0.90568 0.66081
0.56185 0.44819
0.91927 0.64171
0.11300 0.15180
0.28698 0.39393
0.74893 0.47022
0.48458 0.57333
0.28154 0.85165
0.22744 0.78640
0.18850 0.77716
0.80737 0.28142
0.20210 0.61892
0.83554 0.09562
0.03807 0.46980
0.43514 0.98915
0.42373 0.38950
0.09518 0.55870
0.10540 0.60622
0.80054 0.55443
0.27817 0.62364
0.17095 0.45798
0.06384 0.56523
0.12572 0.46755
0.60165 0.76672
0.17324 0.25202
0.43846 0.89180
0.89148 0.43298
0.20703 0.21511
0.72136 0.14020
0.96496 0.03319
0.06524 0.75855
0.14174 0.39061
0.70240 0.77518
0.41639 0.44103
0.58530 0.20237
0.70821 0.65838
0.44196 0.02636
0.27921 0.61320
0.77049 0.59146
0.15551 0.95558
0.20984 0.34790
0.39981 0.11670
0.99014 0.68687
0.09957 0.51745
0.10684 0.11852
0.87795 0.92944
0.66533 0.44291
0.77282 0.48802
0.91872 0.14247
0.95522 0.68573
0.18014 0.30279
0.54932 0.70844
0.57599 0.85069
0.66371 0.86158
0.98700 0.70870
0.40005 0.49589
0.34928 0.63214
0.28264 0.16075
0.73254 0.98396
0.20900 0.69767
0.18483 0.63006
0.53333 0.29193
0.26328 0.75121
0.48474 0.50544
0.92312 0.91607
0.81300 0.19218
0.62009 0.57354
0.30485 0.73261
0.47662 0.88496
0.60198 0.04378
0.53980 0.15785
0.16916 0.47819
0.67340 0.21892
0.36713 0.15745
0.65483 0.43739
0.35321 0.51093
0.40412 0.49112
0.25367 0.29738
0.06061 0.27361
0.80361 0.30154
0.89296 0.78713
0.31832 0.06344
0.32025 0.86570
0.23195 0.33212
0.78158 0.94294
0.71161 0.09882
0.62418 0.21156
0.68747 0.36895
0.43650 0.42046
0.76101 0.16565
0.40037 0.84600
0.33875 0.09909
0.03913 0.42211
0.48119 0.66355
0.03220 0.70148
0.28410 0.66429
0.10065 0.54546
0.81052 0.29908
0.83256 0.06872
0.86937 0.12987
0.68443 0.18755
0.36218 0.34442
0.96256 0.74470
0.11913 0.68144
0.00187 0.08943
0.87443 0.01672
0.32980 0.51971
0.10068 0.78623
0.72310 0.10764
0.14240 0.62658
0.72672 0.50510
0.67181 0.09337
0.38944 0.68982
0.86295 0.23807
0.19382 0.93655
0.97319 0.20243
0.38897 0.67578
0.26452 0.44103
0.63466 0.07805
0.45231 0.76933
0.99467 0.59869
0.45492 0.12673
0.76601 0.96091
0.04796 0.60615
0.66290 0.18029
0.79153 0.74719
0.04758 0.01720
0.06060 0.64204
0.09072 0.47157
0.44766 0.13648
0.70154 0.98683
0.67279 0.90630
0.37712 0.20367
0.20585 0.97972
0.92858 0.58810
0.20134 0.89323
0.52099 0.50766
0.51350 0.03854
0.04324 0.03769
0.56971 0.07028
0.98683 0.11106
0.79292 0.87843
0.94633 0.88790
0.01261 0.29033
0.13376 0.17442
0.82075 0.94279
0.22036 0.43761
0.70745 0.33020
0.25047 0.30531
0.54136 0.81006
0.45762 0.90861
0.67269 0.18530
0.96072 0.21339
0.96643 0.45682
0.73253 0.66580
0.77810 0.74566
0.81340 0.51312
0.47843 0.04871
0.94151 0.83221
0.87230 0.48841
0.08543 0.58582
0.78466 0.10727
0.29978 0.35048
0.45443 0.61069
0.61054 0.17918
0.85725 0.40459
0.39059 0.93891
0.60540 0.27291
0.93754 0.81459
0.40321 0.62751
0.38892 0.49701
0.23773 0.68868
0.20327 0.46213
0.29676 0.43013
0.03447 0.95649
0.88253 0.75933
0.74113 0.98183
0.11602 0.40588
0.26203 0.95897
0.10506 0.49373
0.32049 0.50950
0.16441 0.35971
0.84206 0.79398
0.58355 0.88617
0.35743 0.64435
0.96445 0.37930
0.74866 0.78362
