0.70779 0.92419
0.68610 0.48700
0.88535 0.29410
0.24570 0.08921
0.15318 0.10582
0.54757 0.90144
0.78832 0.48708
0.65321 0.24430
0.55779 0.47585
0.40575 0.87242
0.58213 0.51208
0.69717 0.06176
0.37527 0.81926
0.95990 0.86890
0.56423 0.78775
0.17821 0.90039
0.87713 0.84691
0.59341 0.25374
0.01451 0.32127
0.20679 0.85387
0.83010 0.27069
0.67837 0.10790
0.73500 0.75352
0.05937 0.73789
0.84306 0.69634
0.94389 0.73588
0.83003 0.90585
0.80353 0.59112
0.78733 0.94965
0.83580 0.86884
0.84636 0.03928
0.70692 0.72764
0.20539 0.86376
0.87548 0.00708
0.15819 0.23937
0.50552 0.85010
0.77068 0.95675
0.20179 0.76593
0.89829 0.65878
0.99076 0.91378
0.12998 0.10957
0.59091 0.16596
0.06609 0.89985
0.01722 0.86829
0.42110 0.43138
0.76013 0.41076
0.98823 0.35976
0.26802 0.88563
0.79531 0.69763
0.69840 0.62686
0.43583 0.14394
0.40293 0.60449
0.68031 0.31107
0.05130 0.69847
0.05137 0.73085
0.66327 0.34226
0.76591 0.26372
0.78683 0.27694
0.03473 0.23397
0.41905 0.15120
0.01261 0.22772
0.18330 0.34345
0.70455 0.65510
0.19935 0.22339
0.66337 0.20759
0.65560 0.99605
0.62119 0.98189
0.33986 0.49407
0.43115 0.95364
0.61220 0.08255
0.51685 0.54718
0.95970 0.81949
0.64477 0.57820
0.20950 0.65704
0.94394 0.81469
0.88143 0.51104
0.55820 0.02165
0.99889 0.95798
0.35803 0.28663
0.60813 0.68989
0.92868 0.51219
0.04157 0.52705
0.22318 0.25419
0.60651 0.50998
0.94848 0.99884
0.37588 0.17984
0.93578 0.61793
0.32589 0.64559
0.95658 0.82419
0.68276 0.70511
0.03453 0.69480
0.89495 0.09198
0.24979 0.57113
0.29843 0.83411
0.90495 0.44551
0.21083 0.87851
0.07343 0.63427
0.91323 0.15502
0.51578 0.12449
0.18713 0.59897
0.60658 0.81813
0.70912 0.02231
0.68995 0.36744
0.31295 0.01734
0.09610 0.57142
0.29261 0.14535
0.07865 0.76219
0.04188 0.19736
0.09362 0.39558
0.33581 0.56912
0.51346 0.79078
0.43193 0.18369
0.84344 0.36273
0.48616 0.04152
0.70586 0.58868
0.05797 0.68804
0.13758 0.16626
0.44081 0.91163
0.47310 0.30382
0.96244 0.88513
0.79480 0.23983
0.95864 0.45787
0.41065 0.32117
0.17042 0.32246
0.42296 0.77524
0.86326 0.72494
0.54139 0.84990
0.34337 0.15402
0.54075 0.20883
0.54198 0.62388
0.21038 0.25554
0.43386 0.66463
0.00563 0.84119
0.01629 0.28011
0.58448 0.95707
0.35845 0.35878
0.30955 0.34670
0.81856 0.94613
0.70326 0.22573
0.99041 0.04708
0.23624 0.47850
0.05059 0.92875
0.14207 0.44918
0.98737 0.65294
0.86595 0.48122
0.54601 0.21187
0.08185 0.17271
0.95593 0.27546
0.17088 0.51500
0.43935 0.29915
0.97651 0.30515
0.54566 0.10584
0.29273 0.23083
0.31220 0.27070
0.93202 0.79093
0.09006 0.65527
0.69382 0.81142
0.91519 0.38905
0.69797 0.11605
0.65641 0.25730
0.37427 0.12112
0.98390 0.46192
0.32563 0.56846
0.94916 0.79895
0.25831 0.69944
0.32194 0.66922
0.99279 0.04353
0.94192 0.64007
0.86950 0.45214
0.16596 0.66976
0.68873 0.01096
0.63774 0.55528
0.58182 0.38283
0.30311 0.32940
0.85909 0.83549
0.36260 0.77328
0.35400 0.36725
0.70224 0.31103
0.81680 0.20583
0.03795 0.11059
0.22400 0.19828
0.23610 0.99482
0.24475 0.78842
0.36161 0.97256
0.12459 0.52309
0.05941 0.43997
0.45679 0.87027
0.02264 0.86822
0.28696 0.21290
0.10626 0.90377
0.64258 0.01829
0.36189 0.65689
0.98471 0.76298
0.87227 0.88866
0.74815 0.74106
0.14904 0.92270
0.98597 0.83350
0.42962 0.72511
0.07051 0.87579
0.49678 0.78836
0.44739 0.19349
0.60543 0.68733
0.61346 0.51049
0.12040 0.37031
0.67093 0.51381
0.92623 0.47525
0.08799 0.63607
0.07826 0.16337
0.95201 0.06391
0.37215 0.17329
0.99928 0.74503
0.95146 0.21855
0.01015 0.24024
0.44286 0.56443
0.36253 0.91886
0.26853 0.60244
0.30775 0.20398
0.69830 0.73500
0.96979 0.18996
0.80849 0.47868
0.46819 0.46609
0.45683 0.32136
0.72689 0.23345
0.87981 0.25085
0.30140 0.15780
0.92423 0.61406
0.73001 0.82192
0.01746 0.16116
0.19437 0.32783
0.31287 0.63970
0.82827 0.20213
0.95018 0.79595
0.42454 0.69357
0.62749 0.11170
0.49940 0.59951
0.67915 0.36874
0.00808 0.48113
0.88724 0.69876
0.71106 0.63348
0.56183 0.63536
0.18635 0.44751
0.81290 0.06924
0.20521 0.79066
0.77240 0.63020
0.55976 0.76075
0.90313 0.63693
0.07740 0.56708
0.96605 0.38651
0.37102 0.26692
0.32263 0.16923
0.21750 0.21339
0.25118 0.65785
0.24276 0.22256
0.19609 0.34259
0.80922 0.75943
0.24483 0.53140
