0.82714 0.29545
0.34094 0.43961
0.85779 0.57669
0.20540 0.01306
0.35532 0.91308
0.28559 0.57261
0.26032 0.54416
0.82612 0.91533
0.36294 0.61495
0.55800 0.97657
0.66336 0.14188
0.28127 0.85931
0.83684 0.43257
0.08885 0.30521
0.91650 0.05110
0.73075 0.76116
0.21084 0.02485
0.17596 0.74947
0.57374 0.58596
0.35418 0.21046
0.56799 0.92015
0.55323 0.50885
0.17119 0.55790
0.38812 0.59775
0.66693 0.64767
0.55643 0.93700
0.82294 0.18232
0.60155 0.56677
0.41797 0.21307
0.24421 0.62977
0.48372 0.09697
0.88857 0.33692
0.56921 0.16473
0.31402 0.72003
0.17370 0.79793
0.90331 0.27315
0.46551 0.30526
0.17530 0.09739
0.51321 0.88369
0.40151 0.33822
0.96421 0.00794
0.32706 0.53678
0.29264 0.15858
0.23843 0.44693
0.80997 0.84964
0.91049 0.72760
0.62508 0.40306
0.86271 0.59686
0.91859 0.79451
0.17159 0.11093
0.28548 0.71667
0.01367 0.76626
0.29141 0.09818
0.05364 0.45411
0.12211 0.57717
0.81114 0.59234
0.34648 0.14655
0.52143 0.72030
0.45449 0.74286
0.31763 0.78050
0.97926 0.64219
0.46616 0.02471
0.41003 0.24050
0.19951 0.51566
0.20874 0.27007
0.56357 0.91528
0.98972 0.71731
0.08583 0.18705
0.92040 0.75778
0.91519 0.91663
0.81009 0.41014
0.67111 0.98689
0.41101 0.96738
0.95094 0.37407
0.34494 0.34291
0.99493 0.91231
0.86367 0.61370
0.18745 0.24930
0.02376 0.87271
0.95885 0.27879
0.97668 0.13572
0.74388 0.31827
0.49084 0.10669
0.17298 0.43731
0.50938 0.68449
0.35954 0.29294
0.18814 0.80044
0.65967 0.66622
0.58093 0.79568
0.85594 0.21474
0.87058 0.49113
0.24907 0.37737
0.88023 0.68385
0.49895 0.46318
0.17850 0.91000
0.79833 0.70754
0.48835 0.73429
0.34578 0.42966
0.95017 0.17496
0.97058 0.85335
0.30893 0.85714
0.59457 0.54633
0.15190 0.68230
0.90355 0.40603
0.53305 0.45009
0.16743 0.81728
0.98730 0.49345
0.76603 0.22564
0.38946 0.97242
0.10714 0.14670
0.81216 0.30721
0.05359 0.44075
0.05638 0.64882
0.11949 0.87062
0.94197 0.64466
0.12420 0.73604
0.85341 0.42331
0.17038 0.76448
0.93752 0.95166
0.16876 0.57178
0.70974 0.20874
0.52834 0.90400
0.53621 0.59090
0.61510 0.11662
0.99175 0.58726
0.26077 0.82293
0.19626 0.11775
0.79247 0.62978
0.53698 0.70120
0.22593 0.47248
0.34265 0.52703
0.84042 0.32344
0.89452 0.97431
0.11252 0.22285
0.33943 0.46394
0.56354 0.21158
0.22657 0.23576
0.41275 0.70684
0.92897 0.10119
0.14082 0.10979
0.45237 0.15316
0.46199 0.34794
0.98157 0.51065
0.35956 0.86021
0.43150 0.93237
0.37106 0.82776
0.63577 0.42018
0.27336 0.82979
0.94636 0.12084
0.15421 0.67194
0.65015 0.93018
0.17814 0.17202
0.71917 0.13752
0.53094 0.54102
0.76807 0.77323
0.65784 0.55499
0.48073 0.26436
0.21984 0.95398
0.03864 0.54301
0.74469 0.30668
0.92220 0.06048
0.15706 0.51934
0.75645 0.33871
0.12330 0.96065
0.35537 0.30363
0.20247 0.04312
0.86477 0.14334
0.27697 0.38741
0.49394 0.49514
0.59621 0.91350
0.29627 0.61207
0.98072 0.11148
0.96015 0.60349
0.11377 0.38787
0.14994 0.14421
0.25438 0.27188
0.27498 0.58239
0.88959 0.11335
0.55887 0.74280
0.79806 0.89057
0.96740 0.41322
0.52950 0.93532
0.64011 0.28506
0.19139 0.95134
0.82685 0.01591
0.83374 0.66960
0.56662 0.54561
0.03690 0.00066
0.02497 0.10670
0.29963 0.60021
0.58626 0.26495
0.82836 0.69922
0.92820 0.01257
0.51150 0.25509
0.91700 0.50134
0.63057 0.31454
0.94339 0.39923
0.67600 0.21677
0.94621 0.61717
0.61232 0.72684
0.54146 0.31416
0.38267 0.81874
0.62461 0.71823
0.64104 0.08564
0.17841 0.87721
0.50370 0.36596
0.00044 0.03391
0.25653 0.25454
0.40512 0.51712
0.84045 0.84805
0.43025 0.48329
0.87270 0.47740
0.45072 0.69857
0.42389 0.58843
0.63572 0.74047
0.73159 0.90719
0.43357 0.90296
0.23693 0.87898
0.80997 0.97271
0.77170 0.32997
0.10848 0.44571
0.39241 0.45349
0.68847 0.29205
0.97752 0.42849
0.70748 0.79771
0.56590 0.02283
0.27029 0.78403
0.35262 0.96166
0.31977 0.14538
0.91059 0.74597
0.73985 0.57623
0.11605 0.95623
0.01933 0.59863
0.94141 0.88855
0.65997 0.48873
0.64417 0.08621
0.30554 0.88986
0.35602 0.83270
0.62144 0.73745
0.83463 0.59649
0.84868 0.51449
0.33469 0.57514
0.57600 0.75999
0.62212 0.35270
0.75660 0.30010
0.16851 0.33422
0.54123 0.83063
0.88607 0.05456
0.05567 0.52319
0.42418 0.34605
0.73559 0.17077
0.06265 0.13416
0.25013 0.68970
0.51879 0.18282
0.36699 0.64764
0.97259 0.79630
