0.63981 0.08379
0.05229 0.50490
0.74217 0.84573
0.67403 0.91845
0.08013 0.00871
0.57754 0.47936
0.43581 0.10268
0.10066 0.70286
0.08853 0.76810
0.65368 0.54032
0.57480 0.03276
0.01603 0.73134
0.07304 0.16545
0.56422 0.59255
0.76292 0.94593
0.85492 0.89686
0.37858 0.70399
0.17258 0.91977
0.51467 0.91122
0.54941 0.87739
0.01134 0.73006
0.07557 0.02659
0.77328 0.63411
0.43964 0.85272
0.06890 0.05122
0.33120 0.09139
0.92368 0.55598
0.93550 0.54156
0.37401 0.35660
0.97680 0.80905
0.07886 0.03284
0.61927 0.18082
0.38386 0.62578
0.89420 0.40298
0.95050 0.24520
0.77954 0.84887
0.09590 0.12667
0.14677 0.41151
0.55674 0.01507
0.11601 0.48666
0.62731 0.69413
0.88481 0.49689
0.87926 0.00476
0.17416 0.98967
0.82611 0.29159
0.51231 0.44792
0.44222 0.89468
0.48072 0.76831
0.62473 0.19804
0.07422 0.10386
0.41567 0.61091
0.28519 0.41378
0.28483 0.34414
0.02979 0.72604
0.95772 0.94169
0.24927 0.83907
0.88593 0.82205
0.95320 0.39596
0.71762 0.18165
0.55882 0.70160
0.13397 0.79372
0.12807 0.47262
0.74117 0.38308
0.62169 0.40993
0.31739 0.60576
0.16162 0.74862
0.63429 0.19190
0.63854 0.88451
0.13106 0.90295
0.49325 0.05231
0.70671 0.71648
0.67203 0.68368
0.50435 0.62581
0.41782 0.17999
0.27406 0.93003
0.60888 0.16400
0.33179 0.81268
0.96587 0.12332
0.38589 0.55100
0.17068 0.43057
0.25223 0.29966
0.02416 0.65828
0.13264 0.16755
0.79255 0.74705
0.88927 0.79400
0.77431 0.55394
0.84970 0.16279
0.97916 0.24157
0.63610 0.52978
0.28474 0.78796
0.13644 0.56473
0.25215 0.98725
0.35267 0.32589
0.34351 0.02885
0.25074 0.07695
0.03234 0.75459
0.58985 0.42196
0.47801 0.59601
0.32126 0.17715
0.69382 0.81582
0.22501 0.94355
0.62972 0.00240
0.64384 0.53465
0.63740 0.00971
0.97206 0.94607
0.79720 0.83159
0.65202 0.61019
0.60555 0.13087
0.58106 0.04298
0.27659 0.34141
0.72815 0.96663
0.97503 0.14099
0.95703 0.00689
0.14221 0.69909
0.18211 0.55646
0.67637 0.37110
0.90735 0.57292
0.29224 0.17232
0.01490 0.39254
0.28905 0.62814
0.26114 0.11607
0.87919 0.83677
0.57866 0.17843
0.14096 0.33628
0.34598 0.04430
0.30253 0.56183
0.67457 0.22318
0.33068 0.28124
0.49548 0.75364
0.63099 0.63740
0.29483 0.64179
0.69297 0.98968
0.38552 0.89409
0.32303 0.09005
0.49467 0.00807
0.15932 0.24591
0.22818 0.69996
0.74767 0.21004
0.17806 0.67999
0.78188 0.35891
0.38824 0.94457
0.23102 0.41243
0.63752 0.63021
0.38801 0.70041
0.29161 0.45382
0.63026 0.21362
0.30540 0.60937
0.99868 0.55635
0.06296 0.14815
0.17660 0.76018
0.32602 0.74391
0.68530 0.05732
0.56297 0.08690
0.11727 0.92150
0.34691 0.08941
0.45916 0.27052
0.18536 0.94636
0.42286 0.19526
0.40089 0.94389
0.72312 0.81949
0.10678 0.96871
0.15711 0.49445
0.75870 0.66129
0.93656 0.13574
0.92786 0.14972
0.44562 0.78482
0.23503 0.32181
0.39337 0.37073
0.84621 0.35337
0.91599 0.82643
0.40216 0.81806
0.27860 0.49082
0.85766 0.76711
0.07151 0.29672
0.85550 0.20888
0.66854 0.58407
0.15485 0.91462
0.04826 0.07246
0.60718 0.17599
0.91985 0.03121
0.08479 0.73701
0.88562 0.25581
0.10067 0.31634
0.47492 0.71381
0.57844 0.46919
0.22809 0.89155
0.76473 0.36723
0.92312 0.03466
0.88240 0.09882
0.30508 0.99683
0.84838 0.51818
0.15208 0.24646
0.92669 0.02589
0.50014 0.47148
0.94924 0.78424
0.98979 0.32643
0.70358 0.94491
0.62864 0.71242
0.32252 0.08224
0.14370 0.13587
0.91402 0.94228
0.98414 0.83282
0.12276 0.17388
0.06788 0.76574
0.76325 0.83333
0.26692 0.94390
0.95369 0.74008
0.82389 0.51957
0.29124 0.88455
0.25893 0.43876
0.86485 0.89912
0.28510 0.43724
0.05039 0.42266
0.58521 0.10608
0.05228 0.03585
0.54816 0.95377
0.35778 0.95284
0.56847 0.37937
0.69496 0.89404
0.51415 0.46594
0.90543 0.12508
0.50109 0.16908
0.01382 0.13993
0.50693 0.81805
0.77525 0.97373
0.79425 0.60499
0.96403 0.29938
0.03201 0.77343
0.08656 0.27491
0.09500 0.70693
0.12150 0.95725
0.24995 0.11515
0.49670 0.16555
0.11235 0.23884
0.28758 0.58098
0.87735 0.98112
0.19293 0.34054
0.32562 0.03502
0.35506 0.38043
0.06838 0.62603
0.33688 0.97846
0.47509 0.34675
0.78525 0.27857
0.93518 0.11295
0.80508 0.62529
0.84234 0.73706
0.04682 0.99625
0.22053 0.75209
0.43156 0.07408
0.09813 0.18604
0.99040 0.78756
0.89413 0.25091
0.71847 0.17590
0.91521 0.26443
0.46349 0.98481
0.83465 0.98328
