0.40770 0.72780
0.90056 0.19375
0.60663 0.55645
0.21870 0.57984
0.42168 0.59440
0.50546 0.04544
0.93364 0.22791
0.45380 0.32560
0.49606 0.96949
0.20091 0.76626
0.82214 0.34573
0.25722 0.90554
0.65320 0.72071
0.85529 0.28372
0.91904 0.63517
0.62229 0.96801
0.57037 0.84510
0.71365 0.38396
0.37173 0.21781
0.73525 0.37683
0.82206 0.28335
0.79944 0.45290
0.52545 0.43079
0.13680 0.50528
0.42794 0.61394
0.91083 0.46016
0.58760 0.56094
0.01811 0.00063
0.69522 0.12728
0.29275 0.87289
0.50738 0.58693
0.27816 0.10958
0.34023 0.40559
0.00314 0.28364
0.51618 0.61022
0.88186 0.52147
0.44320 0.65206
0.20977 0.95137
0.69836 0.57159
0.70378 0.39077
0.16850 0.96296
0.24717 0.28519
0.12311 0.90625
0.20668 0.49866
0.83738 0.34925
0.50135 0.80250
0.62342 0.94239
0.57213 0.47733
0.74013 0.56385
0.46574 0.45068
0.02818 0.43612
0.80750 0.66627
0.16433 0.63757
0.11332 0.39289
0.40795 0.95887
0.53377 0.98108
0.69531 0.49451
0.80113 0.80222
0.31275 0.21528
0.49083 0.77068
0.60720 0.09347
0.09249 0.56847
0.39153 0.94834
0.08690 0.88419
0.91633 0.56139
0.29686 0.83395
0.00254 0.91326
0.05884 0.09848
0.44639 0.87596
0.62552 0.45689
0.49909 0.36240
0.36283 0.92560
0.72373 0.42919
0.16993 0.93538
0.93396 0.30414
0.04616 0.23588
0.65852 0.20399
0.70199 0.13744
0.80791 0.25987
0.86686 0.48619
0.47081 0.86946
0.64963 0.68085
0.01970 0.27379
0.97406 0.87234
0.64076 0.97526
0.53371 0.32693
0.59384 0.87342
0.28789 0.36093
0.37928 0.68668
0.25012 0.40016
0.54476 0.34549
0.67589 0.59812
0.77619 0.28030
0.26027 0.06928
0.56517 0.17096
0.08436 0.31097
0.00911 0.17657
0.72659 0.22260
0.52947 0.41136
0.36415 0.07482
0.08835 0.90198
0.59082 0.82316
0.14381 0.33230
0.66065 0.91416
0.54148 0.06956
0.67994 0.64530
0.27460 0.88122
0.11184 0.68725
0.58499 0.48717
0.81508 0.49374
0.60330 0.90648
0.81362 0.00516
0.63713 0.36764
0.93187 0.70043
0.62334 0.02408
0.26183 0.62122
0.25230 0.63399
0.58039 0.05372
0.93071 0.76987
0.57253 0.66479
0.99840 0.07259
0.71755 0.93790
0.58544 0.04687
0.62314 0.08465
0.20487 0.52243
0.22394 0.64415
0.81742 0.61013
0.80200 0.27134
0.64454 0.27692
0.05570 0.12665
0.86820 0.53034
0.52144 0.86209
0.28709 0.75970
0.63599 0.83550
0.50685 0.87832
0.52906 0.45493
0.00907 0.15649
0.56353 0.79750
0.64702 0.95401
0.30544 0.60725
0.77466 0.97916
0.75348 0.24021
0.70487 0.40919
0.27777 0.81505
0.04710 0.86456
0.92130 0.53874
0.65052 0.71068
0.39988 0.80294
0.22189 0.74517
0.54896 0.58386
0.92777 0.08979
0.76906 0.31850
0.71722 0.79898
0.50144 0.84796
0.58655 0.91862
0.24782 0.03495
0.92147 0.02820
0.96491 0.06459
0.99835 0.54320
0.75396 0.33711
0.35781 0.30717
0.81613 0.97560
0.79670 0.41237
0.98384 0.58105
0.63797 0.73483
0.76014 0.18054
0.19932 0.08761
0.87872 0.11467
0.16249 0.46672
0.68297 0.24210
0.67718 0.62722
0.10924 0.49343
0.13178 0.03338
0.13414 0.18919
0.89651 0.02218
0.40265 0.96571
0.51817 0.41069
0.56424 0.06305
0.86948 0.90534
0.28017 0.79292
0.99251 0.51282
0.17841 0.33290
0.83819 0.81754
0.11487 0.56647
0.32295 0.80393
0.78396 0.45311
0.10701 0.01360
0.33992 0.81250
0.95924 0.28534
0.63285 0.31128
0.91969 0.22971
0.63094 0.43360
0.53131 0.90439
0.13993 0.55791
0.24349 0.64994
0.83220 0.75730
0.11750 0.42516
0.56568 0.03776
0.79147 0.72667
0.29686 0.93728
0.13714 0.91560
0.66175 0.40845
0.37486 0.18555
0.52955 0.37623
0.31554 0.18983
0.10190 0.18589
0.45375 0.42107
0.98346 0.54915
0.23462 0.71031
0.75143 0.04989
0.43717 0.06337
0.91488 0.14019
0.97311 0.63338
0.17073 0.28383
0.43882 0.22029
0.72524 0.96633
0.85391 0.40890
0.56712 0.48980
0.71954 0.64958
0.00116 0.33963
0.91317 0.54061
0.65335 0.08175
0.43839 0.05097
0.37638 0.15400
0.98235 0.26037
0.41946 0.65480
0.73257 0.76174
0.84134 0.75001
0.86134 0.21954
0.68697 0.19947
0.69011 0.72154
0.57197 0.62951
0.53238 0.14155
0.57945 0.60190
0.85866 0.49974
0.36106 0.83346
0.13132 0.49113
0.31201 0.07286
0.06033 0.75763
0.94928 0.83901
0.18471 0.38859
0.80538 0.46804
0.19464 0.97827
0.22076 0.78341
0.60012 0.40588
0.91767 0.59065
0.10849 0.89396
0.43895 0.12045
0.85577 0.69725
0.60930 0.37753
0.57584 0.29208
0.64346 0.97507
0.99902 0.90861
0.83440 0.87008
0.78094 0.64579
0.21702 0.19141
