0.87791 0.36899
0.38400 0.42751
0.02854 0.72711
0.91335 0.84683
0.11046 0.35361
0.56290 0.02769
0.93134 0.17902
0.31401 0.57350
0.31268 0.33505
0.22893 0.46440
0.96062 0.64916
0.67384 0.44319
0.54021 0.49952
0.59755 0.15350
0.48168 0.94832
0.43240 0.09354
0.18275 0.72254
0.29761 0.74430
0.75520 0.78314
0.75667 0.10399
0.87612 0.67486
0.95601 0.38659
0.50019 0.74060
0.94481 0.46452
0.84678 0.51886
0.93223 0.91984
0.26116 0.22266
0.59832 0.02125
0.46625 0.84374
0.66974 0.20970
0.61791 0.55099
0.58216 0.29025
0.84012 0.67152
0.10620 0.64101
0.94907 0.33009
0.34652 0.12727
0.82671 0.77030
0.35897 0.84376
0.61917 0.22801
0.02436 0.63078
0.25348 0.14299
0.49932 0.58666
0.29796 0.52543
0.60074 0.02216
0.33799 0.89784
0.74797 0.50690
0.38385 0.18619
0.31541 0.69112
0.77006 0.81038
0.94082 0.02785
0.78353 0.35382
0.06018 0.10719
0.76295 0.64207
0.18187 0.59005
0.03172 0.95117
0.72709 0.95602
0.71871 0.70500
0.68435 0.28154
0.41339 0.35920
0.39170 0.13743
0.14631 0.64615
0.76019 0.76151
0.12791 0.60067
0.42421 0.16419
0.77269 0.87982
0.34122 0.58672
0.28836 0.70408
0.39233 0.00520
0.99283 0.19563
0.18413 0.02585
0.84040 0.23994
0.53532 0.88531
0.93583 0.06792
0.68876 0.96798
0.45157 0.30291
0.58552 0.33466
0.15153 0.09444
0.96437 0.61967
0.61444 0.40903
0.71918 0.52008
0.09320 0.34206
0.90020 0.40509
0.25910 0.60025
0.33829 0.57657
0.54348 0.14027
0.07294 0.31241
0.24876 0.10976
0.07753 0.12859
0.36841 0.67357
0.26899 0.03211
0.83108 0.09908
0.82914 0.06815
0.16608 0.20217
0.52296 0.77795
0.67042 0.78959
0.27488 0.03947
0.36729 0.82124
0.76172 0.37146
0.37783 0.65792
0.72122 0.42283
0.52426 0.91561
0.46948 0.75845
0.29104 0.76613
0.19674 0.18786
0.81831 0.28961
0.40363 0.13100
0.23261 0.48318
0.82705 0.99646
0.12162 0.56293
0.17224 0.74229
0.78714 0.50346
0.53540 0.90922
0.52209 0.00514
0.56999 0.18794
0.51331 0.34492
0.95506 0.34642
0.51044 0.29090
0.97953 0.48542
0.02251 0.54172
0.45478 0.67996
0.74863 0.05439
0.59456 0.88585
0.11355 0.57607
0.28947 0.14233
0.56948 0.44029
0.56432 0.04196
0.33195 0.20114
0.68930 0.83909
0.53503 0.28752
0.48963 0.88952
0.23924 0.23607
0.45634 0.09278
0.41700 0.38358
0.26064 0.03427
0.62935 0.65299
0.30493 0.49948
0.20711 0.20174
0.13797 0.42429
0.31217 0.60029
0.38160 0.74194
0.15930 0.63013
0.91960 0.07093
0.05996 0.73086
0.78580 0.13128
0.12895 0.14209
0.89789 0.08572
0.09978 0.10911
0.69170 0.57112
0.77174 0.91399
0.33395 0.68999
0.95628 0.72108
0.45754 0.32225
0.23690 0.70683
0.78352 0.35986
0.03423 0.19746
0.33646 0.67904
0.04359 0.84178
0.96414 0.95370
0.60955 0.10579
0.74805 0.63665
0.29259 0.68775
0.52710 0.81436
0.57582 0.44392
0.02298 0.60813
0.24417 0.33577
0.60451 0.03562
0.95410 0.18536
0.14272 0.68807
0.50909 0.12355
0.47561 0.75321
0.91600 0.04724
0.09463 0.46159
0.52914 0.73587
0.95723 0.30271
0.67138 0.33745
0.24811 0.29168
0.64917 0.95070
0.84348 0.23787
0.75450 0.27293
0.67736 0.53511
0.83331 0.60143
0.57723 0.37092
0.37973 0.58960
0.96496 0.95269
0.91558 0.96706
0.10849 0.81453
0.28904 0.84078
0.81776 0.70339
0.06893 0.44157
0.02918 0.67560
0.82829 0.39509
0.64097 0.29389
0.84354 0.75780
0.80503 0.78122
0.98291 0.07558
0.74579 0.99883
0.56159 0.10824
0.88450 0.86027
0.52008 0.22744
0.45360 0.82064
0.32014 0.32878
0.13702 0.27197
0.28913 0.10474
0.01932 0.10396
0.47982 0.22307
0.37350 0.15414
0.89219 0.13589
0.51377 0.36930
0.80229 0.37454
0.50935 0.99836
0.42421 0.03637
0.24474 0.21184
0.35755 0.41304
0.41407 0.54883
0.45313 0.12540
0.29657 0.02351
0.35710 0.28387
0.15791 0.38502
0.83728 0.91768
0.03434 0.76228
0.68876 0.90519
0.66970 0.64697
0.04307 0.36907
0.67442 0.55370
0.93345 0.02003
0.52013 0.72662
0.31110 0.24801
0.41519 0.25228
0.74133 0.23242
0.96571 0.34774
0.98697 0.83801
0.73745 0.33812
0.47332 0.07108
0.64688 0.18679
0.27892 0.39878
0.20918 0.13920
0.64794 0.40600
0.84752 0.21530
0.47692 0.37524
0.86533 0.33379
0.75653 0.12730
0.63754 0.08677
0.04641 0.17101
0.81327 0.55073
0.45459 0.65583
0.36639 0.91453
0.59283 0.68055
0.74251 0.76003
0.45727 0.15513
0.04217 0.57668
0.44901 0.59101
0.51721 0.78739
0.36576 0.26550
0.39460 0.63121
0.43207 0.42530
0.71841 0.75178
