0.32768 0.62636
0.88241 0.88177
0.07932 0.84871
0.45994 0.60264
0.51099 0.98724
0.84055 0.11439
0.87729 0.53280
0.52440 0.76558
0.88596 0.89514
0.43591 0.68827
0.03294 0.20620
0.47204 0.92153
0.03097 0.34967
0.41449 0.12473
0.83847 0.34923
0.60880 0.73958
0.48227 0.49409
0.03658 0.79064
0.75519 0.63463
0.59251 0.19346
0.10600 0.06312
0.21339 0.87036
0.96567 0.69928
0.73529 0.09584
0.02076 0.11029
0.39811 0.64545
0.36603 0.97942
0.62949 0.47821
0.71515 0.19811
0.05316 0.52634
0.21738 0.51190
0.13979 0.50999
0.85992 0.45795
0.68032 0.86787
0.34836 0.53751
0.60023 0.65167
0.88047 0.98058
0.97238 0.75343
0.37443 0.93328
0.73173 0.41275
0.90104 0.08857
0.26872 0.24451
0.89650 0.62519
0.18037 0.88896
0.60662 0.58612
0.56772 0.87208
0.84089 0.02401
0.03699 0.67449
0.84842 0.83316
0.97921 0.27406
0.78612 0.01231
0.58176 0.22871
0.39271 0.59848
0.10018 0.33847
0.22734 0.21052
0.61001 0.86760
0.29220 0.11477
0.40864 0.62134
0.90584 0.87036
0.79296 0.94590
0.40387 0.59254
0.19799 0.28514
0.69588 0.35852
0.55915 0.85920
0.21507 0.12378
0.41227 0.23246
0.80745 0.63331
0.93121 0.62273
0.37278 0.87591
0.50036 0.45600
0.43785 0.17047
0.24603 0.57400
0.57132 0.99591
0.36648 0.09257
0.73634 0.11924
0.05777 0.94472
0.35630 0.52661
0.97719 0.31769
0.30425 0.47165
0.35747 0.88235
0.03464 0.21633
0.09464 0.90375
0.97049 0.23812
0.56254 0.52960
0.47330 0.95231
0.94615 0.12665
0.40296 0.20272
0.68419 0.30217
0.53239 0.54528
0.07056 0.72814
0.92217 0.85691
0.60467 0.60370
0.63979 0.64159
0.14796 0.93220
0.81859 0.30666
0.94086 0.03334
0.24379 0.03847
0.36354 0.32206
0.20122 0.96932
0.96104 0.98390
0.28852 0.72894
0.61779 0.70221
0.39553 0.57127
0.29183 0.55909
0.42094 0.67364
0.06130 0.23441
0.90700 0.51767
0.64114 0.97126
0.02823 0.89403
0.11024 0.91207
0.16609 0.84969
0.10419 0.71513
0.52587 0.24373
0.05592 0.13780
0.99790 0.21056
0.27117 0.52255
0.17698 0.12257
0.32260 0.16662
0.72189 0.35971
0.22675 0.42445
0.67721 0.30931
0.51051 0.67917
0.75529 0.49142
0.76536 0.50964
0.74035 0.80501
0.56735 0.28918
0.95291 0.94152
0.06098 0.50320
0.88294 0.18845
0.02858 0.59540
0.71893 0.24598
0.25418 0.77139
0.48917 0.31701
0.92444 0.17254
0.33982 0.03234
0.78343 0.33605
0.09157 0.76897
0.95773 0.64877
0.56284 0.51837
0.91107 0.43423
0.29615 0.71911
0.35914 0.23083
0.73731 0.50714
0.82317 0.20904
0.05246 0.11991
0.48492 0.59348
0.88907 0.83154
0.83473 0.05948
0.79509 0.26420
0.49290 0.76323
0.51601 0.58003
0.92349 0.17875
0.94634 0.94662
0.50860 0.23480
0.89642 0.72103
0.86637 0.91188
0.33228 0.32822
0.59106 0.14996
0.22088 0.05848
0.96913 0.16636
0.85791 0.00225
0.82401 0.52383
0.38722 0.84305
0.51212 0.40736
0.80761 0.68139
0.29132 0.68658
0.81205 0.63819
0.74646 0.43262
0.16941 0.38307
0.97665 0.24726
0.19671 0.77082
0.26584 0.28126
0.05993 0.73127
0.23506 0.19450
0.60249 0.60410
0.92650 0.89244
0.48066 0.84690
0.45401 0.27706
0.32363 0.76186
0.77744 0.26581
0.56853 0.42229
0.51522 0.05501
0.33501 0.54391
0.65518 0.73834
0.63911 0.37214
0.70237 0.54325
0.29814 0.91382
0.16290 0.51914
0.11135 0.48992
0.02909 0.38588
0.77547 0.50672
0.54280 0.07781
0.67978 0.51726
0.41797 0.09512
0.05595 0.43124
0.02405 0.61507
0.74422 0.64823
0.06069 0.38535
0.99065 0.62965
0.40057 0.13888
0.77430 0.16635
0.05107 0.58540
0.13972 0.99157
0.72685 0.70670
0.52319 0.83190
0.09751 0.20263
0.73109 0.33524
0.47488 0.09888
0.56131 0.42698
0.11286 0.49599
0.35199 0.96474
0.07470 0.17804
0.52601 0.25732
0.01265 0.32648
0.12273 0.34921
0.86607 0.89696
0.51842 0.33679
0.92485 0.70410
0.25051 0.70517
0.78648 0.48004
0.62073 0.23063
0.71224 0.41597
0.50190 0.22514
0.26099 0.70239
0.24187 0.52293
0.64022 0.20968
0.81473 0.79857
0.17097 0.91278
0.67803 0.68904
0.15638 0.07991
0.63745 0.91252
0.99640 0.82593
0.48783 0.20596
0.35829 0.96182
0.18638 0.03347
0.81383 0.61929
0.31392 0.48299
0.67251 0.67477
0.59373 0.15358
0.90158 0.06329
0.21628 0.57678
0.90692 0.86525
0.52476 0.90772
0.15513 0.33958
0.53714 0.00915
0.38664 0.16962
0.64989 0.18098
0.40770 0.14232
0.26682 0.95296
0.94239 0.29266
0.78711 0.78485
0.16757 0.43648
0.00142 0.88461
0.72673 0.48979
0.98506 0.21314
0.45090 0.07384
