0.83315 0.77139
0.56211 0.87838
0.07284 0.75096
0.59087 0.08496
0.61636 0.91137
0.83122 0.01529
0.82009 0.98109
0.81514 0.15830
0.86154 0.25754
0.12775 0.98550
0.10862 0.88468
0.04787 0.56631
0.00768 0.70098
0.72766 0.49261
0.60240 0.62158
0.20934 0.48344
0.64263 0.62969
0.64501 0.98788
0.44346 0.04600
0.46697 0.90714
0.62513 0.69356
0.73859 0.93606
0.53403 0.02344
0.99355 0.19357
0.28118 0.07783
0.00130 0.46369
0.75032 0.16355
0.25144 0.82624
0.38154 0.28053
0.43598 0.33178
0.02530 0.17946
0.24648 0.94519
0.36369 0.20387
0.33904 0.11484
0.72735 0.60520
0.16328 0.27661
0.45329 0.46133
0.77806 0.89183
0.95483 0.10197
0.14647 0.96403
0.04550 0.16353
0.41820 0.93793
0.34714 0.16802
0.10062 0.42365
0.15143 0.55531
0.65560 0.11762
0.31746 0.67720
0.77384 0.32171
0.57932 0.67080
0.60051 0.12013
0.84335 0.20197
0.96681 0.12597
0.61005 0.29628
0.78660 0.49012
0.80332 0.88931
0.19365 0.81934
0.65399 0.23216
0.56410 0.47984
0.02199 0.78489
0.84556 0.48942
0.61078 0.50180
0.29210 0.58382
0.81962 0.00423
0.79154 0.31227
0.56623 0.97493
0.92886 0.27107
0.13962 0.28707
0.60208 0.59254
0.24982 0.43404
0.03296 0.99181
0.76014 0.02408
0.36867 0.61775
0.93498 0.25132
0.69666 0.90989
0.90359 0.93639
0.91288 0.34176
0.61481 0.57844
0.41123 0.33549
0.94669 0.89934
0.52273 0.75294
0.64750 0.93138
0.42601 0.16116
0.84637 0.02034
0.65661 0.28961
0.93051 0.57344
0.00318 0.28981
0.73471 0.19439
0.93738 0.93177
0.99703 0.31635
0.25458 0.32993
0.17956 0.38243
0.86076 0.04109
0.09492 0.74717
0.38017 0.85552
0.74886 0.07010
0.47091 0.30602
0.21999 0.66288
0.55968 0.30611
0.08975 0.50959
0.17409 0.77206
0.88928 0.46908
0.08090 0.82632
0.73853 0.39735
0.26271 0.48635
0.65890 0.52127
0.26152 0.93128
0.73156 0.29044
0.17127 0.41957
0.72361 0.07588
0.68931 0.00057
0.42524 0.29665
0.31807 0.64182
0.02320 0.78327
0.59868 0.02878
0.66005 0.81337
0.80602 0.15509
0.84015 0.81443
0.66022 0.16058
0.78670 0.24220
0.66402 0.37319
0.24967 0.44525
0.09309 0.81803
0.00250 0.57555
0.33192 0.58388
0.43691 0.27218
0.94863 0.34605
0.33202 0.32412
0.13570 0.76339
0.16889 0.58825
0.88279 0.81839
0.76425 0.28344
0.51409 0.43495
0.17336 0.43398
0.93806 0.50589
0.58017 0.44539
0.26015 0.69956
0.11790 0.07864
0.32955 0.93244
0.61391 0.77259
0.62521 0.84141
0.86651 0.56790
0.74970 0.79706
0.72486 0.21041
0.07342 0.38391
0.82686 0.70205
0.39256 0.57328
0.52751 0.12693
0.92607 0.95992
0.16636 0.42757
0.81290 0.49784
0.43007 0.17775
0.14306 0.12540
0.95020 0.97500
0.45257 0.77207
0.84187 0.74172
0.47400 0.61127
0.95296 0.74664
0.58432 0.23896
0.84369 0.85881
0.50995 0.77380
0.96553 0.05974
0.65194 0.76603
0.63738 0.19073
0.40887 0.38210
0.80262 0.51933
0.90413 0.18263
0.49347 0.03181
0.36176 0.09490
0.93508 0.42425
0.28641 0.13127
0.79800 0.22510
0.17252 0.01525
0.39626 0.97907
0.48240 0.05937
0.31564 0.37337
0.78100 0.26098
0.51334 0.28845
0.72085 0.29156
0.35381 0.59060
0.62870 0.36605
0.95706 0.31845
0.68961 0.74975
0.34100 0.85218
0.53956 0.94957
0.59763 0.07938
0.56289 0.73396
0.00447 0.42478
0.67968 0.40515
0.81366 0.30788
0.81204 0.76974
0.42660 0.46372
0.06074 0.71080
0.20502 0.02940
0.87911 0.01603
0.36293 0.88551
0.26471 0.59568
0.77388 0.75317
0.07241 0.09565
0.71203 0.39318
0.29488 0.27082
0.96272 0.22670
0.08650 0.56254
0.11868 0.18076
0.64512 0.53615
0.74685 0.89929
0.26373 0.98582
0.52560 0.54559
0.19449 0.88490
0.95774 0.36186
0.99820 0.99865
0.10186 0.20425
0.64113 0.72417
0.66311 0.32745
0.51973 0.42777
0.99143 0.39462
0.84830 0.02496
0.90869 0.84464
0.83818 0.81030
0.21422 0.56367
0.77691 0.79042
0.69411 0.21561
0.58402 0.75411
0.93355 0.66354
0.97372 0.73621
0.98788 0.54248
0.25898 0.91170
0.89573 0.58148
0.00415 0.80492
0.36999 0.09367
0.02287 0.38685
0.51472 0.36171
0.66892 0.45919
0.16670 0.41069
0.06030 0.75699
0.36540 0.43660
0.52179 0.35608
0.83212 0.07469
0.71309 0.26411
0.30380 0.54681
0.60527 0.27575
0.85118 0.44489
0.34000 0.62309
0.97534 0.94068
0.66921 0.22918
0.25939 0.03353
0.46782 0.13313
0.58191 0.86742
0.56166 0.64051
0.02706 0.95158
0.28409 0.27717
0.49640 0.20575
0.34004 0.61908
0.40341 0.43715
0.13738 0.16545
0.92876 0.59870
0.94204 0.76487
