0.28935 0.85212
0.46721 0.01634
0.84133 0.67503
0.56646 0.98732
0.76792 0.42229
0.19484 0.74395
0.91772 0.22715
0.29311 0.52633
0.73523 0.13211
0.68374 0.03590
0.51296 0.02849
0.91031 0.87434
0.12223 0.02828
0.15693 0.10696
0.76955 0.75611
0.92983 0.87691
0.91266 0.52138
0.06895 0.38773
0.12086 0.63143
0.44914 0.59311
0.72217 0.03674
0.93275 0.02324
0.40215 0.08468
0.71896 0.72114
0.88166 0.79635
0.12470 0.07094
0.78219 0.13984
0.95378 0.18579
0.75324 0.99054
0.86170 0.22600
0.70427 0.78040
0.84564 0.28071
0.83903 0.72321
0.47156 0.01943
0.55814 0.56021
0.86500 0.04554
0.92216 0.61216
0.32530 0.19456
0.13869 0.07812
0.10364 0.81390
0.22231 0.79659
0.17443 0.33555
0.14435 0.08088
0.33000 0.94449
0.80594 0.59902
0.19054 0.53540
0.30964 0.23206
0.58234 0.44194
0.72917 0.67674
0.25751 0.82611
0.97899 0.30150
0.88691 0.31088
0.15357 0.25755
0.64362 0.31004
0.42527 0.95337
0.75193 0.32948
0.27004 0.62680
0.09179 0.93399
0.10475 0.07736
0.21389 0.25394
0.59352 0.11208
0.37398 0.86601
0.56974 0.20893
0.80845 0.50215
0.98084 0.23990
0.69580 0.58874
0.16257 0.87309
0.29202 0.25257
0.31339 0.14187
0.28927 0.24557
0.41879 0.52858
0.54881 0.37624
0.95705 0.43741
0.54290 0.90737
0.51090 0.99763
0.99134 0.05844
0.18221 0.86490
0.89381 0.12646
0.72582 0.57178
0.50429 0.65877
0.67017 0.86313
0.59037 0.95948
0.63907 0.01962
0.46267 0.06077
0.26765 0.81910
0.71186 0.11855
0.69241 0.49402
0.34430 0.08034
0.55474 0.42000
0.58711 0.17259
0.94552 0.36122
0.54129 0.01065
0.72859 0.79979
0.00399 0.23007
0.61887 0.03405
0.04239 0.10117
0.22808 0.47956
0.17246 0.86955
0.64582 0.60258
0.78102 0.46151
0.17416 0.12157
0.51035 0.17812
0.11893 0.03408
0.83440 0.15659
0.12590 0.90628
0.65171 0.93617
0.24007 0.21125
0.59933 0.29980
0.54883 0.19849
0.64650 0.47705
0.80525 0.19637
0.98951 0.43341
0.04992 0.84091
0.55778 0.10793
0.06557 0.65363
0.44383 0.11725
0.26829 0.51608
0.84822 0.07397
0.52045 0.71241
0.22840 0.81484
0.67537 0.17881
0.97907 0.88792
0.85064 0.23771
0.46311 0.49463
0.51294 0.57783
0.54848 0.79648
0.44809 0.04896
0.14330 0.18929
0.12659 0.13212
0.80049 0.67293
0.42329 0.36973
0.39949 0.51938
0.72398 0.67187
0.57794 0.75587
0.51614 0.78386
0.42972 0.90621
0.89098 0.13877
0.21716 0.07344
0.52621 0.68226
0.28614 0.24406
0.42135 0.02071
0.90975 0.46443
0.60470 0.51029
0.45204 0.89338
0.20413 0.13745
0.54903 0.47073
0.92044 0.77236
0.07013 0.93004
0.17350 0.38415
0.59405 0.08353
0.84866 0.11680
0.59408 0.92319
0.97495 0.15604
0.43661 0.39768
0.42254 0.80486
0.81803 0.45335
0.48268 0.96614
0.03758 0.72845
0.72705 0.21696
0.19050 0.97142
0.02838 0.68317
0.12213 0.98119
0.88286 0.34719
0.60434 0.75076
0.28911 0.33523
0.97463 0.47650
0.14528 0.57760
0.26539 0.85934
0.81304 0.27322
0.47782 0.82866
0.54610 0.32126
0.16477 0.08471
0.22351 0.84876
0.28911 0.13004
0.22281 0.35317
0.01986 0.01517
0.87213 0.94744
0.16393 0.63158
0.90001 0.78152
0.79078 0.96737
0.60797 0.89194
0.34757 0.35103
0.94361 0.39388
0.84347 0.53680
0.55266 0.18277
0.49866 0.13336
0.64938 0.46033
0.45763 0.40381
0.10043 0.87504
0.64191 0.23069
0.45464 0.99161
0.84506 0.27225
0.60806 0.94457
0.08610 0.56609
0.51313 0.74381
0.72624 0.09037
0.76101 0.69207
0.72700 0.61344
0.78201 0.32468
0.80711 0.26724
0.81996 0.89802
0.03930 0.29242
0.15656 0.58301
0.48166 0.47436
0.21705 0.87687
0.65918 0.19091
0.69290 0.64353
0.55112 0.85852
0.26549 0.94670
0.56709 0.47314
0.09006 0.82632
0.45554 0.91767
0.59917 0.52495
0.43483 0.21555
0.37328 0.69904
0.21421 0.08682
0.83719 0.01941
0.21740 0.14347
0.62551 0.97735
0.94395 0.06532
0.31101 0.45838
0.81677 0.19975
0.11457 0.84043
0.33726 0.65437
0.91779 0.92240
0.19746 0.02797
0.89167 0.24754
0.17462 0.23604
0.77493 0.22426
0.66093 0.14411
0.47092 0.58885
0.11131 0.20196
0.53885 0.96208
0.52623 0.12225
0.42303 0.81920
0.67448 0.50863
0.27201 0.13885
0.51022 0.45959
0.44239 0.65099
0.47260 0.31673
0.71780 0.66462
0.54862 0.92927
0.65268 0.52842
0.00344 0.16679
0.71366 0.11275
0.00557 0.76403
0.46887 0.87798
0.16807 0.90989
0.26411 0.21161
0.53109 0.97509
0.79148 0.52214
0.82253 0.13539
0.16589 0.68749
0.58871 0.03957
0.66293 0.11326
0.68517 0.40118
