0.05155 0.38003
0.59161 0.37420
0.21094 0.31465
0.31909 0.50766
0.36755 0.99870
0.83855 0.67176
0.51098 0.99757
0.03862 0.11399
0.32339 0.60728
0.04770 0.66539
0.32992 0.73687
0.16791 0.56358
0.29005 0.54189
0.11007 0.27629
0.38676 0.17298
0.69258 0.54356
0.20293 0.81419
0.64018 0.06745
0.64154 0.15929
0.24005 0.08202
0.04517 0.32149
0.94319 0.21831
0.63869 0.65203
0.85263 0.08603
0.75922 0.98176
0.74341 0.76451
0.95049 0.69963
0.92964 0.75721
0.64169 0.95551
0.62754 0.28095
0.52400 0.40748
0.54924 0.47069
0.10487 0.44268
0.31525 0.23294
0.01486 0.65439
0.67977 0.72257
0.67569 0.38852
0.15134 0.30579
0.73751 0.95895
0.45877 0.85938
0.71185 0.67627
0.81093 0.60858
0.50839 0.84816
0.42563 0.01613
0.09155 0.49919
0.93865 0.22529
0.47131 0.64423
0.72039 0.20111
0.00123 0.95033
0.86343 0.27283
0.62937 0.43089
0.64067 0.14240
0.95722 0.33882
0.99517 0.58984
0.62644 0.80061
0.61216 0.47932
0.42857 0.91512
0.17486 0.16946
0.54208 0.86724
0.79186 0.19166
0.16736 0.00500
0.55559 0.37392
0.39958 0.86283
0.88645 0.95074
0.11421 0.66504
0.26657 0.77966
0.85190 0.53708
0.40746 0.98539
0.48348 0.61773
0.43949 0.60627
0.86076 0.68910
0.07348 0.15995
0.37960 0.76516
0.81445 0.50524
0.58322 0.56352
0.45125 0.71500
0.77043 0.51975
0.91109 0.59739
0.94960 0.59437
0.72995 0.86031
0.91573 0.99949
0.88351 0.16751
0.19799 0.13265
0.79047 0.07742
0.02496 0.93942
0.63993 0.78789
0.65445 0.28018
0.83218 0.54095
0.93549 0.47934
0.81337 0.06168
0.56960 0.19663
0.45892 0.17973
0.63772 0.37736
0.89474 0.71800
0.21073 0.03500
0.79744 0.35425
0.89941 0.45583
0.42897 0.59340
0.99164 0.10620
0.88411 0.49184
0.18537 0.01223
0.75669 0.64192
0.47115 0.26448
0.57225 0.14613
0.47016 0.16342
0.78348 0.60395
0.92062 0.09332
0.41963 0.58184
0.90024 0.00534
0.94561 0.65600
0.50116 0.80175
0.14173 0.33450
0.90987 0.46454
0.86557 0.76410
0.35215 0.55111
0.02857 0.80108
0.60139 0.55693
0.35542 0.72319
0.47736 0.18881
0.23577 0.96123
0.45696 0.79017
0.34972 0.83956
0.59536 0.45025
0.35747 0.76166
0.01658 0.02599
0.71860 0.87742
0.94416 0.59348
0.48526 0.22239
0.70278 0.48122
0.47348 0.21165
0.61709 0.75956
0.88536 0.28433
0.58210 0.54508
0.80445 0.92709
0.28980 0.47400
0.39428 0.49290
0.06644 0.50643
0.30290 0.09773
0.34929 0.92247
0.80049 0.64470
0.60583 0.32672
0.57678 0.78529
0.77462 0.77945
0.51996 0.31672
0.72820 0.42212
0.20103 0.70440
0.07295 0.78150
0.47814 0.91110
0.72605 0.96274
0.65823 0.74426
0.62385 0.76155
0.39278 0.98378
0.56771 0.20191
0.10394 0.04458
0.65878 0.90013
0.84078 0.18293
0.95159 0.65132
0.06490 0.33479
0.07951 0.66215
0.84117 0.17100
0.21140 0.87640
0.10707 0.49086
0.02411 0.91205
0.35702 0.73531
0.77812 0.38159
0.42528 0.03464
0.29826 0.87873
0.56201 0.68800
0.25573 0.73959
0.35303 0.52812
0.81917 0.39153
0.57581 0.14911
0.29130 0.36259
0.85043 0.81712
0.22807 0.64150
0.31080 0.14607
0.89915 0.44906
0.16008 0.06382
0.81373 0.46578
0.62453 0.87954
0.06660 0.23532
0.75525 0.19910
0.75869 0.03243
0.74171 0.37667
0.53047 0.42490
0.96432 0.58685
0.45374 0.03582
0.89407 0.98327
0.95325 0.11908
0.14401 0.33044
0.81775 0.76215
0.93586 0.97172
0.06084 0.12033
0.04309 0.74483
0.29649 0.46338
0.57613 0.15891
0.91275 0.48275
0.99465 0.01357
0.15611 0.50000
0.28129 0.15716
0.65861 0.35852
0.63388 0.72079
0.40636 0.51151
0.15466 0.09492
0.90263 0.14687
0.05675 0.28641
0.95590 0.96155
0.73205 0.92748
0.03119 0.65342
0.30572 0.19074
0.05536 0.02187
0.14327 0.44423
0.28017 0.19696
0.16679 0.39647
0.84841 0.70826
0.37937 0.61688
0.33449 0.02745
0.06126 0.75111
0.45487 0.67044
0.98908 0.42726
0.32793 0.50130
0.70280 0.67949
0.71482 0.46511
0.64463 0.99957
0.63167 0.05380
0.18143 0.18403
0.06888 0.33873
0.74447 0.01431
0.11155 0.56925
0.58316 0.00815
0.88455 0.50622
0.87417 0.32524
0.01930 0.84919
0.49310 0.50978
0.41445 0.44310
0.03551 0.44694
0.81544 0.50658
0.69942 0.06873
0.62258 0.82747
0.24098 0.21088
0.78289 0.60290
0.78233 0.94610
0.41798 0.65976
0.84252 0.41379
0.99506 0.17409
0.45595 0.40166
0.77536 0.32445
0.97566 0.57906
0.33704 0.18911
0.84604 0.87966
0.07984 0.70298
0.29880 0.57045
0.23067 0.09889
0.18069 0.44861
0.46679 0.24072
0.37132 0.54518
