0.02919 0.49588
0.01887 0.92642
0.21496 0.70920
0.21409 0.37810
0.06407 0.63587
0.91632 0.78807
0.98125 0.81066
0.34026 0.65820
0.05425 0.08079
0.66324 0.90420
0.42181 0.56243
0.37026 0.00745
0.98776 0.42978
0.25786 0.03362
0.06513 0.15238
0.93152 0.62295
0.27670 0.84065
0.78909 0.51177
0.39322 0.42625
0.25379 0.46622
0.13101 0.78238
0.77628 0.97441
0.79082 0.06877
0.49123 0.75255
0.71299 0.39533
0.87442 0.32357
0.04331 0.18424
0.32697 0.90001
0.27753 0.71959
0.82516 0.71230
0.35862 0.36111
0.72440 0.59387
0.79772 0.85147
0.96696 0.17074
0.41399 0.62498
0.64314 0.15193
0.18726 0.04317
0.79426 0.59166
0.97515 0.62451
0.20873 0.22102
0.82049 0.63804
0.10464 0.70144
0.08236 0.96841
0.34957 0.25174
0.38024 0.30549
0.42692 0.17708
0.28397 0.18745
0.19860 0.65638
0.55751 0.60321
0.86352 0.78677
0.12976 0.57437
0.77243 0.90877
0.59221 0.90396
0.80258 0.47665
0.21347 0.26975
0.48058 0.28414
0.04739 0.82854
0.05174 0.53763
0.29696 0.92233
0.87794 0.10249
0.96871 0.89493
0.23121 0.86672
0.41777 0.56719
0.49960 0.65185
0.79235 0.85648
0.18807 0.07784
0.43591 0.56439
0.69490 0.06527
0.75522 0.59473
0.97464 0.77954
0.99374 0.13176
0.43894 0.04160
0.75740 0.24695
0.25330 0.83781
0.93797 0.29537
0.51006 0.15680
0.41660 0.15311
0.86552 0.64757
0.79889 0.67204
0.23047 0.27454
0.08236 0.63081
0.29647 0.52088
0.54156 0.57494
0.77957 0.82738
0.52651 0.52035
0.02937 0.22432
0.43131 0.53256
0.52256 0.61004
0.72739 0.28089
0.52188 0.00646
0.64445 0.15341
0.33779 0.30649
0.64957 0.79913
0.76213 0.51714
0.93010 0.14780
0.38766 0.58559
0.94171 0.32937
0.36570 0.45078
0.86202 0.53931
0.10220 0.27905
0.03375 0.81699
0.50793 0.52064
0.21174 0.84599
0.97584 0.06191
0.15577 0.26428
0.11349 0.21692
0.25437 0.19537
0.55337 0.30456
0.34540 0.21775
0.22049 0.43234
0.93419 0.32934
0.11531 0.16309
0.10165 0.82481
0.25115 0.60686
0.77067 0.14431
0.07751 0.12347
0.42762 0.84606
0.00920 0.08258
0.32109 0.10629
0.95519 0.43648
0.01072 0.63172
0.17085 0.23897
0.64025 0.05083
0.29151 0.14649
0.02951 0.21985
0.79312 0.50550
0.71970 0.32979
0.73925 0.07026
0.13054 0.88756
0.92356 0.40642
0.09148 0.56211
0.88622 0.55918
0.01481 0.42930
0.38336 0.16692
0.44576 0.91213
0.45557 0.90947
0.31333 0.51947
0.37133 0.18449
0.78557 0.23196
0.88969 0.48172
0.41354 0.64218
0.81996 0.26101
0.33425 0.46600
0.97537 0.50296
0.73534 0.46884
0.32610 0.96470
0.29716 0.31820
0.61739 0.25629
0.70819 0.46767
0.12137 0.15860
0.69458 0.05933
0.77971 0.21342
0.93008 0.69700
0.38964 0.70940
0.96171 0.10660
0.57046 0.75649
0.38111 0.66634
0.82572 0.61532
0.11756 0.09321
0.93397 0.61850
0.00475 0.81165
0.49845 0.47412
0.39994 0.95459
0.72747 0.24052
0.11387 0.02417
0.58786 0.28519
0.17762 0.54593
0.08283 0.75531
0.45021 0.67759
0.67116 0.51795
0.38853 0.78731
0.46743 0.12775
0.88671 0.83462
0.00932 0.67969
0.80433 0.54329
0.64807 0.22357
0.88253 0.51397
0.95664 0.96989
0.57708 0.26897
0.95325 0.99941
0.16061 0.86439
0.29963 0.62926
0.26870 0.33902
0.13833 0.62490
0.28901 0.25968
0.16266 0.47199
0.02726 0.75741
0.75845 0.70134
0.69186 0.86064
0.88019 0.39829
0.69255 0.37274
0.73581 0.83410
0.22712 0.73569
0.65965 0.30359
0.23086 0.51157
0.08245 0.52475
0.98625 0.34092
0.69772 0.57770
0.89365 0.23898
0.87090 0.37195
0.96543 0.43065
0.32724 0.48388
0.74694 0.81791
0.95272 0.49580
0.17270 0.67648
0.31545 0.22421
0.04434 0.29794
0.84802 0.92977
0.36785 0.86611
0.05443 0.39064
0.76298 0.21058
0.82350 0.79311
0.14925 0.34124
0.07254 0.50702
0.89426 0.29685
0.37581 0.38688
0.67511 0.92166
0.11259 0.35307
0.38582 0.43136
0.70098 0.21048
0.74652 0.30026
0.30683 0.01605
0.51902 0.44457
0.26434 0.35271
0.67273 0.93416
0.17755 0.03693
0.12170 0.55756
0.48060 0.35217
0.17480 0.79376
0.59737 0.42432
0.62508 0.85076
0.08289 0.76352
0.47239 0.17059
0.56105 0.56666
0.66790 0.37340
0.38867 0.03661
0.96613 0.36515
0.63106 0.65453
0.89660 0.31236
0.59418 0.86953
0.23379 0.31155
0.45669 0.94000
0.21983 0.41091
0.14205 0.25476
0.11293 0.80172
0.27919 0.74259
0.70142 0.97826
0.28180 0.59190
0.01164 0.38944
0.33136 0.32563
0.19208 0.12297
0.27391 0.03460
0.86429 0.38870
0.98673 0.52771
0.68990 0.18874
0.97587 0.44888
