0.95650 0.37235
0.30280 0.90568
0.46444 0.02434
0.59590 0.35387
0.74421 0.61731
0.73130 0.83350
0.68296 0.53530
0.32536 0.29959
0.99751 0.92972
0.65480 0.84599
0.47275 0.20506
0.66159 0.00757
0.75169 0.00964
0.32251 0.18406
0.09388 0.10876
0.50776 0.27313
0.11541 0.29036
0.27892 0.09836
0.23600 0.66393
0.65959 0.08053
0.24228 0.88180
0.26620 0.41672
0.51986 0.89852
0.83895 0.96061
0.64458 0.41581
0.04351 0.31431
0.09059 0.04585
0.56635 0.81440
0.23322 0.00334
0.60954 0.43039
0.00209 0.93077
0.42522 0.93742
0.63332 0.81107
0.33687 0.35407
0.96526 0.98254
0.13669 0.19091
0.13902 0.26765
0.84841 0.83761
0.67627 0.55708
0.18089 0.36655
0.08429 0.47237
0.58503 0.10660
0.36041 0.29712
0.93130 0.12999
0.99953 0.32573
0.19975 0.66616
0.70414 0.38300
0.66648 0.59916
0.18981 0.76338
0.01958 0.82060
0.97719 0.77077
0.52251 0.17579
0.51330 0.16752
0.07392 0.45634
0.05364 0.80258
0.16503 0.40892
0.97715 0.84216
0.50238 0.31072
0.26959 0.75698
0.59351 0.58156
0.66267 0.12927
0.10440 0.19123
0.72271 0.37490
0.99299 0.58923
0.47066 0.61217
0.69293 0.38840
0.96792 0.28314
0.71964 0.27835
0.50736 0.25398
0.61633 0.13066
0.76626 0.69450
0.04546 0.82909
0.94661 0.66712
0.77831 0.46916
0.23221 0.01943
0.29289 0.02757
0.43341 0.03387
0.00133 0.82389
0.51845 0.63856
0.06829 0.41350
0.28738 0.93893
0.71571 0.38419
0.88346 0.04075
0.12135 0.68661
0.10300 0.31596
0.36185 0.26511
0.15771 0.35234
0.82585 0.77141
0.25521 0.63160
0.39339 0.28468
0.91764 0.16028
0.54070 0.52654
0.14470 0.68468
0.53344 0.61079
0.99549 0.44428
0.04235 0.66105
0.12605 0.62969
0.64839 0.14346
0.58922 0.53638
0.09712 0.75345
0.95000 0.29725
0.14407 0.99658
0.57704 0.16596
0.25604 0.66528
0.77461 0.85105
0.86120 0.88768
0.87457 0.92152
0.16712 0.11547
0.74173 0.99892
0.43211 0.27007
0.99119 0.41715
0.04474 0.97674
0.47111 0.10750
0.82254 0.33573
0.91891 0.03845
0.94301 0.32573
0.80687 0.98638
0.37686 0.34085
0.16582 0.39190
0.88824 0.95667
0.14773 0.94994
0.03703 0.04653
0.67893 0.27573
0.75839 0.70945
0.01001 0.95638
0.98224 0.89661
0.97994 0.21621
0.68634 0.30386
0.59554 0.77720
0.11003 0.30863
0.70485 0.43260
0.03103 0.75174
0.39141 0.26458
0.26297 0.98891
0.03322 0.58424
0.43742 0.36434
0.86632 0.56847
0.70242 0.43314
0.49777 0.28317
0.97639 0.77354
0.13251 0.95740
0.68028 0.39518
0.71009 0.31963
0.97900 0.24024
0.92263 0.79308
0.07502 0.99853
0.83299 0.04197
0.72711 0.74834
0.72873 0.01276
0.10018 0.73716
0.62436 0.25579
0.51591 0.31105
0.53029 0.43078
0.89272 0.60072
0.88595 0.04712
0.91587 0.11658
0.26405 0.91698
0.27407 0.89204
0.31290 0.82353
0.35408 0.77675
0.52417 0.65949
0.48419 0.30130
0.44383 0.66906
0.22938 0.83689
0.66831 0.55275
0.94174 0.91953
0.55884 0.19067
0.81153 0.56302
0.18738 0.17272
0.28261 0.14242
0.47304 0.07140
0.38873 0.14808
0.77661 0.99556
0.43186 0.12170
0.42313 0.56468
0.14800 0.05559
0.22785 0.34528
0.05296 0.00367
0.65216 0.64851
0.44607 0.48794
0.43120 0.97269
0.16005 0.70213
0.32025 0.58082
0.31163 0.36906
0.65583 0.11450
0.04242 0.10650
0.71671 0.93106
0.42226 0.91686
0.88863 0.68475
0.31172 0.42490
0.76119 0.01999
0.30166 0.31966
0.87156 0.00833
0.42760 0.05208
0.69669 0.90846
0.99333 0.60163
0.84924 0.11621
0.16115 0.06703
0.31793 0.31774
0.92486 0.21982
0.00122 0.70236
0.89112 0.69532
0.53298 0.19177
0.25505 0.15953
0.52393 0.81528
0.34665 0.06741
0.10547 0.57104
0.07612 0.15774
0.66052 0.68074
0.05657 0.49462
0.55766 0.37611
0.72756 0.15665
0.64159 0.90261
0.07321 0.23393
0.42376 0.87745
0.12325 0.20810
0.03281 0.59370
0.39076 0.49823
0.51679 0.98936
0.23295 0.26651
0.62715 0.20027
0.35704 0.60333
0.24738 0.32664
0.14941 0.26544
0.19151 0.37158
0.96490 0.57796
0.03039 0.15396
0.49886 0.14329
0.08010 0.80256
0.33805 0.34815
0.29828 0.61185
0.50168 0.52970
0.39595 0.70150
0.24974 0.49979
0.01423 0.61378
0.95465 0.18439
0.49464 0.94542
0.00939 0.89892
0.68138 0.46467
0.82680 0.06871
0.42025 0.30559
0.58842 0.88025
0.92685 0.14460
0.98186 0.81090
0.61564 0.68417
0.62748 0.83653
0.30070 0.11110
0.96198 0.25677
0.14467 0.88933
0.04209 0.94993
0.30694 0.93163
0.86705 0.70638
0.20069 0.88341
0.10723 0.79094
0.86448 0.21826
0.21012 0.08621
