0.41537 0.39529
0.88832 0.75535
0.26520 0.64047
0.50463 0.67439
0.48379 0.44856
0.26053 0.59847
0.40332 0.80113
0.23796 0.27797
0.22782 0.80346
0.63599 0.20958
0.47174 0.50581
0.49324 0.59964
0.66002 0.55954
0.51039 0.82310
0.54932 0.81829
0.97542 0.21270
0.09111 0.46167
0.12398 0.66366
0.85911 0.89060
0.99915 0.46985
0.65034 0.95934
0.30192 0.90143
0.52412 0.25942
0.70046 0.78934
0.33552 0.04366
0.47207 0.19936
0.41431 0.89118
0.76536 0.75438
0.92470 0.79546
0.67240 0.23942
0.54076 0.63348
0.44769 0.84345
0.05763 0.00393
0.02645 0.86460
0.35707 0.38873
0.76584 0.69884
0.25225 0.27925
0.07921 0.25984
0.74100 0.89196
0.08626 0.55907
0.59881 0.83402
0.53368 0.69076
0.78481 0.58020
0.51836 0.34866
0.36253 0.18131
0.16440 0.18102
0.85392 0.32742
0.08795 0.90533
0.46039 0.47185
0.39838 0.09015
0.08931 0.05099
0.31327 0.18305
0.81106 0.96527
0.16830 0.79866
0.36657 0.43980
0.16709 0.97651
0.40299 0.32152
0.19993 0.59339
0.62501 0.69692
0.50440 0.29109
0.88132 0.11598
0.73405 0.23280
0.23470 0.07767
0.90005 0.33393
0.29581 0.62573
0.26587 0.17702
0.77535 0.81333
0.85511 0.33855
0.14224 0.33892
0.80506 0.52088
0.40392 0.14088
0.72307 0.85827
0.92944 0.54146
0.93977 0.20853
0.36205 0.35581
0.15179 0.81892
0.66982 0.95567
0.45786 0.59748
0.52626 0.72260
0.76498 0.42634
0.87825 0.82528
0.67502 0.70512
0.96119 0.33315
0.97811 0.42049
0.17227 0.96067
0.81885 0.18186
0.44445 0.11438
0.45816 0.75045
0.58278 0.21637
0.50514 0.33641
0.36157 0.96375
0.22489 0.05891
0.09692 0.54395
0.93683 0.13449
0.15338 0.37545
0.45926 0.09160
0.01947 0.21630
0.46773 0.97237
0.16926 0.89934
0.86877 0.06269
0.83157 0.10714
0.07913 0.34046
0.12889 0.12866
0.67189 0.78879
0.43003 0.72372
0.04075 0.36845
0.47039 0.57456
0.76470 0.40682
0.69322 0.56086
0.37727 0.01495
0.71612 0.52189
0.12666 0.03179
0.67316 0.13664
0.75673 0.91110
0.26816 0.34509
0.69307 0.14804
0.60892 0.59174
0.43456 0.36122
0.20240 0.44933
0.68652 0.37044
0.43445 0.20363
0.04495 0.60666
0.01244 0.24248
0.45554 0.12227
0.43546 0.81532
0.23064 0.59684
0.06637 0.64334
0.55397 0.68806
0.45929 0.64156
0.99226 0.04400
0.03977 0.19533
0.65121 0.55864
0.39146 0.37362
0.59656 0.12824
0.61199 0.91823
0.01317 0.66094
0.78617 0.63131
0.91566 0.87299
0.54765 0.71122
0.08917 0.42062
0.01039 0.80551
0.51045 0.67526
0.32671 0.46126
0.25299 0.71732
0.91460 0.15145
0.01540 0.61836
0.23946 0.97580
0.87732 0.86781
0.73411 0.77556
0.95479 0.04979
0.97905 0.89325
0.37877 0.35999
0.82768 0.04616
0.12712 0.04601
0.81855 0.42262
0.72595 0.55004
0.70879 0.65198
0.25732 0.98687
0.98474 0.46438
0.29867 0.43056
0.68470 0.81639
0.03448 0.05678
0.25292 0.72587
0.49873 0.96179
0.50416 0.91374
0.42748 0.59720
0.86061 0.86332
0.63525 0.45584
0.83891 0.07752
0.73956 0.17794
0.39858 0.06750
0.89816 0.24808
0.36790 0.44218
0.67216 0.08216
0.06914 0.83375
0.02013 0.59975
0.82412 0.92232
0.26235 0.91629
0.53901 0.74431
0.07107 0.31098
0.12801 0.23238
0.95286 0.39231
0.94794 0.74150
0.11215 0.06739
0.18746 0.35158
0.16450 0.22645
0.71069 0.35322
0.25860 0.16776
0.98015 0.86746
0.52534 0.64017
0.78694 0.93408
0.49690 0.04336
0.19568 0.84670
0.05942 0.50146
0.29035 0.79445
0.01652 0.62197
0.44161 0.65043
0.85056 0.39583
0.51409 0.75199
0.08588 0.73067
0.06509 0.74966
0.92174 0.40129
0.92114 0.33641
0.66209 0.68566
0.69377 0.47215
0.61471 0.60027
0.92415 0.04773
0.36296 0.26883
0.93610 0.44753
0.84717 0.43084
0.49589 0.15145
0.54058 0.18448
0.92099 0.21162
0.13532 0.54364
0.83915 0.92449
0.41259 0.94576
0.80253 0.88913
0.87546 0.21780
0.01343 0.76331
0.71725 0.96729
0.27172 0.50274
0.15040 0.56823
0.19050 0.52292
0.91275 0.68354
0.30733 0.21637
0.67343 0.63497
0.58058 0.53143
0.29538 0.68788
0.44740 0.48255
0.42069 0.67461
0.16237 0.03355
0.62221 0.00925
0.26591 0.58541
0.59053 0.03469
0.17270 0.49845
0.55102 0.28815
0.42644 0.62708
0.46653 0.74220
0.49155 0.24303
0.41078 0.61450
0.80947 0.11591
0.15517 0.18968
0.79759 0.71835
0.36729 0.27117
0.78864 0.10490
0.07538 0.35589
0.44328 0.99319
0.52986 0.89129
0.90049 0.91805
0.56288 0.38106
0.31640 0.54159
0.94074 0.11138
0.18710 0.24532
0.25421 0.63439
0.08325 0.16108
0.38080 0.49942
