0.97515 0.67573
0.18997 0.78392
0.46664 0.69253
0.40506 0.47806
0.68168 0.87188
0.77378 0.01671
0.54529 0.07322
0.41625 0.13697
0.49248 0.16577
0.53082 0.17446
0.78807 0.43892
0.00136 0.69580
0.42197 0.78663
0.42288 0.66573
0.88002 0.84439
0.72953 0.50024
0.08079 0.48645
0.56004 0.85089
0.59892 0.73829
0.11913 0.76469
0.74678 0.71150
0.52022 0.21908
0.87599 0.56379
0.92540 0.17778
0.91842 0.24496
0.88099 0.38320
0.75649 0.58405
0.19340 0.88545
0.57454 0.03429
0.15428 0.49098
0.99980 0.17666
0.87665 0.58710
0.30265 0.81640
0.62243 0.70434
0.59674 0.31651
0.15503 0.86495
0.33572 0.33670
0.92869 0.61757
0.94866 0.37151
0.28049 0.53591
0.14316 0.74531
0.56048 0.13044
0.99937 0.02242
0.97146 0.98611
0.18839 0.38440
0.32241 0.83402
0.37999 0.25967
0.86467 0.74472
0.69684 0.25987
0.92532 0.12770
0.26994 0.12656
0.20698 0.88595
0.53442 0.40424
0.40022 0.46521
0.04506 0.95958
0.98853 0.71636
0.38428 0.43221
0.53701 0.77804
0.03791 0.16580
0.10622 0.85707
0.32986 0.44994
0.43392 0.88094
0.89531 0.81849
0.67994 0.44577
0.44922 0.47722
0.31955 0.68892
0.60962 0.93710
0.07898 0.43846
0.13757 0.72219
0.35132 0.94027
0.09963 0.58525
0.69376 0.25031
0.28215 0.59499
0.02208 0.82979
0.85993 0.90674
0.26428 0.35660
0.25221 0.87438
0.86779 0.48315
0.66738 0.35076
0.57320 0.12235
0.12647 0.74729
0.32603 0.28843
0.78163 0.61999
0.63410 0.86453
0.62976 0.41870
0.04865 0.71819
0.19356 0.43954
0.98098 0.53075
0.99728 0.48247
0.41503 0.97027
0.03158 0.26530
0.50231 0.76465
0.57945 0.98761
0.35221 0.17206
0.83871 0.78349
0.97446 0.50169
0.09837 0.92045
0.72044 0.32561
0.41436 0.59590
0.53860 0.58156
0.06149 0.63474
0.01566 0.14723
0.30875 0.82312
0.99857 0.41889
0.34349 0.14020
0.18433 0.72468
0.65208 0.92202
0.70605 0.32288
0.57039 0.64690
0.99410 0.66227
0.43491 0.46183
0.42682 0.05361
0.62553 0.82719
0.93170 0.62519
0.11807 0.71956
0.44988 0.05639
0.06368 0.71959
0.09221 0.30401
0.50652 0.35012
0.50040 0.33973
0.70846 0.93917
0.61601 0.87545
0.71398 0.00451
0.97031 0.76242
0.41079 0.98570
0.60098 0.23093
0.45042 0.20094
0.17903 0.66327
0.23148 0.10445
0.86946 0.04513
0.42055 0.00745
0.68009 0.65901
0.18318 0.43624
0.32071 0.91179
0.52793 0.35614
0.16753 0.39453
0.63094 0.44482
0.06574 0.81004
0.16401 0.18752
0.60073 0.67283
0.55402 0.29897
0.05901 0.77225
0.22163 0.81942
0.29866 0.24463
0.18646 0.66239
0.20966 0.95108
0.66815 0.60606
0.01358 0.84250
0.82041 0.58662
0.13963 0.02676
0.27434 0.22763
0.77920 0.90076
0.48037 0.04631
0.29618 0.47947
0.58343 0.45685
0.33993 0.95092
0.66972 0.25169
0.30238 0.73623
0.60997 0.45601
0.33471 0.98931
0.84767 0.49800
0.34071 0.81627
0.57872 0.52894
0.58995 0.90730
0.11652 0.75411
0.82755 0.06247
0.76801 0.52808
0.30466 0.68803
0.28223 0.48457
0.30478 0.41122
0.65797 0.36607
0.82486 0.80475
0.05636 0.14697
0.29269 0.91396
0.62655 0.60532
0.09692 0.22957
0.33672 0.40240
0.01929 0.76182
0.01090 0.50442
0.54670 0.11239
0.21652 0.64673
0.26888 0.77120
0.18159 0.51928
0.13715 0.63871
0.70347 0.15933
0.07147 0.87827
0.02531 0.86081
0.77580 0.32177
0.68415 0.67769
0.65331 0.79119
0.57986 0.19877
0.45097 0.56732
0.18550 0.50552
0.31363 0.12803
0.62616 0.91584
0.59030 0.42485
0.42390 0.57238
0.88288 0.15341
0.78613 0.82882
0.27838 0.88669
0.37248 0.13235
0.18526 0.08858
0.50822 0.86576
0.19034 0.95609
0.59277 0.80918
0.87831 0.04053
0.57708 0.17960
0.31200 0.44498
0.72438 0.82537
0.86460 0.38145
0.80725 0.31483
0.68573 0.60716
0.43793 0.72241
0.98704 0.84299
0.18608 0.07913
0.76811 0.50663
0.34992 0.60935
0.31883 0.21765
0.44922 0.84244
0.82517 0.86257
0.44720 0.32785
0.83744 0.59208
0.95633 0.46671
0.39244 0.41439
0.50723 0.30533
0.53848 0.97887
0.51158 0.77725
0.94365 0.69087
0.63737 0.55330
0.52353 0.91743
0.37411 0.37622
0.53803 0.37935
0.93741 0.95250
0.35952 0.19167
0.53975 0.99822
0.25412 0.99092
0.34467 0.48944
0.02079 0.56168
0.36758 0.34327
0.40495 0.17435
0.76518 0.56911
0.38664 0.71935
0.20540 0.79313
0.31675 0.75361
0.06524 0.36831
0.05131 0.50692
0.18549 0.73538
0.52111 0.17498
0.90444 0.69541
0.28208 0.72641
0.45411 0.46732
0.11276 0.69708
0.96696 0.37432
0.57888 0.45282
0.17711 0.94526
0.10195 0.29822
