0.42362 0.39384
0.32348 0.16750
0.48526 0.37977
0.61143 0.55070
0.99481 0.84809
0.77917 0.14794
0.85480 0.17452
0.64815 0.95155
0.14673 0.01363
0.67165 0.56003
0.41134 0.16162
0.23680 0.74851
0.90003 0.67936
0.42202 0.62206
0.62129 0.28126
0.25720 0.34155
0.90768 0.57002
0.87974 0.68414
0.46733 0.70990
0.42356 0.02883
0.33437 0.25351
0.24039 0.88048
0.75563 0.87035
0.40254 0.40434
0.87448 0.81921
0.51003 0.56424
0.71364 0.94646
0.32188 0.29418
0.66708 0.18549
0.38953 0.92987
0.97603 0.67574
0.23035 0.76790
0.16533 0.63750
0.99078 0.32217
0.63744 0.54108
0.09049 0.99962
0.75045 0.82181
0.52406 0.70254
0.12232 0.23636
0.83724 0.99020
0.69693 0.35570
0.05841 0.54281
0.10823 0.91743
0.96888 0.64315
0.96056 0.84413
0.54755 0.66846
0.41977 0.71118
0.13299 0.92031
0.88186 0.31661
0.54723 0.96403
0.46498 0.79265
0.16393 0.18250
0.23317 0.09907
0.79324 0.46977
0.72677 0.71466
0.41028 0.31572
0.53759 0.28547
0.32153 0.86768
0.41787 0.59160
0.11180 0.26573
0.10839 0.68809
0.02513 0.85711
0.89580 0.69561
0.23204 0.34044
0.09641 0.45315
0.48838 0.67742
0.28465 0.21490
0.94819 0.88131
0.69455 0.56266
0.59336 0.74200
0.01397 0.96655
0.70658 0.09215
0.66706 0.81475
0.76713 0.49440
0.20122 0.68798
0.29815 0.16504
0.76202 0.72052
0.08062 0.62337
0.18940 0.06418
0.08757 0.30840
0.57052 0.87217
0.78930 0.59197
0.79799 0.89065
0.55897 0.23138
0.00425 0.26869
0.01353 0.88212
0.19143 0.21838
0.04579 0.97545
0.52303 0.96673
0.73908 0.60712
0.73814 0.75504
0.50899 0.58111
0.41418 0.50971
0.79848 0.85218
0.11716 0.79248
0.22153 0.75624
0.60932 0.43648
0.22918 0.22902
0.91598 0.86655
0.44980 0.47507
0.36912 0.57794
0.99139 0.27435
0.69183 0.36196
0.30219 0.30181
0.73707 0.88183
0.30799 0.04189
0.03413 0.99342
0.36816 0.41895
0.32860 0.58435
0.05122 0.81816
0.64005 0.53208
0.90283 0.65935
0.05956 0.31084
0.01917 0.05070
0.85640 0.61453
0.94518 0.08323
0.90465 0.85948
0.01250 0.71866
0.09766 0.82329
0.44563 0.20182
0.44756 0.93060
0.99584 0.46957
0.75846 0.08659
0.52000 0.85134
0.19046 0.18375
0.05841 0.85587
0.94201 0.99799
0.88589 0.34928
0.30861 0.89778
0.93440 0.39706
0.84855 0.48251
0.07508 0.18968
0.20306 0.71969
0.36240 0.24160
0.73257 0.33365
0.71278 0.22293
0.67302 0.91132
0.00586 0.68554
0.24363 0.80487
0.92065 0.85632
0.32090 0.53758
0.18608 0.69388
0.60121 0.86710
0.10213 0.93431
0.05355 0.02333
0.69701 0.99733
0.37747 0.58124
0.82740 0.39095
0.21903 0.99314
0.04849 0.79173
0.31644 0.34861
0.68586 0.61363
0.81843 0.04914
0.62346 0.17415
0.21893 0.46349
0.81916 0.72609
0.85485 0.76467
0.27740 0.07740
0.67822 0.82072
0.58665 0.63082
0.05691 0.70486
0.14180 0.49352
0.94626 0.43100
0.01596 0.24165
0.40016 0.18801
0.54336 0.69974
0.07953 0.26477
0.11973 0.57283
0.34975 0.23764
0.19744 0.91060
0.16338 0.27116
0.57765 0.16674
0.20581 0.22724
0.32063 0.08240
0.17834 0.37123
0.29238 0.05127
0.07971 0.09804
0.60433 0.03226
0.57342 0.50194
0.42933 0.67777
0.80757 0.06763
0.76101 0.38118
0.60354 0.92443
0.98553 0.25167
0.96548 0.82150
0.46380 0.80218
0.43188 0.49533
0.21457 0.80483
0.30644 0.30467
0.53534 0.16228
0.40114 0.14200
0.43708 0.98815
0.08747 0.89222
0.78341 0.78777
0.19900 0.53717
0.46979 0.04860
0.21597 0.52563
0.10241 0.19191
0.73475 0.78708
0.60191 0.38755
0.54913 0.79495
0.04263 0.15749
0.92152 0.51318
0.69488 0.22195
0.88592 0.43264
0.86969 0.02517
0.17653 0.09125
0.45491 0.39093
0.02762 0.93909
0.73778 0.04362
0.60163 0.47460
0.78033 0.98589
0.62071 0.38566
0.97852 0.20955
0.32299 0.48781
0.35004 0.05497
0.20427 0.17990
0.85213 0.37728
0.73167 0.53099
0.82038 0.29791
0.38496 0.12144
0.07849 0.32853
0.18194 0.91352
0.15757 0.57872
0.87379 0.20020
0.14973 0.91089
0.10201 0.72279
0.23151 0.55102
0.66212 0.32894
0.75079 0.25772
0.36725 0.69835
0.34718 0.88710
0.61621 0.09374
0.54325 0.21822
0.50034 0.31003
0.01107 0.40919
0.54662 0.50941
0.89667 0.86884
0.57264 0.84816
0.79236 0.80393
0.57801 0.55763
0.87372 0.55950
0.46602 0.55464
0.31167 0.35199
0.98223 0.54660
0.70243 0.94415
0.81140 0.92255
0.52984 0.45525
0.47279 0.39268
0.45738 0.57988
0.07488 0.18611
0.20025 0.08439
0.77247 0.61045
0.85001 0.39566
0.97032 0.58522
0.20133 0.72719
