0.67990 0.32585
0.38503 0.13768
0.34089 0.95162
0.66832 0.75283
0.64618 0.28180
0.39674 0.69641
0.16918 0.40823
0.00973 0.58442
0.43532 0.54923
0.39606 0.23011
0.95816 0.49796
0.96204 0.82867
0.14265 0.80587
0.07404 0.79814
0.73350 0.56872
0.18811 0.65851
0.92327 0.88873
0.42949 0.32631
0.48761 0.81666
0.07689 0.13952
0.45420 0.41852
0.54298 0.73839
0.03694 0.88233
0.13409 0.73269
0.25994 0.82374
0.94342 0.78284
0.34004 0.80489
0.48608 0.12184
0.86560 0.95151
0.23166 0.60862
0.87949 0.45114
0.94025 0.51753
0.10590 0.16735
0.00563 0.06124
0.03363 0.31282
0.62093 0.48128
0.50874 0.88597
0.95336 0.11038
0.87104 0.31544
0.42270 0.38013
0.12911 0.81405
0.63807 0.33269
0.56622 0.54480
0.56426 0.74523
0.00933 0.86125
0.54453 0.79714
0.46333 0.77396
0.67302 0.29585
0.08115 0.97538
0.74047 0.18694
0.29121 0.98961
0.39603 0.67232
0.56799 0.75119
0.84272 0.43815
0.59715 0.07221
0.73012 0.67105
0.69663 0.16750
0.52818 0.59646
0.27300 0.10712
0.75814 0.21607
0.36388 0.33621
0.66744 0.65994
0.69768 0.19347
0.43629 0.94905
0.78210 0.11936
0.17711 0.81862
0.95743 0.13195
0.10164 0.00274
0.07441 0.70272
0.80041 0.59672
0.17543 0.87037
0.35947 0.85163
0.84686 0.19418
0.03562 0.77156
0.73302 0.91910
0.87174 0.27241
0.06648 0.88636
0.39904 0.54854
0.79808 0.58776
0.35307 0.55888
0.17354 0.01358
0.91112 0.26757
0.90030 0.56804
0.72909 0.38465
0.91900 0.37162
0.89546 0.59120
0.90522 0.52206
0.27259 0.79577
0.16499 0.51373
0.01647 0.35824
0.90128 0.64976
0.89773 0.50850
0.43236 0.83373
0.93554 0.30243
0.89498 0.69606
0.64023 0.83297
0.80228 0.58467
0.25534 0.65501
0.74327 0.33766
0.10641 0.14440
0.28882 0.20352
0.99719 0.08889
0.94907 0.57992
0.03680 0.60298
0.96100 0.22571
0.97452 0.13562
0.82341 0.66665
0.22300 0.42167
0.98331 0.15825
0.55787 0.35522
0.35502 0.56190
0.58235 0.96258
0.58015 0.87335
0.42974 0.54248
0.09969 0.33215
0.44728 0.92854
0.32233 0.28828
0.22646 0.61077
0.08842 0.17697
0.66568 0.35461
0.91840 0.32223
0.51404 0.43355
0.06977 0.82358
0.46185 0.69203
0.96887 0.87637
0.68338 0.26296
0.65120 0.50535
0.92237 0.85723
0.87950 0.04411
0.26327 0.98900
0.70079 0.14537
0.02920 0.09380
0.01255 0.30962
0.38532 0.15068
0.98490 0.77895
0.95180 0.51840
0.37712 0.39817
0.87212 0.99841
0.67089 0.74601
0.09302 0.81428
0.37455 0.48772
0.73548 0.91732
0.59859 0.35568
0.73466 0.22827
0.29979 0.87619
0.23759 0.18523
0.66067 0.67468
0.14121 0.42908
0.42405 0.56357
0.15463 0.04316
0.28927 0.05468
0.80887 0.29408
0.18268 0.73328
0.92742 0.51936
0.24905 0.03957
0.67057 0.64357
0.87395 0.58880
0.74402 0.28674
0.95905 0.91696
0.13412 0.89786
0.69313 0.80261
0.37197 0.51553
0.42003 0.93798
0.24666 0.02637
0.63617 0.59066
0.57039 0.46274
0.82707 0.65433
0.31998 0.03643
0.38924 0.31989
0.00876 0.63224
0.07264 0.96416
0.51834 0.58039
0.49154 0.11873
0.06938 0.49250
0.51948 0.06035
0.97955 0.40140
0.12504 0.06485
0.34685 0.53241
0.37435 0.16854
0.71421 0.55561
0.94429 0.53017
0.65159 0.34684
0.57238 0.88224
0.40352 0.20801
0.50743 0.02150
0.11370 0.82468
0.55889 0.21371
0.64595 0.26336
0.79496 0.69368
0.14870 0.57132
0.31330 0.13591
0.14671 0.50385
0.64430 0.40717
0.03310 0.07608
0.79913 0.69436
0.11515 0.58256
0.35575 0.49215
0.49794 0.75664
0.64738 0.16512
0.62117 0.25213
0.67516 0.52268
0.97186 0.01122
0.56491 0.85703
0.72938 0.29960
0.06219 0.49526
0.70909 0.74865
0.03162 0.80959
0.66985 0.45648
0.39903 0.19730
0.79517 0.72170
0.00063 0.86643
0.33970 0.16487
0.27047 0.10082
0.80230 0.33416
0.57245 0.15601
0.37252 0.03289
0.55185 0.88080
0.11432 0.81983
0.29830 0.50982
0.07492 0.98049
0.48459 0.05571
0.47254 0.13087
0.22801 0.70115
0.01357 0.83286
0.26528 0.24499
0.16312 0.67832
0.18164 0.05416
0.73034 0.80559
0.20194 0.05115
0.83121 0.93782
0.02028 0.52841
0.25081 0.30496
0.20765 0.22776
0.84532 0.20346
0.03775 0.18174
0.31282 0.30443
0.01626 0.99416
0.20996 0.89299
0.19087 0.13389
0.66160 0.14994
0.93106 0.32262
0.77681 0.95526
0.32629 0.40893
0.68122 0.44473
0.24609 0.37547
0.06640 0.79398
0.95060 0.00254
0.43233 0.33801
0.95203 0.11317
0.21948 0.31804
0.18048 0.24549
0.73710 0.53944
0.67548 0.59665
0.73085 0.08814
0.05421 0.80722
0.72742 0.65734
