0.75910 0.50037
0.28226 0.12692
0.58724 0.99131
0.92945 0.36703
0.23011 0.67889
0.88621 0.19367
0.34308 0.30835
0.83672 0.51962
0.67682 0.68166
0.25503 0.47523
0.49796 0.71427
0.32458 0.52253
0.59973 0.15013
0.42373 0.93429
0.73989 0.64307
0.05481 0.21409
0.41219 0.89951
0.81436 0.30858
0.30974 0.85074
0.91787 0.08664
0.14316 0.53211
0.82021 0.10319
0.96478 0.67116
0.89535 0.07116
0.40218 0.06766
0.07892 0.64363
0.30757 0.35187
0.19671 0.57840
0.67232 0.46574
0.71149 0.30507
0.31704 0.65440
0.70907 0.70093
0.14202 0.32554
0.07971 0.73918
0.21823 0.55170
0.36367 0.70652
0.79162 0.76135
0.67458 0.74058
0.79779 0.22706
0.44067 0.62104
0.11588 0.73131
0.08470 0.80785
0.97581 0.24540
0.39635 0.92606
0.05095 0.78096
0.85703 0.96013
0.02026 0.13068
0.96524 0.55997
0.85600 0.90349
0.23709 0.05455
0.89723 0.39139
0.10532 0.21950
0.69160 0.67631
0.38951 0.97753
0.96128 0.77276
0.69615 0.88478
0.69620 0.38140
0.12432 0.39798
0.07052 0.77831
0.38186 0.44470
0.28411 0.08890
0.76093 0.21001
0.01449 0.19582
0.22134 0.29871
0.75886 0.58938
0.14391 0.19047
0.15659 0.93407
0.23135 0.89916
0.25237 0.90281
0.40855 0.39372
0.93363 0.62908
0.44010 0.31668
0.63548 0.55492
0.30053 0.71533
0.03520 0.83942
0.66065 0.84097
0.04475 0.14927
0.81180 0.02672
0.84652 0.66021
0.81643 0.30984
0.59346 0.00134
0.24476 0.56732
0.17352 0.28091
0.81779 0.58569
0.21801 0.59896
0.09546 0.64011
0.41155 0.96833
0.27439 0.18679
0.30756 0.99718
0.66852 0.44951
0.67739 0.08270
0.58635 0.52413
0.54631 0.20659
0.86441 0.88387
0.53550 0.93585
0.75014 0.50145
0.38768 0.11409
0.26634 0.42634
0.75981 0.91553
0.18185 0.53413
0.31898 0.71978
0.54797 0.61883
0.61514 0.26437
0.60758 0.65195
0.58201 0.35479
0.10445 0.31753
0.35529 0.63513
0.83986 0.31749
0.74142 0.56656
0.96029 0.94559
0.95166 0.58604
0.34862 0.16826
0.94228 0.17038
0.99107 0.38293
0.29413 0.75191
0.75520 0.75509
0.18361 0.20592
0.24414 0.52111
0.08595 0.98435
0.10587 0.54450
0.26368 0.14737
0.84974 0.26947
0.43872 0.85470
0.19789 0.48580
0.79430 0.60938
0.73000 0.55899
0.98455 0.74756
0.05695 0.96353
0.74672 0.00333
0.06523 0.28471
0.34129 0.89816
0.66226 0.69420
0.14765 0.93468
0.77887 0.96227
0.44258 0.07618
0.16472 0.58621
0.63988 0.09809
0.62240 0.00009
0.29288 0.43228
0.28463 0.56050
0.77137 0.20970
0.08955 0.67014
0.55433 0.51695
0.69613 0.93845
0.51588 0.27194
0.55433 0.40754
0.42137 0.86907
0.07678 0.30095
0.91024 0.96735
0.65294 0.22694
0.09051 0.71872
0.43464 0.29544
0.00681 0.92123
0.40356 0.34854
0.81605 0.52133
0.46945 0.70117
0.90619 0.24457
0.95915 0.96978
0.34895 0.50253
0.68213 0.57301
0.60295 0.28138
0.80732 0.69667
0.06016 0.45340
0.15981 0.57144
0.34495 0.05285
0.07175 0.98457
0.15083 0.18196
0.50121 0.80663
0.48153 0.58207
0.04769 0.86937
0.35215 0.68973
0.56365 0.95034
0.72830 0.02992
0.61876 0.85235
0.39348 0.43467
0.59100 0.69895
0.71823 0.30538
0.19309 0.46462
0.21657 0.42107
0.86652 0.25387
0.13928 0.54460
0.24739 0.49424
0.80676 0.33157
0.05004 0.45951
0.97703 0.57679
0.91025 0.31550
0.46124 0.88107
0.30618 0.04301
0.32686 0.63015
0.29699 0.20355
0.70829 0.95135
0.11354 0.50508
0.97770 0.65475
0.68939 0.70670
0.53859 0.36199
0.95542 0.07433
0.86903 0.30122
0.61333 0.97090
0.15773 0.15202
0.59075 0.26425
0.73467 0.29467
0.36924 0.98880
0.26245 0.25738
0.61918 0.54729
0.41368 0.09275
0.64440 0.83988
0.78880 0.92222
0.44983 0.02410
0.24913 0.36981
0.11605 0.23535
0.24922 0.11963
0.44142 0.96939
0.51497 0.64876
0.33054 0.96793
0.75894 0.84252
0.35000 0.25670
0.01336 0.97020
0.96470 0.29205
0.73647 0.68207
0.97991 0.92598
0.92767 0.62987
0.26570 0.53237
0.99724 0.38108
0.47635 0.89175
0.36405 0.99007
0.76581 0.64804
0.27954 0.56231
0.60490 0.92454
0.38920 0.05546
0.13893 0.27124
0.07218 0.46149
0.38482 0.53973
0.13113 0.59757
0.84100 0.64519
0.29762 0.90810
0.44148 0.28879
0.21241 0.70512
0.72449 0.37408
0.92268 0.49166
0.70790 0.44151
0.69528 0.85159
0.71081 0.00466
0.29458 0.01602
0.61339 0.62991
0.31588 0.88069
0.27377 0.02104
0.45144 0.05854
0.48474 0.14045
0.14777 0.21567
0.99971 0.36287
0.67476 0.33962
0.72809 0.68386
0.55873 0.11193
0.91915 0.82500
0.36132 0.74434
0.27751 0.20998
