0.08507 0.78511
0.40297 0.07327
0.23410 0.60301
0.69955 0.12307
0.29505 0.00885
0.60536 0.55859
0.43338 0.77358
0.40310 0.92565
0.72319 0.04379
0.16531 0.79365
0.67042 0.60721
0.44680 0.02964
0.36468 0.19320
0.65172 0.94965
0.70583 0.94175
0.84779 0.31016
0.36205 0.10347
0.74222 0.73464
0.84587 0.46768
0.90520 0.82490
0.67314 0.09139
0.87760 0.88489
0.37385 0.62282
0.24566 0.99641
0.28618 0.03191
0.49148 0.51268
0.91058 0.00168
0.34046 0.82956
0.75549 0.31458
0.03898 0.55635
0.46375 0.83132
0.39766 0.82334
0.53446 0.28966
0.76245 0.38728
0.37512 0.00483
0.78175 0.04092
0.03610 0.21290
0.39741 0.16060
0.14837 0.07381
0.27002 0.19842
0.05712 0.11161
0.85881 0.48779
0.84984 0.81699
0.47893 0.84877
0.89283 0.58293
0.65808 0.61273
0.98223 0.25262
0.20379 0.21127
0.71633 0.97594
0.22310 0.73372
0.58781 0.26387
0.17118 0.88582
0.29906 0.91749
0.29306 0.39102
0.79268 0.58434
0.47991 0.55127
0.49255 0.01521
0.02165 0.22932
0.54175 0.16843
0.16851 0.92948
0.67880 0.31479
0.00881 0.47885
0.96469 0.78453
0.48049 0.83069
0.53070 0.12972
0.46564 0.99083
0.57181 0.63327
0.16981 0.04386
0.92300 0.33977
0.69902 0.32689
0.85438 0.31672
0.67711 0.35831
0.58095 0.63027
0.15553 0.18310
0.79416 0.92215
0.15754 0.10793
0.43106 0.98209
0.74242 0.63209
0.58159 0.88223
0.30779 0.58657
0.05301 0.67342
0.70685 0.70878
0.64118 0.94778
0.99564 0.25203
0.47802 0.08126
0.85864 0.52448
0.84760 0.94379
0.79475 0.37706
0.41478 0.62338
0.31950 0.10952
0.43684 0.97940
0.82567 0.02098
0.03874 0.65972
0.60175 0.55744
0.69971 0.44069
0.49021 0.73222
0.50004 0.54788
0.48684 0.21822
0.90856 0.09927
0.04061 0.33831
0.31035 0.54376
0.74164 0.56333
0.52430 0.02817
0.48156 0.91052
0.67667 0.58583
0.45407 0.38967
0.08303 0.55042
0.17022 0.55626
0.61891 0.72429
0.74972 0.45194
0.74512 0.72338
0.88985 0.79426
0.45009 0.10634
0.13911 0.31415
0.29329 0.82892
0.81986 0.19716
0.25867 0.68792
0.63087 0.31467
0.07666 0.95261
0.36586 0.25908
0.17954 0.35050
0.23811 0.80525
0.11492 0.97725
0.82818 0.02295
0.54022 0.94252
0.78050 0.69296
0.57749 0.63406
0.07515 0.52240
0.43087 0.93291
0.45462 0.77264
0.30655 0.81631
0.47341 0.38492
0.81737 0.55774
0.45028 0.90568
0.21383 0.72846
0.31856 0.36298
0.28070 0.63014
0.33949 0.72227
0.01115 0.96526
0.21377 0.13829
0.25842 0.38631
0.90123 0.58610
0.55722 0.93749
0.23536 0.94816
0.21595 0.84435
0.22879 0.09868
0.70559 0.02984
0.59640 0.88211
0.32874 0.89902
0.57939 0.22787
0.04859 0.96040
0.35318 0.05289
0.65878 0.85543
0.90120 0.96722
0.90646 0.44622
0.51193 0.43249
0.63392 0.23260
0.41057 0.87695
0.62563 0.75352
0.20542 0.88087
0.67615 0.45031
0.36881 0.99267
0.60144 0.93632
0.78593 0.89974
0.88604 0.91778
0.18358 0.65012
0.64696 0.15858
0.56917 0.07462
0.12734 0.60133
0.71264 0.07216
0.73784 0.35708
0.97324 0.81486
0.91865 0.51076
0.19443 0.32879
0.64349 0.59650
0.25716 0.92711
0.45158 0.00334
0.11044 0.25262
0.98165 0.58176
0.01701 0.99639
0.06507 0.37410
0.42087 0.65994
0.11798 0.28190
0.46487 0.68181
0.21500 0.30416
0.88499 0.71584
0.27169 0.38798
0.21214 0.48402
0.55568 0.04783
0.95074 0.23874
0.48943 0.97058
0.21631 0.07190
0.67167 0.83958
0.66703 0.21056
0.59750 0.47697
0.75780 0.08460
0.87498 0.97437
0.50522 0.64057
0.33630 0.28050
0.16925 0.78888
0.46124 0.35390
0.56874 0.76317
0.19071 0.56378
0.94302 0.26655
0.80213 0.36081
0.88108 0.69627
0.09396 0.46121
0.83592 0.35658
0.84324 0.61235
0.90532 0.82129
0.85548 0.76069
0.28138 0.62800
0.85458 0.92972
0.45729 0.75952
0.51634 0.81380
0.71414 0.12355
0.26625 0.80407
0.37246 0.85326
0.85704 0.72560
0.38974 0.19882
0.99004 0.32986
0.63048 0.31427
0.67320 0.10254
0.11452 0.21721
0.39467 0.47870
0.62178 0.89254
0.13291 0.21749
0.92741 0.33091
0.87935 0.38238
0.32996 0.64828
0.39736 0.11791
0.90647 0.75144
0.73914 0.74560
0.20254 0.16782
0.82720 0.10366
0.11195 0.73913
0.11787 0.72875
0.15149 0.12426
0.02787 0.57923
0.88947 0.21882
0.09488 0.55974
0.44314 0.11857
0.16697 0.47158
0.52161 0.71821
0.18219 0.31634
0.61904 0.59424
0.05313 0.95381
0.37987 0.32094
0.09699 0.71066
0.49507 0.44186
0.71990 0.61122
0.39837 0.18550
0.94390 0.29441
0.63876 0.14715
0.36823 0.48144
0.40657 0.60347
