0.65948 0.93350
0.68476 0.42816
0.68850 0.90130
0.87954 0.40410
0.55685 0.09922
0.04879 0.23382
0.84097 0.97628
0.42601 0.69412
0.72849 0.92854
0.07393 0.99646
0.22999 0.35500
0.27187 0.15892
0.11061 0.73216
0.84146 0.83132
0.35266 0.12740
0.38474 0.40307
0.08333 0.58287
0.19761 0.50272
0.05184 0.14069
0.10288 0.67651
0.76784 0.82960
0.19611 0.14306
0.22647 0.64695
0.81773 0.55340
0.75389 0.00394
0.58758 0.59172
0.23527 0.34125
0.91054 0.03003
0.34810 0.72058
0.27049 0.11428
0.32998 0.93961
0.24280 0.76227
0.32759 0.64479
0.86043 0.10345
0.03896 0.33667
0.44333 0.25908
0.61714 0.02316
0.07367 0.76501
0.56442 0.35949
0.63122 0.29513
0.37095 0.71828
0.91187 0.09637
0.58267 0.69488
0.71546 0.07948
0.47825 0.23404
0.21718 0.08656
0.77727 0.22474
0.26377 0.79901
0.44648 0.41170
0.89000 0.35529
0.62441 0.04487
0.53439 0.19342
0.97844 0.23705
0.76540 0.32805
0.21681 0.56332
0.32863 0.89982
0.61150 0.15957
0.39923 0.78217
0.12654 0.72655
0.39515 0.50624
0.50529 0.80178
0.95927 0.25877
0.63475 0.64304
0.93122 0.05443
0.80834 0.49962
0.19653 0.21420
0.94807 0.63484
0.11807 0.62512
0.47987 0.57041
0.34059 0.58715
0.47664 0.54927
0.04840 0.66837
0.85811 0.64779
0.72355 0.57858
0.91169 0.82605
0.70911 0.50938
0.58694 0.88649
0.57092 0.91359
0.92473 0.62695
0.61893 0.03693
0.92279 0.95373
0.64695 0.64036
0.68520 0.27147
0.43456 0.25841
0.88685 0.15270
0.97797 0.97177
0.66276 0.73143
0.39194 0.68861
0.68514 0.84892
0.55805 0.97887
0.20734 0.28374
0.88503 0.46622
0.01462 0.90369
0.53737 0.63821
0.75286 0.44954
0.11604 0.26186
0.93628 0.81166
0.29257 0.86107
0.94927 0.10555
0.83976 0.94187
0.98416 0.71015
0.28864 0.72902
0.05872 0.26821
0.38635 0.35663
0.62013 0.30196
0.76042 0.12366
0.92617 0.48018
0.00171 0.42752
0.40455 0.21452
0.12046 0.35423
0.02575 0.44419
0.64916 0.20393
0.97484 0.51126
0.16082 0.03447
0.48584 0.13689
0.51851 0.34284
0.71221 0.67874
0.68311 0.57977
0.84287 0.59471
0.80048 0.78770
0.00530 0.76054
0.44006 0.87341
0.50314 0.82203
0.05456 0.00673
0.18866 0.08177
0.13288 0.86724
0.42712 0.16909
0.31766 0.82451
0.52603 0.82512
0.61501 0.02969
0.86284 0.98828
0.38799 0.10501
0.17302 0.02908
0.67412 0.60560
0.76875 0.42053
0.95473 0.78404
0.28147 0.41737
0.91086 0.49043
0.18713 0.32750
0.89374 0.48933
0.46990 0.69294
0.32083 0.58483
0.05252 0.05521
0.86646 0.69963
0.86322 0.73699
0.39743 0.18850
0.96211 0.93590
0.95201 0.25819
0.47190 0.59085
0.07501 0.94549
0.07333 0.90121
0.22822 0.88932
0.85824 0.12435
0.17194 0.79162
0.01128 0.69960
0.76798 0.63473
0.32357 0.71575
0.68438 0.77936
0.71344 0.00298
0.16172 0.53062
0.21376 0.76877
0.48764 0.77546
0.63460 0.83520
0.26233 0.51785
0.84286 0.74060
0.51781 0.19144
0.62630 0.60971
0.98646 0.23997
0.10123 0.20214
0.30158 0.50748
0.01846 0.06645
0.92834 0.74229
0.61689 0.24271
0.73815 0.63134
0.86452 0.45131
0.65915 0.98653
0.85281 0.56294
0.53010 0.69777
0.68405 0.47712
0.46104 0.97017
0.10435 0.58682
0.09690 0.41363
0.94230 0.86139
0.59075 0.07486
0.08837 0.55958
0.82261 0.37644
0.83562 0.73330
0.11057 0.77908
0.88578 0.91073
0.15939 0.49001
0.35730 0.66883
0.34534 0.68556
0.84183 0.93582
0.79648 0.97348
0.19336 0.65463
0.71729 0.31209
0.06979 0.77935
0.00408 0.68521
0.71864 0.31015
0.67012 0.98712
0.00826 0.54470
0.54137 0.86836
0.94771 0.95385
0.73718 0.55742
0.77069 0.82342
0.10100 0.01584
0.07272 0.68830
0.85412 0.60234
0.97937 0.29243
0.01301 0.31881
0.78186 0.02527
0.37727 0.81122
0.27813 0.91082
0.35430 0.64719
0.65748 0.14601
0.98334 0.82050
0.38332 0.94869
0.75996 0.98415
0.90697 0.72562
0.70569 0.25004
0.56239 0.37077
0.44523 0.28479
0.23599 0.88377
0.46885 0.85808
0.61920 0.87907
0.44891 0.39937
0.36413 0.55456
0.25061 0.89256
0.62508 0.62288
0.76048 0.38381
0.65242 0.06069
0.60594 0.52077
0.12683 0.28597
0.01632 0.35670
0.94867 0.08002
0.83076 0.96757
0.40712 0.50515
0.65170 0.92702
0.62622 0.55084
0.43278 0.90381
0.05378 0.42829
0.56326 0.51603
0.86306 0.58445
0.61049 0.09066
0.48428 0.58127
0.56660 0.97384
0.18395 0.99631
0.30197 0.21571
0.55393 0.27888
0.18444 0.15284
0.23088 0.41156
0.78912 0.96611
0.46327 0.23249
0.56314 0.56758
0.72566 0.31767
0.40133 0.43057
