0.37584 0.39248
0.04086 0.35053
0.74528 0.21361
0.25013 0.54536
0.60472 0.69670
0.00369 0.18158
0.24806 0.30902
0.48541 0.52362
0.98238 0.96653
0.59964 0.41938
0.64405 0.10401
0.61660 0.09593
0.11533 0.55018
0.59949 0.12004
0.93347 0.02218
0.69165 0.17717
0.72200 0.18062
0.20251 0.03545
0.04454 0.10548
0.03937 0.66137
0.15166 0.15991
0.71193 0.11324
0.70207 0.91162
0.45344 0.82907
0.36018 0.26375
0.09040 0.67421
0.89665 0.07040
0.95439 0.51442
0.86892 0.31950
0.03603 0.84799
0.07621 0.86871
0.33986 0.00108
0.93034 0.03305
0.98990 0.68561
0.90534 0.29600
0.31976 0.84253
0.36304 0.09862
0.53329 0.00357
0.11398 0.62484
0.72251 0.36857
0.71920 0.52872
0.38608 0.00301
0.29137 0.48854
0.55911 0.80970
0.54954 0.70025
0.21262 0.67421
0.29751 0.89140
0.21314 0.68497
0.04460 0.70649
0.62951 0.81534
0.47930 0.93314
0.79166 0.51269
0.81197 0.57447
0.90823 0.08642
0.81419 0.21479
0.07933 0.36661
0.25972 0.97715
0.43964 0.47874
0.75876 0.73882
0.73173 0.87969
0.28668 0.31657
0.87439 0.67186
0.53109 0.16133
0.54758 0.38773
0.71806 0.91410
0.45506 0.47659
0.64491 0.84576
0.56366 0.00917
0.05620 0.24502
0.35527 0.72558
0.94944 0.25973
0.01650 0.06240
0.00370 0.72080
0.76694 0.04916
0.46070 0.77426
0.52107 0.60114
0.52987 0.48658
0.77433 0.96545
0.96855 0.41947
0.11949 0.01368
0.12496 0.37346
0.84083 0.93875
0.14993 0.65555
0.15118 0.40119
0.06080 0.59187
0.84035 0.00640
0.98597 0.22698
0.90369 0.26551
0.63897 0.98814
0.80450 0.48189
0.21405 0.60898
0.28351 0.01004
0.75741 0.03173
0.46108 0.99150
0.66104 0.57181
0.83517 0.08306
0.28934 0.81652
0.11641 0.63933
0.69493 0.08508
0.99443 0.41104
0.81484 0.92296
0.96684 0.31110
0.94092 0.39251
0.69372 0.12287
0.45198 0.89612
0.11264 0.34809
0.91263 0.45793
0.67453 0.53389
0.23898 0.39250
0.69652 0.60086
0.86709 0.97486
0.01608 0.46640
0.29486 0.85562
0.46081 0.68127
0.28602 0.03984
0.88797 0.18789
0.02849 0.57228
0.27275 0.91002
0.59479 0.52780
0.15780 0.93440
0.96995 0.81486
0.69182 0.27237
0.14324 0.65266
0.80763 0.66740
0.98870 0.09645
0.47775 0.98518
0.83607 0.52440
0.71620 0.37474
0.55838 0.04736
0.82834 0.64088
0.41040 0.69745
0.77318 0.67098
0.46017 0.03571
0.42483 0.76484
0.94628 0.41689
0.86362 0.56159
0.81842 0.95563
0.46105 0.07859
0.15739 0.32755
0.51360 0.91533
0.11814 0.51040
0.71101 0.53079
0.90996 0.20736
0.23642 0.55687
0.88138 0.89623
0.24062 0.94915
0.54309 0.36768
0.83150 0.93099
0.65205 0.12789
0.10447 0.08040
0.75388 0.50788
0.72119 0.19980
0.01049 0.36414
0.90076 0.33193
0.01538 0.90012
0.67681 0.41045
0.12310 0.29983
0.23612 0.81805
0.58749 0.81495
0.60117 0.31796
0.44559 0.26638
0.33060 0.69726
0.80959 0.49690
0.08975 0.33968
0.64363 0.63698
0.44328 0.60362
0.79636 0.59896
0.60812 0.24491
0.55034 0.33810
0.63500 0.96474
0.53743 0.06277
0.63726 0.63644
0.28285 0.09654
0.15013 0.02410
0.99366 0.61365
0.26668 0.76872
0.00214 0.89986
0.82742 0.63111
0.77873 0.79172
0.00631 0.18527
0.30852 0.95557
0.30498 0.56243
0.47784 0.35322
0.91808 0.46510
0.73165 0.09951
0.39088 0.90025
0.58804 0.54579
0.99922 0.26453
0.08880 0.51350
0.98622 0.95192
0.44109 0.75476
0.44455 0.77907
0.71515 0.31787
0.51256 0.99687
0.82336 0.64743
0.99490 0.62050
0.10834 0.71046
0.86522 0.04078
0.89613 0.23553
0.39408 0.73441
0.73788 0.43725
0.44087 0.86198
0.89626 0.60399
0.08954 0.66738
0.88129 0.09199
0.80192 0.40778
0.82737 0.00200
0.61720 0.93754
0.12235 0.44527
0.59422 0.42788
0.07069 0.13476
0.00904 0.64495
0.46836 0.27877
0.66046 0.93538
0.14810 0.71495
0.30085 0.63409
0.28245 0.86671
0.03242 0.15780
0.64872 0.01203
0.47444 0.05961
0.19215 0.14704
0.05282 0.38065
0.83295 0.90037
0.63131 0.46169
0.90036 0.00433
0.96443 0.00689
0.71971 0.01131
0.26657 0.39337
0.96294 0.49956
0.82570 0.93886
0.90677 0.88897
0.04094 0.06222
0.05985 0.27523
0.66283 0.27786
0.91450 0.29801
0.12066 0.67441
0.47445 0.39970
0.12590 0.46388
0.20672 0.77454
0.89496 0.90538
0.41452 0.32100
0.40128 0.93352
0.06140 0.46825
0.98831 0.62024
0.03073 0.57566
0.26369 0.29004
0.45298 0.12828
0.13935 0.20881
0.13918 0.68406
0.57736 0.45333
0.12679 0.06467
0.65986 0.59475
0.72196 0.17857
0.71417 0.94484
0.44584 0.67368
0.47668 0.67188
