0.50842 0.99272
0.22772 0.42928
0.33570 0.30379
0.00978 0.01893
0.26268 0.19811
0.62455 0.94683
0.86004 0.90007
0.13409 0.73598
0.40211 0.25576
0.89196 0.51812
0.66062 0.48875
0.35421 0.19758
0.82842 0.22103
0.86001 0.89855
0.93926 0.50691
0.82652 0.20551
0.22022 0.12204
0.21670 0.29131
0.85541 0.49661
0.97599 0.26348
0.56278 0.54901
0.35850 0.01694
0.86448 0.10098
0.71608 0.78162
0.55717 0.07900
0.66090 0.07648
0.41342 0.68764
0.11868 0.78158
0.74785 0.47647
0.01996 0.65578
0.35262 0.34983
0.94611 0.58954
0.92101 0.11605
0.52025 0.02792
0.60549 0.72655
0.46036 0.62874
0.60041 0.94991
0.49151 0.90509
0.75838 0.12750
0.31386 0.15302
0.16583 0.27832
0.48010 0.31244
0.07525 0.17525
0.07389 0.79806
0.31048 0.55942
0.11385 0.78741
0.15934 0.25122
0.12450 0.37976
0.63798 0.81519
0.06853 0.91412
0.31648 0.05957
0.41741 0.04242
0.07887 0.70786
0.39327 0.79741
0.64259 0.89756
0.79511 0.08139
0.86242 0.63215
0.31017 0.53557
0.78472 0.94846
0.47298 0.21102
0.95454 0.33501
0.92452 0.37003
0.17899 0.55831
0.53320 0.16692
0.81931 0.08911
0.04861 0.57434
0.87951 0.63157
0.08533 0.27562
0.54986 0.19824
0.03304 0.48448
0.18711 0.03212
0.44257 0.73447
0.96910 0.73892
0.44367 0.77272
0.70120 0.26104
0.00671 0.69155
0.56882 0.99019
0.02311 0.04448
0.81405 0.94782
0.90855 0.23122
0.73032 0.47221
0.72093 0.21479
0.89184 0.55940
0.40261 0.18268
0.85485 0.97055
0.90504 0.02322
0.73584 0.52593
0.29228 0.84621
0.14101 0.74863
0.85648 0.08077
0.17679 0.83465
0.13325 0.85041
0.71801 0.08987
0.52953 0.95856
0.87493 0.60979
0.38209 0.61379
0.49404 0.44939
0.13190 0.27606
0.88462 0.07302
0.02292 0.94989
0.16893 0.16449
0.13625 0.32484
0.04087 0.04818
0.30061 0.62322
0.23795 0.39922
0.68978 0.79986
0.25382 0.92314
0.83674 0.14258
0.80282 0.95428
0.96561 0.14181
0.10298 0.94465
0.21214 0.50696
0.02388 0.33865
0.38627 0.07107
0.07063 0.63518
0.53211 0.22320
0.27213 0.11644
0.34925 0.04010
0.99810 0.21616
0.03330 0.62939
0.48729 0.64086
0.15992 0.89243
0.75465 0.72345
0.28836 0.28401
0.50252 0.07356
0.81733 0.40542
0.02506 0.13069
0.16959 0.10540
0.33153 0.66201
0.04659 0.72638
0.29266 0.48827
0.65386 0.12956
0.52977 0.84658
0.73408 0.78246
0.47729 0.28514
0.47499 0.50657
0.27592 0.01426
0.47755 0.24692
0.98059 0.43947
0.14486 0.96851
0.25917 0.13868
0.87491 0.75840
0.45959 0.34567
0.36070 0.57356
0.00480 0.44605
0.52505 0.58306
0.70638 0.25653
0.67660 0.48002
0.81664 0.84345
0.66467 0.46771
0.82582 0.86730
0.11948 0.58886
0.10100 0.17451
0.22913 0.45092
0.67774 0.42403
0.88797 0.17472
0.02972 0.74810
0.48911 0.44045
0.18883 0.65313
0.35241 0.93440
0.85892 0.94137
0.74303 0.45627
0.89450 0.09457
0.46846 0.06797
0.36541 0.86047
0.80106 0.84176
0.32268 0.99871
0.22211 0.32511
0.69555 0.65293
0.41456 0.00842
0.26921 0.66033
0.11415 0.87305
0.28405 0.30893
0.63996 0.83491
0.29267 0.46794
0.40587 0.07720
0.49996 0.33184
0.61165 0.71607
0.98077 0.81211
0.80116 0.14847
0.03379 0.78487
0.56577 0.78973
0.35401 0.96875
0.59950 0.66708
0.32363 0.48771
0.09715 0.10704
0.94618 0.88607
0.52959 0.77280
0.32387 0.96050
0.30916 0.45151
0.26748 0.57253
0.99294 0.54112
0.82615 0.12701
0.92645 0.78234
0.53238 0.52490
0.26532 0.77071
0.48513 0.13494
0.96191 0.04306
0.16827 0.45592
0.27912 0.15271
0.13570 0.09479
0.76852 0.54286
0.67840 0.04315
0.81375 0.79171
0.37351 0.08791
0.55415 0.74980
0.92635 0.55428
0.02426 0.60541
0.83292 0.42777
0.71798 0.38216
0.60716 0.25682
0.72693 0.69623
0.36197 0.44259
0.50713 0.85545
0.17512 0.60513
0.78726 0.80066
0.59367 0.24402
0.67026 0.72895
0.64067 0.62745
0.79658 0.78940
0.42055 0.42032
0.27187 0.82299
0.34816 0.12481
0.89669 0.36812
0.97179 0.08505
0.66610 0.85696
0.92987 0.13917
0.35698 0.89789
0.08225 0.72914
0.25287 0.05519
0.16068 0.74086
0.31482 0.06006
0.65874 0.35468
0.10371 0.08819
0.02486 0.39191
0.22988 0.64245
0.71916 0.48447
0.18451 0.51569
0.06663 0.81611
0.36977 0.89310
0.31210 0.84490
0.87410 0.91416
0.45246 0.81215
0.51854 0.32092
0.16039 0.78541
0.89432 0.69130
0.60339 0.40477
0.92866 0.49019
0.16193 0.76797
0.86968 0.15596
0.55465 0.73155
0.52827 0.36916
0.51635 0.44676
0.78918 0.16927
0.08843 0.38431
0.88598 0.71999
