0.87489 0.11267
0.08912 0.98896
0.86315 0.76598
0.90043 0.71658
0.96014 0.24850
0.10576 0.51828
0.71482 0.42473
0.53762 0.79195
0.91949 0.12678
0.01090 0.88627
0.70352 0.48447
0.50926 0.29956
0.81731 0.00835
0.26729 0.43515
0.45886 0.50715
0.12453 0.87702
0.85492 0.92562
0.45969 0.30989
0.09849 0.52522
0.62710 0.40595
0.25269 0.28504
0.24464 0.23663
0.74918 0.44094
0.55835 0.45295
0.25684 0.05944
0.86754 0.45090
0.59399 0.00331
0.21713 0.78818
0.37801 0.39574
0.77045 0.22052
0.19963 0.06576
0.26860 0.09765
0.82678 0.22764
0.41370 0.22376
0.92648 0.30905
0.63037 0.55369
0.01415 0.03390
0.79106 0.92240
0.02360 0.13501
0.88045 0.28999
0.32262 0.50271
0.14640 0.48031
0.77674 0.33689
0.25139 0.26136
0.91863 0.36086
0.15584 0.25823
0.28163 0.74932
0.42377 0.92655
0.18013 0.00028
0.14560 0.31457
0.34550 0.82455
0.36115 0.54248
0.50943 0.69802
0.84629 0.14117
0.19829 0.75958
0.08755 0.19852
0.25684 0.23536
0.81422 0.44543
0.98536 0.68407
0.96020 0.28504
0.16850 0.09062
0.00894 0.77880
0.90983 0.82140
0.75440 0.95620
0.00685 0.31953
0.73022 0.63118
0.20193 0.69881
0.27142 0.81614
0.41410 0.35713
0.71841 0.86010
0.29571 0.26782
0.89839 0.42109
0.06142 0.99311
0.89090 0.74603
0.08575 0.91971
0.79256 0.92568
0.23002 0.33582
0.65076 0.73056
0.54623 0.86220
0.62236 0.48539
0.28762 0.18317
0.60472 0.80367
0.81642 0.30902
0.05590 0.94631
0.50009 0.22056
0.70816 0.04055
0.89617 0.53613
0.18825 0.02742
0.33791 0.32321
0.84876 0.45604
0.83977 0.46744
0.10243 0.08709
0.64576 0.18262
0.05568 0.84729
0.17332 0.39852
0.05652 0.45496
0.01633 0.29599
0.57942 0.12116
0.65084 0.62708
0.71400 0.08117
0.24138 0.53841
0.96394 0.24159
0.25489 0.06501
0.84324 0.92236
0.30973 0.14567
0.28338 0.38932
0.23574 0.53853
0.61255 0.60018
0.39472 0.25680
0.87158 0.97091
0.21882 0.11228
0.72489 0.23352
0.77149 0.29817
0.64925 0.19378
0.36511 0.79715
0.88854 0.74372
0.18963 0.80257
0.85091 0.16611
0.73448 0.67028
0.93691 0.87560
0.61364 0.75560
0.08207 0.20463
0.72242 0.49884
0.13845 0.59628
0.13673 0.02055
0.10893 0.47899
0.31668 0.27355
0.01079 0.86055
0.15278 0.32925
0.70453 0.47989
0.19760 0.90788
0.05248 0.88608
0.35346 0.62219
0.34608 0.62801
0.99744 0.06226
0.61889 0.57140
0.87676 0.72847
0.14988 0.79315
0.89810 0.49321
0.87114 0.13883
0.10373 0.59869
0.56620 0.40344
0.76204 0.43767
0.59687 0.04734
0.43560 0.29136
0.24054 0.20074
0.98085 0.10365
0.36520 0.14415
0.47480 0.11573
0.70927 0.93046
0.51533 0.59928
0.91121 0.83736
0.64430 0.81010
0.88388 0.29100
0.00991 0.36911
0.02433 0.84852
0.09499 0.81808
0.35020 0.38805
0.98868 0.79966
0.70728 0.33393
0.89400 0.46820
0.37239 0.88055
0.97054 0.73998
0.81708 0.39932
0.90654 0.65851
0.23770 0.22406
0.87740 0.61705
0.87431 0.95587
0.49425 0.92456
0.49425 0.04927
0.06094 0.94411
0.57867 0.09210
0.74015 0.52373
0.76593 0.62011
0.58749 0.49003
0.89194 0.83668
0.10001 0.13717
0.60633 0.09359
0.19604 0.11739
0.38906 0.20059
0.04311 0.19552
0.59982 0.63367
0.94334 0.93600
0.01159 0.51368
0.44062 0.50213
0.38326 0.89047
0.19930 0.04032
0.92536 0.24979
0.23487 0.96117
0.44436 0.26288
0.05583 0.76889
0.97486 0.20184
0.59828 0.10280
0.06809 0.26927
0.60899 0.54644
0.25067 0.47436
0.61853 0.44696
0.06215 0.15821
0.80648 0.10863
0.15893 0.36637
0.12144 0.97553
0.13851 0.72779
0.82668 0.10108
0.01813 0.96064
0.40115 0.93482
0.00623 0.18356
0.20189 0.01775
0.57684 0.88994
0.25146 0.69199
0.52183 0.22371
0.56028 0.05975
0.19704 0.46763
0.85521 0.41282
0.43539 0.03679
0.50521 0.47483
0.50681 0.23857
0.55269 0.69179
0.44461 0.58445
0.55646 0.66331
0.46530 0.71563
0.32538 0.78494
0.89711 0.19955
0.89389 0.66730
0.82224 0.65220
0.84269 0.12357
0.04018 0.99285
0.53619 0.92687
0.76102 0.49477
0.13712 0.34090
0.00087 0.18183
0.22782 0.64884
0.79350 0.53725
0.62744 0.22854
0.69173 0.88347
0.74715 0.67181
0.69692 0.91639
0.18892 0.31179
0.59440 0.68456
0.96011 0.46326
0.13559 0.49015
0.01117 0.03194
0.37262 0.42520
0.54458 0.17008
0.14581 0.55768
0.62893 0.28122
0.18648 0.11157
0.50009 0.63985
0.51686 0.13286
0.07400 0.24965
0.07199 0.40338
0.73241 0.53620
0.61667 0.66442
0.07956 0.11828
0.52417 0.15022
0.97014 0.99603
0.02729 0.71420
