0.99329 0.78873
0.92046 0.39044
0.23983 0.24924
0.58158 0.90362
0.18809 0.51768
0.98819 0.43071
0.95225 0.33370
0.08035 0.91880
0.61386 0.13074
0.53621 0.98558
0.40182 0.81996
0.87243 0.82658
0.99451 0.44080
0.32414 0.21968
0.35742 0.73366
0.71653 0.04851
0.26096 0.78873
0.82504 0.92702
0.23132 0.04098
0.61560 0.50510
0.02664 0.29252
0.87593 0.56462
0.13276 0.02156
0.77688 0.78297
0.86383 0.07763
0.78199 0.30444
0.41316 0.64087
0.66279 0.43878
0.34845 0.14718
0.84658 0.50738
0.42813 0.39854
0.74418 0.73481
0.97544 0.54155
0.74138 0.94067
0.94570 0.64609
0.70835 0.01459
0.35861 0.52071
0.04192 0.55472
0.94083 0.45424
0.67952 0.57619
0.63815 0.49132
0.09165 0.19493
0.32563 0.15903
0.01900 0.21900
0.00940 0.79987
0.99334 0.96463
0.64580 0.12585
0.26563 0.74192
0.62177 0.94600
0.10087 0.14328
0.60647 0.72722
0.19891 0.61020
0.71864 0.35138
0.79781 0.65649
0.37624 0.91968
0.56769 0.22278
0.52638 0.60432
0.87794 0.62818
0.77848 0.03512
0.77094 0.82390
0.38834 0.95865
0.11145 0.15287
0.66473 0.37059
0.35613 0.74761
0.51843 0.90785
0.09604 0.95113
0.48812 0.66161
0.11793 0.98932
0.37728 0.55433
0.57148 0.39348
0.24286 0.11307
0.26932 0.88356
0.85024 0.25083
0.06904 0.07446
0.47827 0.77211
0.11908 0.58890
0.96462 0.54814
0.60820 0.43460
0.55554 0.40894
0.32891 0.50422
0.13060 0.05716
0.48819 0.77416
0.61384 0.48783
0.12078 0.30232
0.20205 0.39183
0.52341 0.84952
0.70831 0.08236
0.07920 0.04557
0.44670 0.64680
0.61373 0.55536
0.70837 0.43840
0.60154 0.20264
0.35229 0.57675
0.45845 0.04716
0.07607 0.23469
0.08089 0.24159
0.29270 0.97369
0.92898 0.08695
0.80581 0.27185
0.61215 0.64882
0.76884 0.60908
0.91157 0.67127
0.41451 0.83427
0.69662 0.71758
0.35782 0.35398
0.77035 0.66433
0.60871 0.34550
0.52739 0.40705
0.60275 0.53166
0.28584 0.75465
0.02699 0.00433
0.16962 0.80315
0.48485 0.79662
0.12512 0.30824
0.30486 0.27345
0.40678 0.75304
0.07431 0.51987
0.54422 0.88955
0.66540 0.45927
0.27360 0.48853
0.32144 0.81416
0.68859 0.98895
0.34223 0.08987
0.76198 0.57150
0.52901 0.87921
0.67154 0.00843
0.00262 0.39124
0.38296 0.28282
0.30265 0.93866
0.96636 0.24270
0.64408 0.60886
0.39545 0.23266
0.28919 0.05807
0.98043 0.69028
0.23102 0.66750
0.00985 0.68746
0.88733 0.39694
0.84616 0.18283
0.44254 0.71798
0.50523 0.58763
0.17329 0.75821
0.03222 0.84056
0.62307 0.23832
0.05338 0.69950
0.86526 0.45843
0.96853 0.92026
0.40909 0.23462
0.31485 0.91218
0.21325 0.16206
0.83440 0.77793
0.92119 0.64343
0.90813 0.83745
0.17330 0.27053
0.46740 0.69248
0.73518 0.92150
0.28868 0.32929
0.43750 0.64097
0.85625 0.20605
0.93829 0.66079
0.47916 0.24298
0.56764 0.88655
0.73651 0.85859
0.31147 0.13590
0.01373 0.86611
0.95074 0.37311
0.27942 0.54303
0.42258 0.49410
0.08227 0.26157
0.28274 0.31538
0.13207 0.22582
0.21357 0.41788
0.34682 0.35840
0.56567 0.38504
0.06129 0.50904
0.38499 0.52079
0.39607 0.68497
0.43971 0.78347
0.37630 0.13559
0.58881 0.50734
0.06375 0.43394
0.59147 0.59449
0.34729 0.92210
0.00407 0.68529
0.37426 0.97439
0.59856 0.00880
0.53122 0.58747
0.33302 0.48369
0.22313 0.40406
0.60102 0.84048
0.21289 0.26241
0.47532 0.21678
0.33939 0.48842
0.00580 0.62707
0.35044 0.01051
0.80200 0.24886
0.35455 0.29173
0.60633 0.33993
0.74653 0.11365
0.80298 0.06312
0.36668 0.96571
0.29544 0.30424
0.57214 0.61167
0.59620 0.17901
0.84133 0.51401
0.81200 0.27614
0.48637 0.46186
0.68457 0.27857
0.18144 0.77080
0.22399 0.42978
0.92178 0.42439
0.49082 0.67843
0.04568 0.82281
0.66993 0.72701
0.77293 0.65593
0.40643 0.55914
0.50959 0.43260
0.02466 0.96256
0.94419 0.21508
0.09203 0.53497
0.29052 0.22294
0.22342 0.12032
0.75839 0.87255
0.95194 0.34749
0.03140 0.56397
0.04539 0.67659
0.63580 0.71462
0.34759 0.62522
0.44156 0.67047
0.09924 0.89161
0.61845 0.91677
0.22276 0.26341
0.62757 0.60593
0.59715 0.56365
0.19326 0.29739
0.83262 0.80853
0.23570 0.71239
0.16864 0.08757
0.99771 0.55311
0.54727 0.00669
0.19561 0.22327
0.87810 0.53666
0.38463 0.09217
0.99450 0.21100
0.16637 0.53064
0.56828 0.84443
0.28730 0.68546
0.83364 0.97202
0.53786 0.49354
0.39310 0.79384
0.27591 0.03478
0.33940 0.60405
0.00731 0.76409
0.64472 0.86309
0.12409 0.48533
0.35164 0.07026
0.99708 0.32001
