0.55615 0.26210
0.32823 0.35361
0.71554 0.72997
0.98988 0.36118
0.51418 0.84316
0.27022 0.81878
0.76500 0.19372
0.21685 0.62056
0.39650 0.49317
0.00827 0.85444
0.60739 0.08962
0.71283 0.63624
0.89924 0.23006
0.40257 0.88923
0.38166 0.83356
0.36846 0.41991
0.36933 0.19824
0.90211 0.98365
0.06629 0.06333
0.24288 0.06713
0.69557 0.62681
0.36042 0.93795
0.16676 0.98171
0.73343 0.77236
0.77442 0.04749
0.67130 0.14147
0.38785 0.00052
0.36994 0.55050
0.78854 0.21822
0.79003 0.14270
0.42792 0.50935
0.98104 0.18774
0.35509 0.98379
0.76594 0.21301
0.35574 0.23426
0.54481 0.54522
0.80200 0.35845
0.24013 0.38101
0.98703 0.88718
0.30478 0.33358
0.98329 0.43739
0.83968 0.53396
0.73368 0.69661
0.40960 0.41371
0.64410 0.04542
0.24492 0.09680
0.84457 0.97115
0.83740 0.20120
0.51733 0.94335
0.74545 0.03146
0.03656 0.13566
0.03409 0.04829
0.97612 0.01631
0.44038 0.20345
0.69397 0.35561
0.70427 0.90321
0.86616 0.91593
0.47992 0.45556
0.68476 0.55284
0.09562 0.15423
0.34145 0.80274
0.48880 0.73453
0.97677 0.50363
0.91780 0.90302
0.87870 0.31691
0.80031 0.02152
0.00425 0.98333
0.86644 0.46743
0.73706 0.65674
0.50065 0.73800
0.68542 0.38499
0.77321 0.23928
0.87971 0.90670
0.45203 0.53742
0.06363 0.47975
0.79214 0.94905
0.55059 0.58653
0.84255 0.00422
0.44729 0.61041
0.30364 0.19583
0.96876 0.51440
0.16270 0.48672
0.96192 0.60367
0.72469 0.36123
0.29724 0.29074
0.67499 0.56019
0.16303 0.57974
0.64101 0.71631
0.75030 0.89216
0.63121 0.62762
0.43216 0.38306
0.18534 0.20278
0.77383 0.86900
0.62470 0.45946
0.29364 0.67769
0.69405 0.01241
0.96715 0.28923
0.18718 0.27871
0.80095 0.08450
0.17967 0.00905
0.42708 0.67568
0.50174 0.25983
0.73598 0.51913
0.46528 0.64609
0.25156 0.58679
0.15932 0.99219
0.35403 0.63233
0.56714 0.97104
0.08734 0.73707
0.54320 0.52765
0.54373 0.44327
0.00317 0.01887
0.65198 0.87899
0.96895 0.78480
0.04412 0.41644
0.90091 0.28419
0.76287 0.37440
0.94483 0.10548
0.19240 0.06445
0.18522 0.03130
0.07173 0.79023
0.29095 0.59888
0.51616 0.51149
0.49642 0.21714
0.36439 0.14230
0.37290 0.85335
0.28265 0.30552
0.15265 0.62760
0.47262 0.45555
0.12276 0.60466
0.85612 0.02364
0.88941 0.16459
0.06092 0.17812
0.66801 0.98957
0.34625 0.30611
0.61728 0.68146
0.45822 0.70037
0.80930 0.16996
0.46382 0.75665
0.34879 0.11061
0.90914 0.93313
0.30899 0.30350
0.92409 0.00554
0.60309 0.15412
0.71478 0.14982
0.00832 0.16670
0.34505 0.89997
0.66444 0.90373
0.24343 0.41987
0.72855 0.97606
0.89762 0.34041
0.44700 0.39675
0.15104 0.44718
0.42576 0.84707
0.65591 0.84150
0.01333 0.50465
0.96686 0.11038
0.17767 0.35143
0.69707 0.99465
0.08231 0.01347
0.58462 0.22898
0.72890 0.63842
0.18123 0.22959
0.92849 0.85235
0.08430 0.43808
0.05679 0.93504
0.50631 0.93814
0.51584 0.57659
0.79711 0.90487
0.15704 0.18145
0.91957 0.14755
0.62811 0.07731
0.61744 0.01418
0.47247 0.40750
0.22805 0.54729
0.31215 0.42809
0.87424 0.64651
0.86825 0.07169
0.77478 0.58426
0.31624 0.86370
0.36327 0.93197
0.37536 0.94565
0.11697 0.11754
0.22724 0.20588
0.98366 0.06187
0.48154 0.40953
0.61146 0.29846
0.80066 0.86235
0.18895 0.83301
0.20025 0.68859
0.15357 0.14517
0.60510 0.77603
0.76241 0.74526
0.79835 0.43554
0.44189 0.38815
0.47498 0.38598
0.61673 0.87850
0.37791 0.71551
0.02730 0.66874
0.88108 0.57406
0.73099 0.76678
0.66529 0.67715
0.84756 0.66775
0.05570 0.14414
0.48137 0.92388
0.33929 0.32022
0.25569 0.04193
0.74405 0.36568
0.63557 0.43406
0.33815 0.47638
0.44063 0.30848
0.15471 0.01814
0.08582 0.17784
0.88772 0.64571
0.29728 0.96189
0.38721 0.27345
0.42316 0.61335
0.98877 0.96659
0.30711 0.84925
0.91558 0.23641
0.93260 0.62896
0.68001 0.06382
0.72696 0.44066
0.42132 0.95019
0.84356 0.36108
0.01083 0.42006
0.62280 0.23286
0.70269 0.80070
0.63990 0.50848
0.17286 0.92610
0.05665 0.01536
0.46830 0.03282
0.30144 0.87720
0.87517 0.55888
0.55001 0.09970
0.57109 0.13313
0.11075 0.28928
0.61564 0.63063
0.53697 0.04830
0.34957 0.46998
0.29249 0.97491
0.25513 0.88138
0.77089 0.46190
0.97362 0.85127
0.92958 0.70836
0.70735 0.17894
0.23988 0.52743
0.91354 0.93611
0.42656 0.77063
0.42017 0.83082
0.24093 0.27224
0.56227 0.10444
0.24176 0.05493
0.23304 0.00437
0.57395 0.44755
0.36356 0.67475
