0.33649 0.20889
0.78715 0.69580
0.13299 0.06958
0.88733 0.42966
0.54819 0.34730
0.95156 0.31707
0.43697 0.55917
0.09031 0.23076
0.09430 0.10375
0.88081 0.33574
0.21957 0.70375
0.39708 0.02479
0.89845 0.99793
0.75001 0.68332
0.57713 0.69326
0.17134 0.69377
0.32790 0.57440
0.79395 0.73519
0.78028 0.69833
0.61765 0.12476
0.22624 0.51631
0.73438 0.22435
0.22698 0.65436
0.51426 0.72276
0.32271 0.55455
0.69694 0.27812
0.97065 0.66705
0.12380 0.95029
0.91426 0.22032
0.30959 0.81215
0.79271 0.88264
0.37698 0.84687
0.00438 0.64519
0.59089 0.80994
0.55673 0.05373
0.09707 0.20654
0.98245 0.17597
0.75121 0.62546
0.61954 0.66424
0.63039 0.77698
0.41387 0.29638
0.27930 0.19793
0.38383 0.55202
0.28468 0.39162
0.89486 0.50625
0.10452 0.16532
0.89352 0.14108
0.05384 0.99333
0.47732 0.01536
0.26633 0.94880
0.52909 0.89118
0.57584 0.39100
0.40820 0.64640
0.48852 0.60016
0.16258 0.24259
0.48809 0.37186
0.62805 0.59296
0.28166 0.88218
0.12617 0.40684
0.46465 0.68791
0.68927 0.94951
0.90943 0.73274
0.77208 0.60907
0.69234 0.41670
0.80198 0.28103
0.74105 0.05765
0.82603 0.90184
0.79783 0.95134
0.88806 0.20991
0.48646 0.02624
0.37700 0.29051
0.01920 0.73235
0.51120 0.00112
0.66584 0.33221
0.25046 0.11568
0.14347 0.49893
0.35207 0.87226
0.45215 0.60682
0.80193 0.60437
0.63958 0.72971
0.28968 0.18750
0.37145 0.75748
0.39872 0.56402
0.50123 0.95592
0.15068 0.68896
0.96134 0.74932
0.79166 0.71923
0.46428 0.24087
0.34003 0.67105
0.48068 0.78101
0.45380 0.18880
0.52798 0.18450
0.89508 0.70858
0.01948 0.88387
0.05901 0.76719
0.13348 0.24715
0.77504 0.63126
0.39756 0.20979
0.29369 0.74451
0.00662 0.34235
0.96615 0.93154
0.14738 0.55295
0.32826 0.00308
0.88567 0.68970
0.13759 0.55958
0.03263 0.21838
0.37376 0.64960
0.84272 0.29927
0.77426 0.21835
0.36990 0.79464
0.70077 0.61715
0.46042 0.72509
0.54972 0.22723
0.22130 0.93763
0.97752 0.15443
0.71889 0.08422
0.86289 0.46491
0.86168 0.76840
0.22250 0.28601
0.71823 0.50912
0.41741 0.26519
0.97991 0.44199
0.80946 0.96436
0.09651 0.95919
0.16470 0.14505
0.35509 0.70141
0.75172 0.84847
0.41568 0.60431
0.41319 0.97843
0.32410 0.34354
0.73964 0.07730
0.61291 0.48024
0.73094 0.17971
0.82242 0.85502
0.69415 0.57085
0.54632 0.40315
0.71289 0.55285
0.73790 0.59874
0.91614 0.40908
0.00410 0.51273
0.46702 0.10579
0.75914 0.04883
0.07353 0.55297
0.08498 0.43386
0.75553 0.28261
0.15660 0.50050
0.01339 0.46654
0.49990 0.62675
0.59663 0.52041
0.93821 0.93836
0.94253 0.99631
0.32116 0.65507
0.35510 0.85847
0.67065 0.80039
0.47050 0.66181
0.91133 0.97658
0.91131 0.53237
0.43508 0.62874
0.29208 0.59714
0.26617 0.64413
0.97923 0.24699
0.59848 0.45173
0.77218 0.88162
0.81515 0.93407
0.92203 0.76663
0.01873 0.76273
0.12016 0.30996
0.09957 0.15372
0.10226 0.49267
0.49522 0.09355
0.49486 0.24632
0.80515 0.41475
0.68719 0.95775
0.95699 0.99147
0.76744 0.83396
0.99053 0.29373
0.07061 0.69331
0.06039 0.48203
0.78250 0.15622
0.95843 0.99123
0.90062 0.95202
0.97657 0.93749
0.14036 0.12866
0.46780 0.41751
0.57058 0.37718
0.74421 0.75728
0.52651 0.17266
0.87319 0.97737
0.94803 0.89615
0.54243 0.94513
0.62729 0.54905
0.68522 0.32317
0.70368 0.29910
0.65071 0.60882
0.73126 0.77403
0.18478 0.62705
0.17411 0.83721
0.08833 0.98943
0.51263 0.92992
0.69355 0.51016
0.97719 0.79435
0.07308 0.83803
0.51031 0.86390
0.65805 0.96933
0.18994 0.06106
0.42775 0.60793
0.77891 0.98096
0.29773 0.77879
0.83649 0.62243
0.63545 0.64303
0.11440 0.74481
0.37867 0.67970
0.57881 0.35370
0.32093 0.88603
0.48031 0.70423
0.06072 0.98144
0.85594 0.98342
0.28850 0.86786
0.35757 0.00235
0.22059 0.77703
0.48883 0.77419
0.72417 0.65082
0.76371 0.70861
0.47900 0.79317
0.68012 0.94774
0.98165 0.07449
0.75179 0.44840
0.24247 0.84117
0.10976 0.90174
0.54752 0.01445
0.10849 0.94359
0.47303 0.57660
0.75714 0.81305
0.07623 0.34573
0.30508 0.96580
0.23995 0.86130
0.85224 0.09128
0.54717 0.47643
0.07937 0.05846
0.62364 0.00368
0.59458 0.35604
0.10467 0.85163
0.21767 0.21999
0.62453 0.20555
0.28457 0.38035
0.05610 0.02013
0.94113 0.78680
0.29720 0.12684
0.03859 0.12346
0.38616 0.24100
0.21208 0.00869
0.47156 0.04749
0.30261 0.74564
0.05979 0.61101
0.70968 0.58540
0.99698 0.07818
