0.91937 0.33012
0.08507 0.06369
0.53301 0.01797
0.65576 0.86598
0.54796 0.77793
0.45931 0.48220
0.89328 0.91043
0.38830 0.17066
0.77967 0.76039
0.75235 0.68800
0.27688 0.86752
0.16138 0.10956
0.32583 0.36050
0.58186 0.73807
0.24889 0.67030
0.16387 0.09090
0.56714 0.99956
0.98279 0.64419
0.36524 0.75982
0.18622 0.74265
0.96516 0.71934
0.13954 0.87384
0.82994 0.74419
0.70867 0.42590
0.98520 0.88646
0.45395 0.11743
0.84515 0.38586
0.92378 0.56837
0.29093 0.66286
0.27467 0.04536
0.57134 0.03472
0.29088 0.03461
0.11473 0.93224
0.94477 0.39118
0.27488 0.74544
0.77560 0.30957
0.99591 0.16182
0.68574 0.85284
0.45535 0.60017
0.09624 0.25657
0.91398 0.29230
0.27304 0.33500
0.72409 0.97308
0.54186 0.36004
0.69219 0.29037
0.13172 0.32851
0.05104 0.27923
0.62605 0.42502
0.57170 0.91943
0.37270 0.60543
0.09149 0.30229
0.43970 0.79414
0.35075 0.17194
0.43887 0.04243
0.07696 0.43193
0.17129 0.54926
0.46661 0.74897
0.24959 0.88641
0.59140 0.91978
0.66010 0.39424
0.56551 0.30379
0.14675 0.23812
0.68152 0.14563
0.11683 0.45296
0.15233 0.19224
0.90768 0.17064
0.55343 0.94594
0.43999 0.72483
0.29715 0.80225
0.63114 0.64986
0.71588 0.57206
0.02754 0.98083
0.57333 0.78506
0.16251 0.00338
0.04287 0.24600
0.24072 0.48274
0.35878 0.86333
0.20601 0.83981
0.33038 0.86815
0.41308 0.71962
0.87451 0.36660
0.48689 0.74533
0.32146 0.53111
0.44410 0.29794
0.95927 0.75196
0.51818 0.55531
0.99703 0.73314
0.70158 0.90315
0.90224 0.94273
0.78212 0.74812
0.06703 0.78166
0.89667 0.84840
0.10571 0.55217
0.42570 0.17809
0.54360 0.27466
0.13811 0.10958
0.83444 0.38756
0.34571 0.84391
0.85189 0.29271
0.89544 0.46084
0.64806 0.98094
0.73583 0.99527
0.71467 0.24621
0.53491 0.73605
0.02076 0.84205
0.61023 0.64438
0.06823 0.67894
0.08934 0.15477
0.95591 0.36296
0.92300 0.34841
0.63748 0.32424
0.77795 0.39232
0.22580 0.04735
0.27750 0.18854
0.88698 0.28476
0.97209 0.86409
0.18659 0.34390
0.51450 0.61177
0.25145 0.30436
0.53334 0.50082
0.28160 0.61527
0.80498 0.59442
0.15095 0.51909
0.95677 0.99829
0.94460 0.49556
0.14775 0.81907
0.17810 0.09243
0.12591 0.27828
0.75670 0.40707
0.22592 0.71986
0.69289 0.16709
0.80569 0.33573
0.41323 0.25503
0.18307 0.37521
0.40053 0.40352
0.03757 0.71125
0.15170 0.00383
0.48688 0.29779
0.67798 0.20932
0.44811 0.82054
0.44720 0.24740
0.86776 0.72716
0.40577 0.56173
0.78606 0.86895
0.10381 0.70743
0.31773 0.66241
0.73669 0.62809
0.82475 0.92194
0.96927 0.62350
0.36379 0.63691
0.47509 0.20356
0.53903 0.85446
0.74072 0.67839
0.97777 0.61426
0.52326 0.37299
0.51546 0.62045
0.01072 0.10408
0.09216 0.00361
0.53853 0.89520
0.87079 0.91988
0.41669 0.22889
0.76161 0.90948
0.08871 0.17562
0.75515 0.74736
0.12541 0.52193
0.41218 0.74845
0.03528 0.82083
0.88541 0.37480
0.70751 0.75523
0.67182 0.08535
0.12698 0.51872
0.81932 0.83044
0.85938 0.60247
0.93090 0.77631
0.73338 0.59035
0.94960 0.27678
0.76571 0.40560
0.83880 0.42523
0.87774 0.45324
0.04258 0.64612
0.56646 0.65048
0.08897 0.04122
0.77622 0.82305
0.85667 0.02788
0.47639 0.74052
0.61316 0.62901
0.38412 0.88074
0.96274 0.97204
0.92431 0.65512
0.26070 0.88020
0.24092 0.89337
0.37112 0.79739
0.35763 0.91595
0.86536 0.88188
0.76120 0.58797
0.86028 0.39336
0.07436 0.96373
0.42949 0.77560
0.78364 0.14383
0.75779 0.48838
0.46904 0.65676
0.33632 0.75813
0.53442 0.93073
0.89727 0.51447
0.86792 0.16897
0.43924 0.91645
0.05876 0.30487
0.10308 0.70561
0.55630 0.16512
0.07227 0.95080
0.91911 0.15357
0.14812 0.41549
0.04778 0.11185
0.84902 0.07729
0.68505 0.79026
0.45913 0.80402
0.55153 0.07023
0.23944 0.28710
0.53274 0.97505
0.53853 0.83245
0.05399 0.06846
0.05985 0.66786
0.60087 0.63186
0.73741 0.50556
0.41939 0.98898
0.15289 0.17111
0.07067 0.20522
0.29977 0.38215
0.80949 0.09796
0.87987 0.05864
0.94190 0.16050
0.31802 0.15955
0.41246 0.20947
0.25099 0.37424
0.55705 0.43518
0.27797 0.98110
0.60756 0.22286
0.31495 0.55027
0.34876 0.49093
0.57316 0.14813
0.15181 0.46912
0.71092 0.48366
0.93950 0.67541
0.02026 0.05600
0.24733 0.11959
0.60099 0.45705
0.60710 0.37023
0.27939 0.88064
0.52445 0.73283
0.51425 0.60153
0.58799 0.91957
0.50527 0.60182
0.49092 0.90863
0.28416 0.92765
0.54422 0.49292
0.61805 0.19800
