0.02538 0.11189
0.49316 0.72585
0.50663 0.81345
0.66641 0.34313
0.52517 0.02376
0.44869 0.54961
0.18519 0.13623
0.99100 0.36355
0.87886 0.56592
0.22902 0.29258
0.84916 0.26111
0.11262 0.09064
0.14730 0.11027
0.94003 0.81811
0.18206 0.82128
0.00255 0.15527
0.63059 0.20497
0.17113 0.80741
0.91556 0.83678
0.99412 0.71281
0.96420 0.80271
0.65701 0.15048
0.44447 0.99284
0.05624 0.69603
0.75474 0.77807
0.47660 0.84277
0.15338 0.78357
0.18373 0.62890
0.09223 0.32779
0.95883 0.03066
0.54430 0.81727
0.26078 0.87715
0.74839 0.38435
0.62662 0.11489
0.79172 0.66957
0.79992 0.34738
0.99505 0.03535
0.39577 0.10089
0.20862 0.38373
0.26903 0.55045
0.40461 0.70591
0.51713 0.27760
0.05178 0.46239
0.32385 0.61191
0.40611 0.15023
0.09456 0.48511
0.68007 0.66667
0.06637 0.95211
0.44589 0.95270
0.12751 0.77989
0.97060 0.64876
0.37263 0.55639
0.86588 0.39220
0.69663 0.99545
0.05714 0.48675
0.88363 0.80515
0.28830 0.79176
0.05409 0.05921
0.35478 0.68630
0.87696 0.01698
0.15950 0.52476
0.57724 0.09149
0.58249 0.98476
0.14941 0.93313
0.63896 0.99060
0.43621 0.74302
0.71678 0.42190
0.08249 0.04870
0.31956 0.81180
0.51336 0.85460
0.53824 0.42845
0.63273 0.39107
0.75623 0.79577
0.13310 0.25490
0.57491 0.04394
0.52996 0.34540
0.06487 0.45556
0.11863 0.45675
0.99706 0.04529
0.07692 0.20833
0.23146 0.65256
0.74791 0.06315
0.19764 0.59808
0.00019 0.50548
0.54768 0.39901
0.02623 0.62109
0.67556 0.23676
0.07205 0.49311
0.77905 0.80531
0.14478 0.57430
0.67970 0.25167
0.41626 0.26070
0.71285 0.65412
0.15549 0.97820
0.13344 0.39892
0.63507 0.92948
0.79767 0.86536
0.19116 0.00191
0.31249 0.19605
0.38500 0.43281
0.14655 0.70876
0.90334 0.45867
0.66266 0.34002
0.46247 0.53809
0.76552 0.61112
0.26812 0.34036
0.29911 0.99736
0.43166 0.56412
0.23254 0.94336
0.75893 0.20895
0.00619 0.58319
0.67232 0.70448
0.64628 0.87931
0.11240 0.00080
0.30889 0.86572
0.13064 0.85866
0.81035 0.10313
0.48474 0.21261
0.37305 0.70772
0.38372 0.27987
0.08631 0.09053
0.90341 0.50510
0.54970 0.44965
0.74411 0.38941
0.44659 0.45577
0.10691 0.23316
0.92222 0.11251
0.39471 0.07838
0.77336 0.45926
0.31479 0.03209
0.18749 0.52589
0.14217 0.37639
0.01200 0.25747
0.47894 0.61011
0.38670 0.73472
0.57832 0.67908
0.58681 0.31107
0.18277 0.27657
0.10198 0.07515
0.47455 0.32779
0.77171 0.36080
0.93494 0.49321
0.40985 0.71654
0.47120 0.57982
0.86480 0.23132
0.21235 0.89086
0.42047 0.76384
0.70789 0.10017
0.39220 0.12192
0.25791 0.26089
0.80333 0.69980
0.53464 0.39652
0.64215 0.34215
0.93209 0.88188
0.09342 0.34070
0.74232 0.54562
0.50765 0.07296
0.86022 0.02644
0.36255 0.73252
0.72742 0.14410
0.89850 0.57516
0.07154 0.03441
0.22470 0.70348
0.19667 0.13775
0.45148 0.92880
0.22547 0.70042
0.27815 0.54661
0.64156 0.92317
0.15777 0.10554
0.47774 0.73348
0.97162 0.06959
0.37043 0.37050
0.79489 0.20871
0.96246 0.10993
0.80719 0.14147
0.30435 0.73916
0.25704 0.38132
0.22769 0.83097
0.27068 0.85404
0.08151 0.14749
0.04533 0.66935
0.06401 0.93685
0.23404 0.24731
0.20426 0.27216
0.75891 0.19270
0.35385 0.59307
0.29163 0.52042
0.42416 0.24976
0.51495 0.89188
0.74813 0.38666
0.24431 0.47902
0.16708 0.31434
0.03940 0.54617
0.10636 0.87394
0.98071 0.45052
0.96764 0.00588
0.47561 0.52263
0.99135 0.72879
0.49937 0.36262
0.87951 0.18785
0.57697 0.44676
0.37008 0.31985
0.70429 0.68351
0.72972 0.34503
0.59167 0.62475
0.14147 0.96067
0.44242 0.96668
0.34026 0.09679
0.37038 0.10730
0.28697 0.59142
0.45316 0.50089
0.00758 0.45852
0.81681 0.80533
0.88351 0.43384
0.12794 0.58850
0.31275 0.60144
0.70745 0.03858
0.95218 0.37629
0.90608 0.57671
0.15230 0.50594
0.93412 0.24413
0.12592 0.96993
0.78118 0.37124
0.26925 0.77832
0.84949 0.92221
0.47262 0.20394
0.10869 0.94661
0.46395 0.55356
0.41936 0.78646
0.63797 0.12301
0.54985 0.19513
0.43068 0.01988
0.65596 0.04968
0.19043 0.95277
0.81082 0.51966
0.42793 0.48468
0.77093 0.73276
0.73365 0.04886
0.65081 0.32788
0.12217 0.85869
0.14140 0.13169
0.17821 0.11466
0.65381 0.94291
0.11574 0.18049
0.04741 0.73657
0.71517 0.37496
0.36027 0.84634
0.55805 0.69076
0.81434 0.67649
0.56390 0.80344
0.36056 0.04450
0.05782 0.97988
0.82124 0.32958
0.59124 0.94811
0.02120 0.89745
0.34385 0.18770
