0.04255 0.13618
0.98443 0.94657
0.13175 0.80958
0.87097 0.73674
0.54143 0.88204
0.39499 0.10384
0.94077 0.00436
0.17902 0.26731
0.67761 0.55971
0.39081 0.83470
0.95143 0.99414
0.66407 0.41276
0.67429 0.11934
0.29812 0.25519
0.86566 0.36625
0.81965 0.75923
0.74339 0.98881
0.12455 0.86281
0.44962 0.39834
0.73676 0.92605
0.99816 0.07350
0.08657 0.46959
0.82366 0.37480
0.95160 0.55196
0.37053 0.15804
0.95275 0.42115
0.90259 0.94421
0.26875 0.60722
0.81421 0.27964
0.25837 0.73848
0.26232 0.10014
0.96729 0.85127
0.95637 0.60701
0.62956 0.21313
0.74102 0.59130
0.70553 0.42082
0.15283 0.25174
0.83401 0.76282
0.08451 0.43646
0.70113 0.00652
0.59874 0.03005
0.22281 0.00740
0.28778 0.79554
0.79717 0.80944
0.61848 0.04935
0.96480 0.06186
0.12153 0.22527
0.16640 0.14159
0.08098 0.78489
0.75693 0.88251
0.53264 0.56147
0.13747 0.72452
0.68259 0.88434
0.15172 0.95140
0.67194 0.75790
0.21171 0.86617
0.14421 0.78446
0.75445 0.95762
0.65969 0.32744
0.55091 0.81516
0.81927 0.96469
0.85152 0.91447
0.97657 0.03261
0.66904 0.98670
0.52408 0.12641
0.93782 0.98194
0.73741 0.02866
0.10706 0.34111
0.01822 0.85559
0.95158 0.10659
0.94301 0.62062
0.48414 0.56768
0.72144 0.97758
0.76483 0.59794
0.58786 0.80603
0.29865 0.53687
0.34544 0.18193
0.03139 0.25606
0.92091 0.51553
0.18558 0.47284
0.21774 0.89139
0.68167 0.99487
0.47364 0.41016
0.58878 0.61149
0.52980 0.79553
0.73874 0.82554
0.47240 0.94073
0.44093 0.54176
0.09812 0.45118
0.12798 0.99057
0.82302 0.90255
0.69105 0.41916
0.66889 0.22528
0.03827 0.27965
0.74793 0.49390
0.83202 0.27994
0.67926 0.91228
0.56048 0.48030
0.16676 0.24721
0.59261 0.72521
0.46251 0.30542
0.15138 0.83395
0.19424 0.87048
0.82161 0.03639
0.25377 0.86907
0.90026 0.80987
0.34565 0.91849
0.28778 0.96172
0.70214 0.48961
0.91393 0.91994
0.07469 0.91172
0.91395 0.82494
0.85583 0.13047
0.56694 0.68015
0.19327 0.29366
0.22201 0.40542
0.21518 0.56968
0.50913 0.67927
0.74541 0.99244
0.11589 0.75801
0.54124 0.81794
0.75072 0.76871
0.68767 0.03287
0.78745 0.22739
0.79250 0.79312
0.10496 0.27642
0.26647 0.07939
0.96560 0.88205
0.86007 0.34290
0.69836 0.53789
0.29026 0.39142
0.33407 0.39260
0.42522 0.91421
0.01661 0.21018
0.98532 0.88180
0.27666 0.77769
0.87976 0.80977
0.95227 0.77614
0.60944 0.70048
0.26899 0.28937
0.08841 0.08564
0.13161 0.33255
0.62093 0.47661
0.12934 0.17394
0.84707 0.85737
0.79549 0.97649
0.77549 0.44105
0.84134 0.50034
0.42359 0.29236
0.71950 0.60300
0.81200 0.76821
0.82953 0.51549
0.46257 0.05038
0.49955 0.10527
0.58761 0.04843
0.41142 0.16875
0.49908 0.00634
0.15664 0.45779
0.84101 0.88974
0.64665 0.95281
0.25050 0.18475
0.83514 0.74078
0.75624 0.89288
0.47892 0.72675
0.91455 0.66863
0.56220 0.85332
0.28909 0.98870
0.49883 0.63356
0.91308 0.98421
0.93581 0.38620
0.78411 0.57036
0.18642 0.97973
0.50022 0.47555
0.38087 0.84356
0.08728 0.52258
0.67946 0.60285
0.98787 0.30711
0.74490 0.87817
0.43663 0.89996
0.07817 0.58175
0.77736 0.05249
0.09913 0.67083
0.81284 0.82699
0.80327 0.94287
0.93778 0.73063
0.39405 0.94423
0.55739 0.89390
0.85747 0.96564
0.31571 0.79383
0.42984 0.38382
0.76276 0.30194
0.08863 0.35107
0.19444 0.21371
0.44843 0.48549
0.20489 0.14950
0.24347 0.57723
0.85160 0.18785
0.39330 0.36066
0.77900 0.73326
0.15195 0.11071
0.59066 0.51746
0.97046 0.85516
0.06654 0.20767
0.68577 0.25812
0.39935 0.47947
0.87672 0.77498
0.23400 0.69936
0.79443 0.67870
0.83019 0.49836
0.30686 0.73837
0.38273 0.05629
0.63046 0.24760
0.99242 0.08802
0.13619 0.94206
0.29704 0.41671
0.88747 0.33805
0.71999 0.28904
0.87417 0.52628
0.53945 0.48996
0.18494 0.48677
0.08033 0.67137
0.32068 0.76975
0.93412 0.04060
0.50641 0.34416
0.21888 0.50627
0.79737 0.64536
0.51217 0.62018
0.57351 0.44901
0.75365 0.66969
0.30773 0.96108
0.74779 0.66484
0.16491 0.83517
0.86852 0.84103
0.28827 0.98854
0.57950 0.38669
0.62889 0.98620
0.78955 0.39058
0.00006 0.90137
0.58692 0.35507
0.44646 0.28413
0.89943 0.63265
0.43717 0.67340
0.95673 0.97597
0.46533 0.98259
0.75267 0.16218
0.54683 0.84758
0.74490 0.64091
0.55385 0.18133
0.78718 0.55891
0.74876 0.76027
0.06714 0.70780
0.01584 0.75118
0.54940 0.54396
0.30432 0.71922
0.62597 0.29079
0.89207 0.75689
