0.04380 0.80663
0.79120 0.90310
0.84016 0.71097
0.16126 0.74317
0.34080 0.32602
0.70608 0.00390
0.03827 0.02991
0.40426 0.12165
0.28481 0.16960
0.40750 0.66625
0.01724 0.53662
0.36432 0.42960
0.08846 0.93804
0.68584 0.72546
0.48439 0.11629
0.44963 0.73212
0.04524 0.80145
0.23769 0.39569
0.94354 0.12535
0.09236 0.12836
0.08585 0.95176
0.54859 0.76693
0.18976 0.19145
0.90052 0.59206
0.20356 0.25737
0.70951 0.68769
0.61606 0.88599
0.52628 0.38572
0.51481 0.43527
0.85679 0.95654
0.46948 0.08816
0.60058 0.69210
0.97406 0.68445
0.38783 0.85728
0.28521 0.88405
0.63789 0.50093
0.81250 0.98078
0.65958 0.01070
0.57939 0.21761
0.51083 0.00155
0.68170 0.27066
0.24611 0.36683
0.62144 0.13804
0.84501 0.38434
0.26249 0.07464
0.41709 0.97656
0.49311 0.88111
0.50054 0.84851
0.88587 0.30801
0.04680 0.20964
0.52271 0.29326
0.59113 0.93406
0.80070 0.03177
0.45164 0.91921
0.35095 0.00564
0.86316 0.96013
0.69463 0.72137
0.43337 0.71487
0.65395 0.65901
0.05691 0.70142
0.00717 0.96228
0.82653 0.69392
0.12030 0.27725
0.93939 0.34662
0.09424 0.40971
0.57144 0.05716
0.62416 0.87416
0.34120 0.03188
0.99666 0.77283
0.93323 0.13620
0.51217 0.37844
0.94910 0.56394
0.71248 0.89293
0.08995 0.49921
0.80257 0.20360
0.63945 0.55593
0.78528 0.41965
0.90973 0.79402
0.12538 0.68084
0.44270 0.04356
0.55418 0.05407
0.39426 0.22670
0.96745 0.26727
0.27937 0.45591
0.84293 0.75109
0.36227 0.55216
0.88680 0.99761
0.33447 0.57012
0.93291 0.92840
0.14161 0.74049
0.72217 0.99249
0.62734 0.74171
0.83271 0.84639
0.28926 0.82976
0.22829 0.44852
0.94650 0.38016
0.26721 0.43682
0.93917 0.86432
0.42043 0.40641
0.52377 0.57166
0.67610 0.37919
0.36645 0.51179
0.09769 0.85439
0.09764 0.10070
0.66442 0.88690
0.89683 0.85937
0.99249 0.76938
0.91514 0.33033
0.31658 0.43166
0.86075 0.29392
0.84448 0.95792
0.83359 0.86109
0.37826 0.72956
0.03934 0.14653
0.10550 0.16001
0.22890 0.29407
0.48748 0.55685
0.38214 0.09523
0.90499 0.93367
0.82013 0.97849
0.10750 0.22005
0.90642 0.60395
0.13868 0.78158
0.02989 0.63427
0.99363 0.41623
0.63849 0.20690
0.84091 0.96607
0.38587 0.25614
0.97560 0.18173
0.08056 0.99759
0.33523 0.98653
0.74064 0.73231
0.71370 0.80017
0.78194 0.83526
0.64708 0.43961
0.78537 0.14501
0.70490 0.95963
0.76544 0.90258
0.53144 0.52933
0.08301 0.02443
0.72705 0.31500
0.58758 0.67379
0.44408 0.09164
0.53148 0.68027
0.10143 0.50950
0.89581 0.64818
0.31785 0.83924
0.54022 0.24480
0.75547 0.28859
0.53368 0.80151
0.59874 0.34405
0.00474 0.62440
0.20045 0.36271
0.95452 0.05212
0.17345 0.22662
0.50084 0.03553
0.29372 0.49467
0.61723 0.04711
0.31137 0.89891
0.73268 0.23701
0.42617 0.24525
0.15181 0.71335
0.80529 0.71784
0.35428 0.59283
0.63093 0.27289
0.24972 0.48529
0.39928 0.25661
0.08549 0.48907
0.04141 0.69625
0.51115 0.45118
0.39174 0.70511
0.68218 0.23082
0.86044 0.08822
0.19166 0.55003
0.30370 0.19056
0.39132 0.72672
0.96706 0.37129
0.17797 0.50200
0.82586 0.22633
0.18303 0.04296
0.98384 0.16972
0.24754 0.09812
0.40394 0.26824
0.49562 0.86676
0.18349 0.29199
0.46719 0.55573
0.49692 0.63320
0.55365 0.58553
0.35949 0.90648
0.79626 0.88081
0.00030 0.57186
0.26248 0.72100
0.76209 0.18485
0.51870 0.03298
0.40596 0.33244
0.35890 0.48922
0.01229 0.59107
0.56946 0.23764
0.18205 0.36884
0.40249 0.74402
0.47627 0.85561
0.39615 0.81945
0.78392 0.67773
0.30344 0.97959
0.81251 0.20080
0.02995 0.23139
0.07930 0.87534
0.99844 0.78668
0.31236 0.33588
0.49639 0.80677
0.01716 0.64333
0.09403 0.37972
0.88086 0.83200
0.32497 0.90373
0.27043 0.14534
0.80232 0.69352
0.60206 0.03324
0.54606 0.97468
0.94265 0.85416
0.51783 0.94503
0.06530 0.46304
0.25709 0.94526
0.39393 0.34919
0.35260 0.54776
0.56741 0.23050
0.97083 0.40142
0.68070 0.26401
0.19429 0.29327
0.04891 0.27837
0.75603 0.35505
0.41179 0.42980
0.78964 0.05032
0.10038 0.43922
0.78250 0.94581
0.54504 0.58451
0.79206 0.93935
0.34942 0.92978
0.64913 0.93329
0.56463 0.40641
0.75638 0.79323
0.11401 0.86306
0.24674 0.99059
0.95301 0.73388
0.19069 0.17476
0.71552 0.75864
0.03190 0.97788
0.98724 0.97767
0.11648 0.84744
0.75683 0.54358
0.39596 0.15125
0.86502 0.58530
0.23120 0.65146
0.38959 0.22990
0.09239 0.21778
0.84854 0.43444
0.37158 0.67351
