0.36430 0.04493
0.87381 0.56728
0.16403 0.53722
0.43092 0.17141
0.39656 0.23042
0.50622 0.67555
0.47827 0.37545
0.63297 0.33972
0.01652 0.34892
0.97436 0.07647
0.01005 0.32276
0.59300 0.50881
0.55842 0.53979
0.98857 0.16481
0.52130 0.48316
0.07494 0.48490
0.98735 0.73029
0.88984 0.55364
0.14041 0.30466
0.88761 0.15841
0.16009 0.12581
0.16029 0.30606
0.85460 0.44558
0.98560 0.45553
0.88506 0.97717
0.18615 0.32004
0.75860 0.49924
0.76566 0.54181
0.13828 0.00814
0.30511 0.36973
0.75954 0.51343
0.60713 0.15884
0.57268 0.88781
0.75643 0.42764
0.90703 0.02762
0.43885 0.10097
0.64407 0.85628
0.59922 0.35947
0.24887 0.96084
0.14995 0.36577
0.90594 0.64484
0.21475 0.96498
0.38500 0.04836
0.36054 0.86990
0.73219 0.90358
0.51652 0.32669
0.92082 0.50240
0.41483 0.44789
0.61804 0.11788
0.57782 0.85443
0.73555 0.32409
0.73638 0.50908
0.45828 0.03436
0.82793 0.41682
0.02374 0.76700
0.33753 0.04570
0.94842 0.38834
0.17317 0.23847
0.62965 0.02776
0.86402 0.14705
0.50543 0.05906
0.78485 0.36738
0.02353 0.02354
0.28785 0.36486
0.29848 0.84981
0.03281 0.88522
0.42262 0.45765
0.78201 0.99177
0.89172 0.40110
0.77345 0.94245
0.28765 0.13061
0.52078 0.98979
0.87814 0.73476
0.83677 0.25052
0.98228 0.81796
0.48590 0.37180
0.00455 0.64831
0.91527 0.85978
0.00762 0.56743
0.66860 0.04053
0.37819 0.61968
0.68018 0.20778
0.35514 0.78233
0.05299 0.40801
0.28918 0.13014
0.31291 0.21994
0.19180 0.93434
0.17881 0.59267
0.49945 0.68459
0.66494 0.67674
0.99479 0.27224
0.28530 0.14907
0.10073 0.55472
0.39119 0.17896
0.00425 0.05982
0.37108 0.27911
0.87432 0.11546
0.99407 0.06091
0.67026 0.69593
0.88058 0.15835
0.92114 0.42474
0.69695 0.83080
0.43069 0.71669
0.94633 0.50027
0.84929 0.48226
0.30687 0.89237
0.52482 0.41619
0.21245 0.99984
0.41818 0.16765
0.19686 0.99343
0.73436 0.45407
0.61859 0.52366
0.35149 0.79913
0.05048 0.70800
0.42119 0.00427
0.48869 0.28608
0.04800 0.26489
0.24373 0.81611
0.19923 0.50426
0.07597 0.37397
0.74265 0.40328
0.50401 0.89362
0.69842 0.90707
0.22405 0.18058
0.47712 0.38913
0.57441 0.81681
0.34817 0.23323
0.56288 0.48871
0.54923 0.30868
0.37849 0.70642
0.83725 0.47514
0.19223 0.72356
0.98399 0.91841
0.60521 0.28762
0.38813 0.38627
0.42711 0.43833
0.42875 0.29335
0.46722 0.11440
0.65295 0.15876
0.93183 0.83805
0.47899 0.01397
0.40883 0.21061
0.80599 0.67621
0.61845 0.78917
0.06195 0.85103
0.05788 0.34866
0.46020 0.80322
0.29509 0.26109
0.34718 0.19721
0.77296 0.95428
0.99050 0.23481
0.00127 0.26821
0.02966 0.83278
0.56859 0.82123
0.98245 0.82553
0.10122 0.56538
0.47546 0.19793
0.56907 0.83951
0.49559 0.94468
0.40159 0.27832
0.06927 0.63564
0.27250 0.76442
0.84473 0.66721
0.02023 0.88191
0.24089 0.46043
0.21520 0.04523
0.00899 0.68855
0.12619 0.01354
0.46125 0.31063
0.39282 0.76597
0.14713 0.52059
0.10267 0.69219
0.81604 0.70247
0.72252 0.61214
0.32488 0.67598
0.07096 0.96886
0.29921 0.78126
0.32745 0.74994
0.37417 0.12933
0.49830 0.97694
0.12496 0.90691
0.43671 0.75807
0.96906 0.18466
0.36416 0.04894
0.66911 0.77521
0.15083 0.82517
0.87935 0.67611
0.12023 0.44211
0.34333 0.42516
0.72301 0.68867
0.00769 0.76889
0.18752 0.94904
0.33412 0.72744
0.02797 0.38380
0.23134 0.59708
0.04940 0.08700
0.53547 0.46241
0.33752 0.59836
0.64373 0.45581
0.49241 0.88549
0.49308 0.32054
0.43002 0.17058
0.07102 0.39989
0.97339 0.16306
0.29338 0.00011
0.69508 0.13357
0.10817 0.89284
0.64689 0.71482
0.92270 0.81019
0.23671 0.82036
0.44065 0.38322
0.58783 0.30722
0.31305 0.68457
0.12252 0.24140
0.72834 0.17655
0.74309 0.73246
0.57943 0.92712
0.87569 0.64301
0.64989 0.57412
0.31920 0.86322
0.42679 0.11876
0.38377 0.88757
0.55904 0.92416
0.56867 0.74804
0.01959 0.80773
0.65582 0.61839
0.89275 0.54339
0.94990 0.11826
0.73548 0.37638
0.05389 0.12010
0.49246 0.24802
0.50840 0.77285
0.23763 0.10682
0.53044 0.91651
0.40485 0.30318
0.67227 0.12120
0.44351 0.44146
0.54943 0.89303
0.11290 0.49410
0.16903 0.29470
0.43546 0.90369
0.47763 0.98832
0.26895 0.17022
0.82884 0.06416
0.30446 0.52463
0.41387 0.60707
0.11400 0.88347
0.89491 0.07724
0.34172 0.34306
0.10939 0.10025
0.96351 0.52437
0.23627 0.22569
0.26011 0.58537
0.00797 0.39294
0.58255 0.23702
0.08944 0.47767
