0.16336 0.22150
0.96461 0.67035
0.87278 0.33892
0.96701 0.54891
0.81022 0.91784
0.33081 0.50466
0.70779 0.07234
0.23024 0.99858
0.87249 0.65547
0.17830 0.57597
0.19750 0.49769
0.22893 0.38827
0.49429 0.60401
0.78477 0.78594
0.29544 0.97718
0.34960 0.13134
0.18138 0.56284
0.56574 0.02167
0.12505 0.28584
0.57306 0.10354
0.96701 0.07241
0.09271 0.95236
0.54905 0.74516
0.57327 0.70381
0.41886 0.88814
0.09986 0.00777
0.78552 0.67036
0.01581 0.94065
0.49280 0.70972
0.28091 0.37147
0.09015 0.95345
0.63941 0.20057
0.46975 0.74521
0.02735 0.73193
0.01905 0.81092
0.49527 0.62525
0.99360 0.08204
0.80213 0.85932
0.27022 0.68853
0.24746 0.36184
0.67504 0.25450
0.35500 0.83126
0.24754 0.83474
0.25192 0.00557
0.98431 0.73585
0.45953 0.10915
0.53580 0.84315
0.49693 0.84367
0.24149 0.26256
0.42032 0.03477
0.50101 0.19207
0.66382 0.59715
0.55328 0.47858
0.64036 0.51156
0.53150 0.73732
0.55983 0.14893
0.99800 0.15104
0.29508 0.83870
0.61092 0.09621
0.72992 0.03430
0.43580 0.25261
0.14315 0.39357
0.90332 0.41763
0.61509 0.61883
0.72000 0.06317
0.51536 0.04171
0.59041 0.25962
0.43708 0.55154
0.95958 0.74334
0.19203 0.33712
0.76242 0.05494
0.37267 0.89263
0.16552 0.65894
0.09596 0.47178
0.67554 0.21219
0.93518 0.26251
0.12456 0.10719
0.21899 0.51370
0.82375 0.43432
0.48645 0.89177
0.33540 0.15806
0.49287 0.26555
0.48044 0.08990
0.27463 0.43183
0.01639 0.66864
0.41656 0.87304
0.24333 0.00360
0.19914 0.92044
0.14486 0.78468
0.61502 0.20240
0.31088 0.20480
0.10765 0.97748
0.95008 0.09128
0.95104 0.84484
0.72942 0.39773
0.19076 0.90559
0.73085 0.65150
0.26440 0.21129
0.29695 0.23884
0.90906 0.17215
0.84834 0.18598
0.62558 0.05606
0.95367 0.13375
0.98338 0.03435
0.73516 0.86597
0.32551 0.51981
0.03851 0.16966
0.63202 0.73881
0.93656 0.05821
0.00601 0.78828
0.25218 0.18602
0.33017 0.67013
0.26083 0.11639
0.43466 0.43338
0.26593 0.97500
0.50393 0.24505
0.05128 0.04129
0.51829 0.60343
0.61653 0.53906
0.08999 0.35931
0.33272 0.47688
0.41157 0.22860
0.41394 0.14704
0.65030 0.43108
0.45028 0.80133
0.81644 0.21557
0.73091 0.28773
0.08949 0.18769
0.21115 0.66611
0.06591 0.84997
0.48690 0.89054
0.95262 0.72000
0.63470 0.07784
0.38502 0.36770
0.10766 0.91793
0.40881 0.39389
0.76237 0.83514
0.43767 0.94890
0.43640 0.93231
0.49342 0.33484
0.65030 0.29371
0.17268 0.31432
0.75709 0.37038
0.60394 0.19870
0.50653 0.52547
0.51153 0.78932
0.96135 0.11666
0.84878 0.48606
0.32616 0.99596
0.38012 0.58572
0.56749 0.77004
0.32077 0.57765
0.16602 0.83045
0.85983 0.88481
0.22571 0.94425
0.63919 0.94606
0.32044 0.35339
0.46461 0.62003
0.05539 0.56641
0.16465 0.38903
0.24152 0.12168
0.68318 0.62143
0.94429 0.45085
0.30283 0.63567
0.14611 0.10882
0.21220 0.52066
0.67012 0.38170
0.76262 0.38981
0.08039 0.45372
0.52587 0.71963
0.17136 0.90101
0.51234 0.43918
0.20985 0.68371
0.57130 0.55560
0.59132 0.65218
0.43939 0.32556
0.76874 0.66472
0.98881 0.59770
0.44928 0.85790
0.98349 0.02095
0.35550 0.91779
0.85067 0.47833
0.74919 0.80076
0.86085 0.43963
0.29813 0.51633
0.71600 0.90626
0.14409 0.27543
0.54980 0.65825
0.39104 0.59463
0.23350 0.78174
0.20254 0.79910
0.36780 0.61196
0.52189 0.26845
0.64412 0.82399
0.36189 0.12862
0.35523 0.81826
0.37171 0.69514
0.36876 0.68407
0.10386 0.21718
0.09305 0.71367
0.72733 0.90642
0.18344 0.98428
0.52148 0.16552
0.65648 0.92475
0.99112 0.18602
0.25425 0.74055
0.86957 0.53457
0.40447 0.68596
0.48724 0.46429
0.51396 0.94202
0.02569 0.04784
0.36941 0.46262
0.20638 0.07844
0.23724 0.35360
0.03133 0.85641
0.58811 0.27444
0.38680 0.62610
0.12143 0.25069
0.65807 0.16069
0.97610 0.06392
0.88893 0.80616
0.25476 0.13643
0.33630 0.38930
0.16923 0.61509
0.79615 0.32276
0.32293 0.18541
0.68533 0.83766
0.70757 0.06065
0.90472 0.11548
0.24623 0.17729
0.80920 0.89129
0.80390 0.14609
0.16620 0.14695
0.64092 0.08010
0.20831 0.03552
0.03720 0.84164
0.36675 0.25714
0.96760 0.90066
0.62091 0.05011
0.24342 0.25163
0.76444 0.88533
0.07113 0.33648
0.63676 0.04232
0.80829 0.56076
0.04836 0.70815
0.51506 0.27686
0.78894 0.61941
0.68911 0.20504
0.76113 0.44055
0.46418 0.15405
0.72052 0.12578
0.67615 0.51899
0.16167 0.53786
0.56431 0.01258
0.21493 0.57740
0.63416 0.45993
