0.64322 0.99051
0.50486 0.81932
0.21384 0.35460
0.94240 0.51745
0.34415 0.11434
0.99346 0.35573
0.24263 0.17853
0.86818 0.81559
0.36634 0.96042
0.25799 0.98018
0.87106 0.82844
0.60497 0.45182
0.31886 0.13288
0.26257 0.98468
0.21954 0.14949
0.50562 0.17527
0.17467 0.37417
0.24754 0.40352
0.03421 0.05128
0.92644 0.19538
0.69567 0.37914
0.87316 0.09011
0.96731 0.76825
0.06056 0.17697
0.39563 0.09312
0.70705 0.01103
0.39004 0.46204
0.79889 0.96146
0.42766 0.71148
0.60870 0.48829
0.34666 0.46012
0.64395 0.70742
0.14932 0.94202
0.51487 0.58128
0.23374 0.82125
0.43580 0.54081
0.47846 0.78376
0.80092 0.65116
0.04297 0.03406
0.75803 0.85924
0.82882 0.30220
0.59396 0.34882
0.87617 0.71790
0.83577 0.70580
0.57074 0.28220
0.77822 0.23619
0.75897 0.84130
0.94696 0.52050
0.98348 0.83056
0.41220 0.01632
0.33381 0.01032
0.72286 0.45133
0.59813 0.53586
0.57831 0.33248
0.11745 0.12883
0.47628 0.93353
0.32003 0.82702
0.50329 0.09596
0.65273 0.86369
0.26220 0.50853
0.59930 0.52084
0.44420 0.90828
0.96417 0.63022
0.69962 0.28022
0.39905 0.93136
0.48018 0.98198
0.94338 0.59776
0.33837 0.65161
0.50553 0.47214
0.60208 0.90295
0.44274 0.35011
0.91762 0.18841
0.87597 0.20654
0.61791 0.36357
0.27209 0.64906
0.68863 0.23619
0.03701 0.66225
0.66005 0.78465
0.82584 0.50430
0.92434 0.12172
0.98264 0.58235
0.46746 0.64175
0.61610 0.31041
0.32066 0.54142
0.46750 0.94127
0.81860 0.67993
0.04008 0.18657
0.87259 0.66930
0.31873 0.89512
0.13393 0.53334
0.40889 0.26935
0.27534 0.68380
0.23759 0.62157
0.29528 0.86914
0.49845 0.17535
0.41373 0.63286
0.67397 0.14249
0.76141 0.15097
0.82398 0.99374
0.83304 0.14051
0.68562 0.14665
0.35184 0.38757
0.09570 0.34770
0.79268 0.35630
0.93396 0.14587
0.21400 0.86164
0.28324 0.23484
0.12928 0.13431
0.90580 0.08518
0.23970 0.96163
0.64938 0.35829
0.54798 0.11954
0.47101 0.14221
0.27202 0.85599
0.80188 0.69439
0.58996 0.48851
0.05053 0.13470
0.39609 0.54863
0.17797 0.85104
0.99747 0.41673
0.13770 0.54307
0.51549 0.19511
0.78211 0.61709
0.31961 0.50779
0.10458 0.81633
0.58653 0.48816
0.66713 0.90039
0.79640 0.89514
0.19650 0.59730
0.93344 0.87783
0.35390 0.08620
0.64527 0.45291
0.17688 0.09279
0.32714 0.14923
0.91240 0.51726
0.70416 0.58527
0.55412 0.33221
0.14835 0.52405
0.58510 0.46403
0.78818 0.35897
0.28292 0.10602
0.25395 0.40327
0.05614 0.27410
0.92484 0.11598
0.91985 0.76062
0.66111 0.65819
0.90779 0.49173
0.08047 0.86229
0.13026 0.76106
0.28524 0.72274
0.08660 0.78399
0.35863 0.52509
0.56437 0.25595
0.99548 0.73201
0.55002 0.84463
0.48756 0.82588
0.45980 0.38935
0.52043 0.25756
0.04285 0.18160
0.35595 0.09144
0.92553 0.82430
0.54835 0.78862
0.91505 0.49864
0.18658 0.41890
0.64362 0.61805
0.87481 0.60312
0.26199 0.49601
0.66711 0.18887
0.91872 0.37523
0.70099 0.38334
0.73188 0.72557
0.98136 0.75237
0.68900 0.75728
0.47141 0.83616
0.98625 0.77430
0.62588 0.97995
0.41664 0.76846
0.77512 0.63867
0.48580 0.13987
0.42393 0.89747
0.43264 0.89944
0.50569 0.03838
0.02069 0.83506
0.62356 0.65610
0.28364 0.50018
0.55655 0.27512
0.98024 0.81305
0.38290 0.93665
0.22979 0.93044
0.72377 0.43910
0.52084 0.87849
0.62783 0.70913
0.20577 0.94587
0.23188 0.40194
0.02396 0.05024
0.41377 0.10969
0.93503 0.18489
0.78306 0.65962
0.88126 0.63404
0.72252 0.79484
0.34139 0.72358
0.75529 0.53486
0.39926 0.80126
0.07327 0.02863
0.20001 0.03796
0.57664 0.75746
0.98441 0.75373
0.05886 0.51332
0.88488 0.15487
0.89665 0.69718
0.59918 0.45298
0.98049 0.04457
0.80634 0.07432
0.37531 0.25784
0.52908 0.71399
0.58662 0.19542
0.91767 0.86562
0.00902 0.40883
0.40108 0.85372
0.93115 0.98613
0.06077 0.38407
0.15776 0.64917
0.32714 0.75027
0.82890 0.72906
0.87699 0.71932
0.18427 0.18378
0.95890 0.15709
0.44179 0.72401
0.45440 0.79452
0.91952 0.04407
0.94163 0.18188
0.49274 0.90818
0.12658 0.01203
0.43151 0.35219
0.92809 0.65744
0.17654 0.22338
0.86784 0.52824
0.95538 0.48985
0.06624 0.73624
0.89053 0.64529
0.32006 0.54324
0.63988 0.61275
0.84927 0.70086
0.70988 0.15704
0.27659 0.95298
0.36827 0.98917
0.15506 0.38140
0.26667 0.83776
0.21479 0.06049
0.35991 0.98296
0.57461 0.15977
0.99603 0.95444
0.86728 0.04103
0.20048 0.16689
0.22980 0.15982
0.00004 0.16382
