0.78435 0.75920
0.89406 0.14925
0.43907 0.68700
0.95180 0.83852
0.77273 0.07441
0.21244 0.59987
0.62761 0.63085
0.42831 0.87238
0.62531 0.63453
0.06171 0.69028
0.09246 0.88375
0.12420 0.55935
0.67336 0.92405
0.28269 0.75932
0.20044 0.18929
0.55091 0.34437
0.70505 0.40415
0.10673 0.88199
0.05074 0.33356
0.91037 0.97511
0.24622 0.68454
0.08199 0.95736
0.29102 0.44522
0.15420 0.45481
0.28828 0.38233
0.76687 0.14136
0.58984 0.52501
0.26754 0.44411
0.85116 0.22693
0.68254 0.72399
0.53296 0.56437
0.47203 0.39623
0.95929 0.92460
0.83799 0.58451
0.69154 0.81586
0.46764 0.13462
0.30836 0.29565
0.84811 0.12867
0.65886 0.97540
0.21100 0.26445
0.05681 0.57324
0.35608 0.06917
0.55712 0.52133
0.88063 0.70293
0.84890 0.21029
0.19916 0.18387
0.09220 0.04539
0.83527 0.61413
0.18747 0.45660
0.83465 0.49989
0.49905 0.70773
0.15198 0.86292
0.44520 0.62232
0.76100 0.97355
0.39924 0.57966
0.20697 0.40113
0.54282 0.10230
0.36595 0.46698
0.11185 0.44638
0.04965 0.68747
0.42941 0.73133
0.19599 0.86027
0.74434 0.11065
0.10437 0.25080
0.17425 0.99303
0.49178 0.32012
0.33142 0.66506
0.86177 0.58872
0.79218 0.36839
0.12271 0.68194
0.54569 0.83116
0.83860 0.60359
0.21304 0.95594
0.39313 0.79810
0.84986 0.77559
0.27872 0.26379
0.88115 0.57263
0.68024 0.63815
0.80755 0.11571
0.28224 0.06951
0.14316 0.86360
0.79615 0.56801
0.90311 0.49122
0.99274 0.31041
0.29415 0.65443
0.35634 0.17721
0.43075 0.88041
0.24883 0.66985
0.14890 0.37179
0.37992 0.29263
0.61536 0.59473
0.97635 0.56440
0.52855 0.20405
0.28130 0.52165
0.12030 0.15024
0.01679 0.65231
0.02533 0.68062
0.84454 0.44847
0.46734 0.95220
0.98718 0.63077
0.45757 0.37703
0.12883 0.16547
0.30279 0.90563
0.01652 0.65770
0.63575 0.87843
0.00364 0.28508
0.62182 0.73520
0.00654 0.69944
0.77532 0.49804
0.16272 0.84452
0.31123 0.08767
0.27653 0.79612
0.15627 0.42462
0.50178 0.55560
0.13662 0.38248
0.80864 0.61958
0.19654 0.66111
0.46733 0.67994
0.23915 0.70718
0.67452 0.68330
0.28729 0.77664
0.63772 0.58840
0.15868 0.82615
0.07339 0.80372
0.62827 0.92861
0.85256 0.60542
0.10731 0.68374
0.18076 0.66108
0.64294 0.34872
0.43046 0.39610
0.38418 0.24348
0.66606 0.25784
0.06327 0.45135
0.73827 0.86003
0.22198 0.92299
0.43320 0.34648
0.27609 0.84001
0.28537 0.17752
0.18987 0.73106
0.29549 0.62414
0.57629 0.75480
0.42949 0.12466
0.85149 0.11928
0.78465 0.44519
0.20958 0.01400
0.03150 0.78834
0.76460 0.25376
0.53258 0.20986
0.64958 0.06817
0.02023 0.34004
0.69108 0.39502
0.12696 0.46315
0.36500 0.05886
0.94917 0.36885
0.83881 0.99300
0.04039 0.50148
0.61750 0.63321
0.16872 0.56578
0.58599 0.37560
0.52719 0.05160
0.44905 0.13034
0.42606 0.04460
0.11769 0.19329
0.43146 0.30880
0.68239 0.89641
0.47046 0.62811
0.08823 0.63812
0.24893 0.54645
0.69732 0.59191
0.59713 0.33312
0.67663 0.93714
0.00392 0.19641
0.22584 0.11481
0.03187 0.11546
0.56801 0.23853
0.56109 0.01957
0.29365 0.61251
0.38391 0.39213
0.90238 0.63758
0.03221 0.44393
0.91267 0.62770
0.11109 0.41803
0.94252 0.21595
0.11836 0.48001
0.83106 0.80565
0.28315 0.73656
0.67592 0.32268
0.77990 0.11812
0.68502 0.05845
0.61008 0.76326
0.39189 0.29654
0.60487 0.62517
0.75048 0.25189
0.38274 0.72827
0.71466 0.89419
0.68950 0.79541
0.14351 0.42710
0.12601 0.80414
0.11060 0.78045
0.26107 0.13545
0.91976 0.53004
0.83160 0.28226
0.95956 0.27468
0.10573 0.65302
0.06667 0.64518
0.02297 0.07150
0.52882 0.72877
0.89228 0.07374
0.87723 0.31270
0.38636 0.74208
0.86330 0.90646
0.15884 0.83808
0.79482 0.88065
0.94157 0.87801
0.06761 0.92475
0.74842 0.62120
0.73498 0.18842
0.74547 0.19524
0.25852 0.41794
0.13818 0.40858
0.29335 0.98040
0.81229 0.26709
0.37693 0.30569
0.99315 0.58898
0.02603 0.89631
0.84836 0.15775
0.67794 0.07120
0.82798 0.27600
0.26366 0.35163
0.39695 0.23170
0.94374 0.61195
0.60236 0.06415
0.51630 0.41131
0.53996 0.39431
0.99627 0.90013
0.16274 0.51595
0.54256 0.45626
0.63663 0.77410
0.73600 0.83473
0.02738 0.10945
0.76740 0.77917
0.03613 0.84833
0.20712 0.38624
0.34344 0.58034
0.02541 0.98639
0.71170 0.18966
0.94049 0.89488
0.04553 0.92215
0.99258 0.70448
0.22283 0.29345
0.55380 0.44211
0.89841 0.75992
0.72854 0.25714
0.23650 0.00786
0.43200 0.30484
0.52003 0.08889
