0.76006 0.01342
0.71149 0.84172
0.31945 0.84035
0.69501 0.26880
0.34439 0.66868
0.91959 0.75669
0.98449 0.58613
0.08972 0.65418
0.79437 0.28955
0.89214 0.54282
0.80430 0.15826
0.21388 0.46405
0.94800 0.30285
0.09251 0.98336
0.03290 0.54678
0.70012 0.94452
0.51960 0.46637
0.33592 0.69376
0.56323 0.17548
0.16257 0.88904
0.97689 0.44670
0.13990 0.77365
0.99605 0.62706
0.45798 0.26028
0.59983 0.29229
0.94773 0.72283
0.05289 0.32655
0.95763 0.09441
0.36362 0.02171
0.21839 0.62851
0.24096 0.21337
0.60243 0.21075
0.39046 0.67296
0.04055 0.34645
0.55761 0.69941
0.17774 0.64375
0.73980 0.66100
0.26592 0.65042
0.81263 0.06184
0.93793 0.84155
0.09905 0.18376
0.17317 0.66861
0.60820 0.96601
0.94796 0.31397
0.77146 0.47709
0.95006 0.17853
0.57056 0.50487
0.97257 0.47040
0.83759 0.55284
0.89564 0.74655
0.65189 0.93762
0.68383 0.27691
0.00423 0.94165
0.77838 0.36847
0.62058 0.36842
0.16948 0.28783
0.16887 0.38851
0.61942 0.27002
0.09804 0.69741
0.23646 0.07625
0.78229 0.16663
0.40145 0.70272
0.43277 0.37809
0.24840 0.50837
0.52480 0.42338
0.87506 0.36016
0.54804 0.68283
0.36557 0.01911
0.93159 0.00487
0.11479 0.00856
0.85489 0.57274
0.98925 0.50356
0.18927 0.97635
0.03111 0.32576
0.33042 0.93707
0.30765 0.72645
0.07121 0.10736
0.93150 0.78986
0.23195 0.52376
0.98248 0.84360
0.74618 0.63390
0.57231 0.97919
0.11256 0.71656
0.80321 0.52021
0.50635 0.69758
0.59027 0.65429
0.25907 0.98359
0.91929 0.55572
0.14610 0.93693
0.24191 0.04594
0.09951 0.57013
0.30093 0.89369
0.23642 0.48314
0.78652 0.46453
0.49399 0.43409
0.88009 0.25286
0.77004 0.91267
0.97586 0.04059
0.34869 0.58259
0.98085 0.66136
0.92339 0.92204
0.30980 0.40048
0.23913 0.90189
0.33262 0.55943
0.32374 0.30841
0.50835 0.29632
0.24284 0.32913
0.78301 0.41120
0.54699 0.94161
0.89024 0.73136
0.93730 0.31994
0.96463 0.32801
0.56416 0.45760
0.09609 0.13819
0.20969 0.06956
0.66654 0.78780
0.23899 0.01459
0.76135 0.45718
0.16696 0.52290
0.27164 0.03074
0.13842 0.68235
0.18968 0.29389
0.21221 0.49084
0.41758 0.42622
0.23195 0.43051
0.13024 0.22920
0.75053 0.80495
0.75219 0.86779
0.21927 0.30857
0.01438 0.32737
0.11639 0.19242
0.13379 0.60031
0.70640 0.22471
0.08864 0.06988
0.35488 0.58055
0.94961 0.19198
0.96505 0.76578
0.70830 0.71494
0.67060 0.06009
0.60672 0.35470
0.27473 0.52620
0.59365 0.05663
0.09924 0.75680
0.75507 0.93929
0.12868 0.50253
0.98258 0.79735
0.94084 0.73867
0.56620 0.29594
0.43644 0.67241
0.25068 0.54309
0.02330 0.75684
0.09830 0.52854
0.03226 0.08529
0.68816 0.77315
0.72070 0.08252
0.08607 0.07668
0.75119 0.65078
0.13866 0.46974
0.51123 0.15799
0.25326 0.28061
0.05313 0.03282
0.98184 0.86688
0.93420 0.73022
0.04273 0.39966
0.71270 0.27131
0.16567 0.72032
0.59450 0.34656
0.21595 0.11330
0.30316 0.16904
0.59711 0.07333
0.28849 0.83143
0.02881 0.61859
0.81183 0.91125
0.65847 0.56013
0.82185 0.04558
0.67734 0.91258
0.77128 0.12813
0.74586 0.11795
0.89077 0.68435
0.17277 0.44311
0.78261 0.61001
0.25715 0.72732
0.35546 0.88185
0.20220 0.67139
0.77520 0.79226
0.27603 0.95938
0.70832 0.98036
0.35242 0.56197
0.91541 0.39467
0.72056 0.79731
0.60883 0.33716
0.08093 0.98498
0.91414 0.96396
0.19945 0.76941
0.20102 0.96350
0.33581 0.21266
0.49876 0.42796
0.20569 0.46715
0.31924 0.78056
0.88635 0.59740
0.32599 0.78279
0.10666 0.75136
0.91610 0.24959
0.64590 0.62359
0.77142 0.21362
0.87947 0.49069
0.40694 0.57036
0.28355 0.30862
0.89754 0.04915
0.15205 0.82476
0.39266 0.58081
0.17819 0.18052
0.51383 0.91016
0.73767 0.70356
0.90314 0.21333
0.66490 0.41664
0.20471 0.99165
0.19367 0.85488
0.41588 0.47617
0.74679 0.13781
0.24027 0.34784
0.08027 0.19269
0.04325 0.79788
0.34651 0.96943
0.12450 0.54890
0.12491 0.71872
0.08858 0.67842
0.11062 0.29009
0.83915 0.30808
0.78385 0.46581
0.58228 0.73013
0.85752 0.95648
0.42653 0.22121
0.59744 0.75592
0.62266 0.14822
0.83434 0.74269
0.88138 0.20968
0.32113 0.03655
0.39836 0.86628
0.08549 0.54545
0.39889 0.69077
0.44941 0.61768
0.02894 0.27442
0.21362 0.25434
0.77987 0.02076
0.11274 0.85919
0.33584 0.72955
0.18590 0.42630
0.16325 0.79648
0.59067 0.08576
0.38907 0.22750
0.07121 0.82886
0.44060 0.42296
0.44277 0.97963
0.99455 0.19984
0.21365 0.90189
