0.05955 0.66989
0.28577 0.30130
0.74541 0.60470
0.91962 0.99015
0.42178 0.22083
0.08914 0.42599
0.42237 0.87240
0.74071 0.81932
0.68579 0.72226
0.51742 0.12858
0.21209 0.80977
0.35248 0.64858
0.56063 0.17123
0.47516 0.21951
0.10867 0.42822
0.30397 0.69257
0.36269 0.07085
0.89750 0.09745
0.56218 0.67266
0.88346 0.56653
0.03110 0.14647
0.56670 0.35997
0.48122 0.67034
0.26007 0.88718
0.58567 0.94965
0.04994 0.52768
0.32918 0.74485
0.90269 0.35181
0.61224 0.33851
0.58932 0.46700
0.72745 0.64324
0.03866 0.93891
0.60715 0.76799
0.05276 0.50771
0.56380 0.57972
0.28416 0.09224
0.37070 0.82818
0.80998 0.57699
0.67594 0.31912
0.60226 0.65444
0.58937 0.13710
0.18170 0.05071
0.59189 0.02930
0.06593 0.64407
0.62656 0.77451
0.73992 0.94235
0.75810 0.39633
0.25550 0.55770
0.85550 0.72952
0.50501 0.59748
0.64451 0.20890
0.81722 0.91445
0.20166 0.11918
0.64583 0.75128
0.61139 0.93889
0.86486 0.32811
0.64729 0.50991
0.59780 0.76828
0.84097 0.30030
0.28956 0.71897
0.17933 0.73455
0.35677 0.79864
0.89082 0.43905
0.54219 0.97960
0.38214 0.14329
0.64672 0.64776
0.24708 0.14732
0.65189 0.67354
0.86366 0.09467
0.47273 0.79182
0.36479 0.89526
0.18396 0.14328
0.36688 0.16872
0.17354 0.08484
0.22172 0.61388
0.26601 0.78913
0.21690 0.87700
0.44458 0.66743
0.83329 0.55255
0.89442 0.64620
0.41367 0.97726
0.84034 0.46858
0.28289 0.37305
0.37252 0.62628
0.04602 0.99962
0.51129 0.22099
0.51933 0.47393
0.31403 0.00104
0.37315 0.13470
0.84401 0.48783
0.60571 0.06818
0.03851 0.13560
0.00888 0.49979
0.34395 0.24782
0.47101 0.97062
0.19491 0.04941
0.28520 0.23911
0.34303 0.01457
0.96338 0.53597
0.34877 0.09479
0.52285 0.87349
0.97922 0.36809
0.67946 0.71769
0.23387 0.09831
0.50803 0.91013
0.88973 0.98296
0.97250 0.40573
0.57334 0.40728
0.06854 0.51903
0.18846 0.89771
0.39388 0.13645
0.78008 0.79070
0.97529 0.92171
0.57945 0.70568
0.92367 0.70178
0.44444 0.54436
0.48755 0.30715
0.18576 0.82606
0.62220 0.60729
0.42005 0.72348
0.18387 0.90345
0.09346 0.27310
0.22365 0.92710
0.16107 0.53967
0.62845 0.77283
0.47318 0.13281
0.79990 0.95731
0.43232 0.88226
0.96574 0.26071
0.36844 0.43813
0.44043 0.79746
0.99508 0.41187
0.80788 0.92670
0.95415 0.06494
0.59132 0.36223
0.05968 0.51068
0.75015 0.15885
0.07974 0.86894
0.79137 0.55348
0.70880 0.71713
0.26603 0.76731
0.29487 0.16554
0.14573 0.44841
0.42718 0.19907
0.58203 0.62240
0.81161 0.79450
0.10564 0.53339
0.40613 0.27930
0.85004 0.46173
0.16788 0.20692
0.68466 0.07010
0.30092 0.01392
0.63806 0.71998
0.37994 0.90346
0.98855 0.69945
0.41054 0.52942
0.06553 0.22794
0.69047 0.47276
0.70650 0.82351
0.64129 0.00318
0.50180 0.93881
0.54717 0.97547
0.73435 0.39566
0.32637 0.98220
0.05771 0.02867
0.70410 0.26838
0.02255 0.69921
0.17124 0.04914
0.21717 0.10950
0.35902 0.32853
0.65943 0.52281
0.33642 0.23940
0.18242 0.41152
0.85197 0.67316
0.81397 0.69453
0.19154 0.76845
0.36544 0.45273
0.12429 0.73361
0.29640 0.02997
0.91211 0.17394
0.14033 0.47964
0.68227 0.14664
0.83640 0.56100
0.59945 0.38628
0.37111 0.10116
0.84112 0.44943
0.36883 0.87338
0.29478 0.78835
0.41132 0.06090
0.25997 0.66281
0.52180 0.90362
0.68338 0.52377
0.31013 0.04670
0.68893 0.64221
0.36935 0.23896
0.10938 0.19485
0.93573 0.91289
0.01104 0.72844
0.56564 0.53026
0.84869 0.16396
0.26036 0.43035
0.30925 0.05135
0.08929 0.44841
0.74794 0.56822
0.86175 0.64585
0.72648 0.07095
0.20223 0.00959
0.61793 0.02028
0.87175 0.97685
0.99966 0.59504
0.88647 0.64102
0.26817 0.32198
0.62931 0.47531
0.65732 0.22118
0.61738 0.18660
0.25522 0.92854
0.95038 0.02289
0.53512 0.35890
0.13714 0.95846
0.68427 0.77859
0.72156 0.64665
0.53438 0.58325
0.96435 0.51270
0.62633 0.03836
0.61975 0.77823
0.12579 0.38951
0.24472 0.92000
0.07306 0.43631
0.77717 0.37492
0.71939 0.13670
0.01256 0.12293
0.46081 0.40587
0.70626 0.43882
0.12666 0.39388
0.74423 0.78149
0.01458 0.85817
0.94199 0.63456
0.95335 0.67240
0.62254 0.11324
0.66383 0.29724
0.35415 0.50542
0.26093 0.00718
0.29071 0.32294
0.64453 0.01254
0.75788 0.37557
0.87922 0.21456
0.93312 0.26654
0.07233 0.75569
0.18404 0.71252
0.44774 0.79420
0.60217 0.89304
0.17068 0.87583
0.72282 0.04251
0.83855 0.49135
0.31389 0.05658
0.63666 0.47309
