0.85349 0.80196
0.69711 0.90894
0.82081 0.40998
0.56415 0.68061
0.09654 0.01010
0.32616 0.67284
0.47534 0.40735
0.84904 0.34916
0.00180 0.67743
0.32491 0.08661
0.60338 0.42371
0.04433 0.59542
0.48889 0.76687
0.53279 0.29142
0.70342 0.51605
0.47816 0.64888
0.54698 0.92944
0.38931 0.42280
0.80929 0.23789
0.74588 0.40241
0.47703 0.32247
0.42999 0.53253
0.89250 0.73797
0.96867 0.72079
0.27873 0.51206
0.01663 0.55166
0.46002 0.28571
0.48625 0.25056
0.83407 0.50512
0.86810 0.90980
0.50859 0.53783
0.58740 0.53919
0.30677 0.70206
0.93458 0.69277
0.05433 0.02829
0.56500 0.36259
0.35163 0.12124
0.81150 0.73416
0.62817 0.08638
0.00900 0.21783
0.94201 0.63126
0.34834 0.35352
0.44268 0.08122
0.95862 0.24810
0.89744 0.77097
0.46405 0.21597
0.46294 0.05410
0.68067 0.24656
0.17105 0.63209
0.85547 0.38373
0.03789 0.69148
0.80427 0.97878
0.55745 0.02139
0.74214 0.44680
0.55933 0.46585
0.79414 0.69381
0.74296 0.37289
0.22612 0.72242
0.72991 0.57938
0.02554 0.46011
0.36664 0.15744
0.16919 0.17702
0.94795 0.68866
0.77003 0.40322
0.07170 0.90608
0.79816 0.96808
0.71775 0.82759
0.55138 0.51272
0.59786 0.16814
0.31420 0.23278
0.91714 0.06063
0.49605 0.87812
0.10318 0.32389
0.79384 0.04429
0.73788 0.53470
0.03385 0.57899
0.87254 0.30109
0.80907 0.52323
0.64031 0.20140
0.42388 0.04142
0.06229 0.39907
0.28374 0.67574
0.55234 0.36593
0.12524 0.14960
0.60198 0.17874
0.48546 0.58401
0.24456 0.92358
0.91440 0.13285
0.33010 0.72605
0.34422 0.79717
0.75539 0.79500
0.12539 0.99623
0.66927 0.28227
0.21113 0.86569
0.79712 0.91249
0.97965 0.08435
0.53469 0.47228
0.89925 0.96312
0.47027 0.08565
0.82744 0.10978
0.40011 0.92564
0.49601 0.82248
0.34814 0.10870
0.15365 0.26580
0.31312 0.04920
0.51052 0.79717
0.88915 0.37042
0.39686 0.54557
0.93106 0.04296
0.17394 0.40645
0.26495 0.08370
0.04580 0.58706
0.88990 0.27264
0.82897 0.77944
0.92884 0.93623
0.63042 0.06371
0.84824 0.24076
0.89768 0.83261
0.50912 0.55983
0.83513 0.44600
0.65518 0.72082
0.70468 0.10632
0.53477 0.22775
0.29856 0.70502
0.50796 0.66166
0.74779 0.66681
0.39981 0.33880
0.50872 0.63208
0.89718 0.91516
0.56500 0.46947
0.41452 0.32302
0.35055 0.97468
0.30702 0.95004
0.80426 0.89784
0.22429 0.09271
0.28932 0.24057
0.30108 0.90584
0.66539 0.12221
0.43831 0.09074
0.31570 0.86820
0.98874 0.63272
0.39899 0.73397
0.97396 0.93556
0.18671 0.29566
0.66022 0.91149
0.66684 0.44228
0.73642 0.16372
0.72752 0.73400
0.96887 0.06440
0.08818 0.14069
0.81964 0.19168
0.03752 0.00094
0.92056 0.09575
0.42276 0.61609
0.20657 0.66926
0.92385 0.88185
0.23292 0.09530
0.30071 0.19701
0.36716 0.99437
0.53470 0.48276
0.42804 0.17739
0.10371 0.10496
0.27562 0.83771
0.48886 0.93687
0.25496 0.77755
0.79965 0.13801
0.87305 0.20915
0.42233 0.13867
0.85794 0.35976
0.55100 0.55930
0.81311 0.51789
0.51245 0.90203
0.69361 0.84725
0.96394 0.18505
0.97986 0.84855
0.08462 0.69481
0.50460 0.94442
0.24384 0.76665
0.88957 0.17780
0.60216 0.22431
0.23835 0.79524
0.74808 0.76841
0.33915 0.09446
0.81202 0.16856
0.44473 0.62945
0.86784 0.97896
0.77842 0.29461
0.66202 0.01582
0.74482 0.15409
0.61291 0.85896
0.82664 0.31503
0.28740 0.69803
0.61738 0.46514
0.53562 0.45246
0.23266 0.45651
0.82421 0.72976
0.92960 0.96080
0.42220 0.48358
0.62117 0.21604
0.32437 0.40186
0.94444 0.86833
0.61669 0.91245
0.90832 0.87066
0.64224 0.38055
0.76830 0.26900
0.36850 0.52158
0.15348 0.20197
0.52944 0.16035
0.14180 0.46562
0.09785 0.67539
0.90638 0.38740
0.86659 0.81409
0.95497 0.16793
0.78500 0.41313
0.07832 0.48359
0.35300 0.26313
0.53564 0.95884
0.57413 0.16230
0.15683 0.59525
0.89413 0.72626
0.29398 0.45552
0.55715 0.18682
0.57486 0.25203
0.55185 0.12513
0.36060 0.87503
0.52633 0.05625
0.01901 0.93171
0.56907 0.23599
0.04373 0.36510
0.34574 0.20652
0.73998 0.76899
0.71226 0.82313
0.43199 0.91478
0.56414 0.60602
0.67236 0.57449
0.71423 0.34557
0.25251 0.24902
0.18469 0.09660
0.69304 0.75419
0.75894 0.27623
0.27832 0.06068
0.27519 0.36738
0.92344 0.25463
0.07774 0.30035
0.24890 0.76131
0.34870 0.33171
0.13626 0.75502
0.46830 0.82842
0.82893 0.63758
0.82748 0.04126
0.38033 0.57670
0.96594 0.67465
0.90951 0.86793
0.09863 0.78169
0.71126 0.80605
0.58699 0.58122
