0.25860 0.37212
0.98071 0.32394
0.48869 0.01430
0.74093 0.17043
0.88346 0.27571
0.47448 0.16383
0.66059 0.07802
0.46463 0.37171
0.99391 0.04503
0.85501 0.88657
0.35618 0.38156
0.59325 0.81536
0.37022 0.72915
0.15397 0.04778
0.33459 0.18423
0.00477 0.18701
0.26523 0.44289
0.07819 0.69612
0.95268 0.65878
0.75204 0.97567
0.47535 0.17977
0.55138 0.48654
0.77964 0.68033
0.55217 0.82426
0.02493 0.09715
0.90010 0.21719
0.75533 0.88717
0.40122 0.39098
0.18626 0.32365
0.88928 0.78228
0.63615 0.54432
0.48744 0.63617
0.02445 0.29367
0.39674 0.64362
0.10735 0.35838
0.54806 0.62011
0.04470 0.40060
0.41334 0.27942
0.06838 0.27115
0.26068 0.45956
0.66742 0.92666
0.31831 0.42744
0.76047 0.97150
0.30177 0.19818
0.38930 0.33657
0.25311 0.83049
0.15644 0.48805
0.96353 0.49671
0.54106 0.14550
0.69215 0.77902
0.80141 0.00417
0.94735 0.70106
0.83699 0.24192
0.47500 0.38706
0.33544 0.48445
0.84222 0.54243
0.16627 0.76627
0.08452 0.11177
0.33555 0.06934
0.82325 0.46589
0.44816 0.15570
0.35036 0.06313
0.87627 0.89692
0.74009 0.36024
0.80975 0.57105
0.20745 0.26533
0.67072 0.43067
0.85057 0.76798
0.01688 0.26709
0.24016 0.11828
0.26689 0.07525
0.63812 0.19954
0.37651 0.75896
0.48180 0.49357
0.33528 0.89752
0.34279 0.15182
0.99969 0.78157
0.35213 0.60059
0.02664 0.98025
0.75760 0.78301
0.26435 0.52399
0.62892 0.54132
0.18508 0.39094
0.09273 0.67660
0.29075 0.49666
0.87551 0.90504
0.51294 0.11817
0.31928 0.64034
0.47050 0.18017
0.37413 0.70523
0.45067 0.16872
0.89682 0.04633
0.74907 0.23388
0.07302 0.51957
0.86182 0.90192
0.21471 0.74510
0.90806 0.81717
0.81684 0.43389
0.62731 0.24286
0.82875 0.84986
0.42676 0.08831
0.64179 0.19201
0.01493 0.68895
0.90472 0.94174
0.07851 0.97215
0.58714 0.37758
0.13125 0.08433
0.52853 0.78044
0.11128 0.72625
0.59668 0.06224
0.70509 0.25312
0.44413 0.91212
0.51234 0.57143
0.46803 0.10456
0.63836 0.72601
0.66684 0.47667
0.41945 0.95830
0.16873 0.50358
0.76301 0.42994
0.19621 0.38765
0.44211 0.56788
0.91954 0.04441
0.18273 0.50231
0.36844 0.43783
0.14404 0.03091
0.81016 0.27107
0.97522 0.14648
0.65521 0.29137
0.94334 0.79559
0.51637 0.75150
0.14774 0.46415
0.74733 0.13844
0.25466 0.37501
0.06711 0.90717
0.02863 0.19395
0.06513 0.64959
0.19900 0.01310
0.16373 0.28793
0.95171 0.02266
0.91156 0.84697
0.90556 0.76612
0.55136 0.14115
0.79224 0.70650
0.16417 0.78082
0.36108 0.50469
0.26571 0.73288
0.79363 0.41661
0.35718 0.45277
0.23418 0.58092
0.95967 0.67203
0.78781 0.42460
0.77236 0.67767
0.55625 0.31639
0.95373 0.34834
0.38772 0.81521
0.82165 0.93926
0.77440 0.50675
0.56185 0.89048
0.62070 0.43546
0.01001 0.75735
0.09078 0.07905
0.30222 0.79114
0.39743 0.07251
0.00520 0.21968
0.04051 0.32714
0.54660 0.23573
0.59008 0.01562
0.92466 0.17431
0.40967 0.73297
0.96765 0.05693
0.56989 0.37067
0.23404 0.19246
0.91520 0.89166
0.92066 0.54805
0.60342 0.10522
0.71220 0.47284
0.65340 0.17822
0.54031 0.55183
0.60940 0.33889
0.34369 0.99350
0.68654 0.93474
0.25487 0.83873
0.71608 0.25143
0.86552 0.05652
0.67935 0.43900
0.77513 0.26866
0.75093 0.14180
0.38318 0.91871
0.36780 0.14447
0.02213 0.54397
0.01232 0.01245
0.56832 0.90762
0.79285 0.37027
0.37186 0.60006
0.21373 0.91109
0.75501 0.98102
0.43650 0.58330
0.84803 0.80608
0.11129 0.14474
0.45855 0.53781
0.92649 0.57911
0.12419 0.90840
0.68871 0.42671
0.36069 0.81618
0.44599 0.63439
0.75076 0.31983
0.90557 0.16110
0.34466 0.38262
0.12819 0.21927
0.92611 0.58440
0.73110 0.19490
0.26515 0.10551
0.88109 0.76350
0.17369 0.71770
0.17079 0.90656
0.26633 0.43541
0.17674 0.17504
0.28294 0.60431
0.86901 0.63242
0.08374 0.15202
0.91523 0.55143
0.65713 0.84054
0.75500 0.88085
0.66898 0.64443
0.07983 0.67993
0.80286 0.56768
0.88748 0.01516
0.09175 0.81402
0.87519 0.84857
0.99592 0.25248
0.12458 0.85772
0.16760 0.43860
0.21081 0.34454
0.72508 0.49889
0.75583 0.95137
0.65236 0.03597
0.70267 0.60145
0.41541 0.88834
0.79208 0.55612
0.72163 0.86163
0.52801 0.77174
0.71764 0.59430
0.44657 0.50747
0.27606 0.56028
0.21921 0.84708
0.87119 0.68555
0.92528 0.55060
0.07376 0.65948
0.26671 0.24025
0.26477 0.02234
0.53499 0.94744
0.12161 0.45838
0.31481 0.17565
0.41941 0.33126
0.36174 0.56537
0.62671 0.83260
