0.57831 0.10316
0.86617 0.01104
0.25007 0.09886
0.39542 0.53852
0.07915 0.45197
0.67467 0.56047
0.13912 0.72890
0.61869 0.89830
0.80232 0.83852
0.54860 0.26984
0.18991 0.08966
0.58748 0.28458
0.04808 0.34839
0.87715 0.30071
0.94182 0.16902
0.70973 0.22078
0.86554 0.78218
0.72608 0.64326
0.28742 0.78477
0.68878 0.24926
0.02577 0.67956
0.63693 0.75880
0.75620 0.40123
0.01281 0.11654
0.77503 0.90926
0.33919 0.94833
0.89994 0.07379
0.90136 0.59982
0.08162 0.03248
0.71903 0.24409
0.87497 0.73363
0.33434 0.31062
0.96213 0.56470
0.85907 0.66488
0.19886 0.70637
0.11590 0.13131
0.03316 0.98300
0.57242 0.72071
0.43831 0.99691
0.78257 0.31791
0.29458 0.41647
0.09290 0.87614
0.44066 0.00180
0.48567 0.14957
0.74183 0.95652
0.01103 0.33317
0.44599 0.93981
0.58587 0.99046
0.27613 0.18987
0.31104 0.46200
0.97073 0.35395
0.73170 0.41995
0.14385 0.35630
0.60463 0.87024
0.88692 0.02047
0.30422 0.40472
0.91438 0.57469
0.01229 0.54938
0.85868 0.81815
0.05494 0.46475
0.72473 0.26776
0.48322 0.98852
0.74716 0.45599
0.66286 0.58430
0.76575 0.46164
0.12421 0.18351
0.59401 0.82924
0.41728 0.63949
0.76349 0.51453
0.98866 0.21309
0.55479 0.10739
0.18767 0.24832
0.19715 0.26607
0.75925 0.34147
0.68008 0.79602
0.42137 0.97888
0.04132 0.33420
0.22700 0.30069
0.14456 0.09382
0.71854 0.65512
0.94324 0.27424
0.55475 0.64090
0.42481 0.04706
0.32055 0.55395
0.13899 0.03754
0.48405 0.99206
0.07753 0.53924
0.84104 0.94441
0.89850 0.91273
0.99760 0.81606
0.76334 0.47825
0.45115 0.96038
0.85482 0.79787
0.14184 0.70215
0.95428 0.13832
0.90680 0.91619
0.31819 0.45114
0.47487 0.71354
0.01399 0.81582
0.50345 0.87705
0.71815 0.25830
0.04337 0.19139
0.25343 0.57207
0.29098 0.71174
0.85181 0.40142
0.95558 0.24472
0.49356 0.39216
0.02855 0.34003
0.09764 0.24930
0.51893 0.95166
0.68160 0.19698
0.22917 0.71631
0.10541 0.10094
0.17735 0.93423
0.89696 0.01131
0.88273 0.17261
0.23761 0.83558
0.17722 0.04500
0.99505 0.24766
0.48337 0.39645
0.70244 0.09863
0.10380 0.86715
0.59997 0.55751
0.30149 0.10051
0.87895 0.37280
0.19072 0.03098
0.29209 0.83263
0.36981 0.33614
0.90723 0.96501
0.30630 0.40691
0.22349 0.59667
0.15640 0.75791
0.34870 0.40178
0.51304 0.86107
0.50595 0.75093
0.88667 0.36566
0.56300 0.35520
0.37614 0.24184
0.63884 0.85898
0.11627 0.42211
0.19504 0.70158
0.08503 0.01021
0.51352 0.20465
0.62988 0.81342
0.33305 0.62813
0.27739 0.56869
0.36003 0.19452
0.71884 0.91223
0.27491 0.08474
0.75261 0.12870
0.86975 0.43641
0.20390 0.54917
0.03159 0.05890
0.82009 0.89668
0.60653 0.11507
0.29354 0.33775
0.16267 0.31844
0.74393 0.71080
0.28883 0.92551
0.97648 0.62393
0.25388 0.03792
0.10896 0.95534
0.03165 0.82106
0.22660 0.06553
0.02299 0.81985
0.34752 0.99038
0.99730 0.61547
0.54754 0.98915
0.91365 0.73775
0.17723 0.63153
0.47518 0.62060
0.37125 0.44387
0.10676 0.91064
0.22706 0.84332
0.23767 0.04711
0.62344 0.38606
0.31214 0.53172
0.26823 0.00021
0.70029 0.95800
0.04023 0.08663
0.44270 0.31246
0.39843 0.64484
0.34254 0.49655
0.70480 0.24115
0.44700 0.38089
0.65358 0.87438
0.01037 0.74026
0.56613 0.27033
0.10461 0.72497
0.31932 0.31729
0.30996 0.13574
0.35213 0.41541
0.89665 0.22231
0.65827 0.24746
0.10377 0.09106
0.62402 0.32673
0.40861 0.09722
0.11551 0.81456
0.16294 0.83122
0.81227 0.75733
0.38630 0.20985
0.68533 0.79483
0.17639 0.43536
0.06116 0.70075
0.28816 0.67504
0.27130 0.73793
0.44686 0.52400
0.66799 0.89614
0.84811 0.73498
0.97794 0.49427
0.63784 0.00946
0.89937 0.26562
0.95863 0.47218
0.09756 0.51263
0.94138 0.95029
0.45376 0.39039
0.43384 0.32902
0.06087 0.40149
0.88726 0.30917
0.14524 0.18577
0.92218 0.19221
0.55688 0.62573
0.47343 0.49754
0.17771 0.75216
0.55296 0.47536
0.05413 0.11195
0.81217 0.40638
0.55271 0.74894
0.35499 0.58260
0.37852 0.40037
0.95191 0.04434
0.25076 0.74250
0.96043 0.09191
0.50183 0.17913
0.18084 0.89923
0.73201 0.46385
0.01209 0.22661
0.11707 0.23743
0.33971 0.30527
0.91728 0.90969
0.17852 0.33527
0.50048 0.32541
0.76290 0.47087
0.18937 0.18566
0.08509 0.53143
0.70797 0.13662
0.40607 0.82827
0.33928 0.70105
0.52295 0.55477
0.28563 0.11194
0.06792 0.08976
0.08368 0.77621
0.52059 0.10455
0.68228 0.10336
0.71238 0.09898
0.53398 0.08976
