0.04319 0.17845
0.81892 0.89861
0.08394 0.17689
0.86891 0.63412
0.90203 0.29513
0.36027 0.07774
0.71412 0.72815
0.11619 0.67924
0.59244 0.13135
0.67429 0.86125
0.06432 0.09896
0.92156 0.61836
0.95232 0.72797
0.06432 0.54736
0.64869 0.82475
0.67329 0.11767
0.37366 0.53545
0.98873 0.11349
0.89432 0.51975
0.29794 0.01499
0.71109 0.05350
0.70489 0.71028
0.01699 0.71370
0.96811 0.67429
0.70242 0.61917
0.28323 0.77100
0.76167 0.23719
0.44738 0.92577
0.69789 0.25790
0.69559 0.66264
0.46079 0.31757
0.44672 0.72325
0.21026 0.44908
0.48765 0.57030
0.34093 0.96814
0.32365 0.24500
0.95724 0.90994
0.46301 0.77608
0.70554 0.86078
0.86377 0.81400
0.82552 0.69959
0.21076 0.16833
0.80703 0.69832
0.47767 0.65913
0.32705 0.02998
0.68973 0.40462
0.74104 0.35285
0.37665 0.42901
0.33799 0.78881
0.42638 0.71132
0.33454 0.50298
0.73796 0.02239
0.27702 0.91884
0.77815 0.44335
0.91512 0.30688
0.29968 0.92165
0.99225 0.24395
0.87188 0.49745
0.48510 0.35399
0.30765 0.68917
0.48302 0.08854
0.43115 0.55971
0.75505 0.27542
0.01732 0.46174
0.09140 0.61851
0.06504 0.73670
0.77828 0.73428
0.41015 0.40423
0.81054 0.16787
0.80640 0.97381
0.52147 0.66539
0.78394 0.15591
0.21273 0.45000
0.48097 0.59154
0.03790 0.52681
0.83944 0.46429
0.53207 0.99428
0.30936 0.91609
0.71330 0.00324
0.83905 0.68550
0.77241 0.51144
0.89309 0.88869
0.17787 0.20572
0.07808 0.12328
0.07950 0.99727
0.60406 0.66146
0.89455 0.45277
0.08586 0.02148
0.21991 0.04581
0.31654 0.71469
0.30332 0.82583
0.36058 0.22203
0.45074 0.23367
0.03153 0.06962
0.70709 0.25028
0.16986 0.86215
0.12763 0.32352
0.21265 0.08275
0.73109 0.08382
0.31268 0.33606
0.51550 0.19028
0.76698 0.82939
0.60944 0.95841
0.55467 0.64362
0.02119 0.78333
0.23066 0.78746
0.83686 0.07093
0.62482 0.22317
0.57574 0.37739
0.50598 0.19952
0.93023 0.84861
0.82070 0.46374
0.91112 0.58482
0.04388 0.17196
0.63826 0.15864
0.37800 0.24715
0.30753 0.81538
0.63754 0.89523
0.68493 0.33001
0.15143 0.94212
0.61017 0.62286
0.47516 0.78115
0.55872 0.46295
0.37240 0.29034
0.71355 0.88172
0.45842 0.04057
0.97525 0.60345
0.11096 0.97356
0.75795 0.52261
0.57162 0.47063
0.43080 0.88464
0.56694 0.63064
0.89844 0.56785
0.31186 0.38852
0.77428 0.98041
0.32739 0.31442
0.10295 0.58846
0.71220 0.73523
0.54188 0.41471
0.72907 0.59368
0.76678 0.45212
0.39866 0.12072
0.22623 0.38568
0.68152 0.00247
0.08498 0.63047
0.68724 0.71206
0.29483 0.13487
0.40949 0.57430
0.80132 0.26860
0.17861 0.52981
0.27687 0.59408
0.67885 0.28663
0.75851 0.79874
0.89694 0.97164
0.41340 0.51728
0.41375 0.95573
0.44457 0.41721
0.11032 0.01978
0.28365 0.75548
0.70249 0.24276
0.29404 0.15029
0.41159 0.11437
0.66493 0.80964
0.65572 0.66399
0.98464 0.20340
0.25210 0.20932
0.46870 0.82655
0.11306 0.63107
0.57531 0.38486
0.31876 0.79225
0.98662 0.80192
0.50261 0.30372
0.96529 0.82023
0.77724 0.16659
0.97690 0.27164
0.09156 0.51646
0.66970 0.55526
0.92023 0.97793
0.36138 0.76566
0.23369 0.64125
0.09271 0.49246
0.07728 0.64732
0.75891 0.22169
0.50507 0.78985
0.82415 0.27353
0.95603 0.58581
0.66750 0.44803
0.44791 0.78701
0.47422 0.50606
0.22479 0.19522
0.59940 0.85096
0.69564 0.41131
0.95009 0.94660
0.55282 0.02965
0.02219 0.22222
0.87051 0.48064
0.54855 0.94824
0.96597 0.77379
0.22883 0.36180
0.64201 0.80311
0.89338 0.57618
0.41502 0.24086
0.60491 0.16411
0.35056 0.78830
0.69074 0.85839
0.22657 0.24149
0.54274 0.04480
0.55166 0.22434
0.65881 0.95161
0.79182 0.22647
0.12777 0.43636
0.06594 0.00893
0.02125 0.88253
0.47235 0.64377
0.57631 0.51435
0.34227 0.80930
0.78656 0.32564
0.55642 0.39293
0.89767 0.81071
0.42005 0.40955
0.10532 0.98129
0.70840 0.56825
0.38864 0.44431
0.12620 0.40666
0.54336 0.93752
0.19375 0.00089
0.49674 0.90275
0.00433 0.20793
0.37711 0.17126
0.41178 0.43659
0.19885 0.05725
0.42320 0.98772
0.41665 0.17733
0.33107 0.50456
0.58054 0.79713
0.71233 0.90002
0.84102 0.35222
0.51873 0.66096
0.87373 0.94152
0.17059 0.82905
0.23007 0.17463
0.44942 0.98390
0.26993 0.36673
0.28904 0.11022
0.47950 0.04839
0.49669 0.58232
0.10099 0.35096
0.68339 0.52511
0.70614 0.80165
0.00885 0.33747
0.59615 0.16395
0.90486 0.86382
0.28298 0.89407
0.44997 0.38439
0.84349 0.14675
0.42313 0.80310
