0.15342 0.92259
0.44332 0.63467
0.41040 0.99798
0.32970 0.24934
0.05786 0.91625
0.05474 0.40960
0.40963 0.81665
0.97122 0.18023
0.37640 0.02170
0.08635 0.50799
0.59302 0.68943
0.86679 0.73769
0.25318 0.24296
0.47553 0.42332
0.11918 0.04248
0.87176 0.66739
0.30578 0.84950
0.11278 0.72698
0.55212 0.93480
0.92839 0.71133
0.79891 0.91814
0.07850 0.26422
0.01711 0.34405
0.53580 0.52289
0.75092 0.65196
0.77493 0.96077
0.06253 0.10297
0.23239 0.85752
0.37899 0.56369
0.64902 0.57469
0.50261 0.75825
0.12886 0.77127
0.22228 0.41836
0.47591 0.08273
0.93076 0.03481
0.02329 0.01443
0.54965 0.63875
0.27931 0.17960
0.22414 0.72341
0.05643 0.34204
0.58489 0.70317
0.47131 0.27992
0.02544 0.46095
0.63736 0.38392
0.34642 0.52733
0.62237 0.15776
0.27824 0.11588
0.53693 0.41261
0.96964 0.54333
0.33794 0.45888
0.48110 0.09029
0.53349 0.33256
0.44018 0.21079
0.48587 0.22926
0.77081 0.28181
0.06086 0.81109
0.26006 0.84594
0.73940 0.69973
0.13479 0.40957
0.06201 0.02399
0.76024 0.55400
0.92615 0.74525
0.02445 0.78653
0.22895 0.12340
0.96174 0.73171
0.07309 0.38765
0.96900 0.04219
0.39357 0.48336
0.38871 0.21077
0.27644 0.71302
0.00270 0.76469
0.87008 0.38917
0.54369 0.12581
0.02250 0.39883
0.72123 0.79012
0.99407 0.70200
0.29748 0.68153
0.95599 0.45626
0.73009 0.46742
0.63491 0.65207
0.30993 0.50033
0.95693 0.23882
0.71605 0.38471
0.58617 0.58843
0.52000 0.93820
0.81965 0.09835
0.42807 0.96408
0.11795 0.65717
0.66613 0.38117
0.16307 0.63767
0.81026 0.25627
0.54552 0.55082
0.87132 0.46217
0.86667 0.12213
0.34288 0.15007
0.62366 0.93235
0.11164 0.48009
0.96977 0.87303
0.34385 0.96330
0.16910 0.39961
0.87851 0.00211
0.12529 0.46013
0.71717 0.79954
0.96172 0.47794
0.29908 0.04769
0.16649 0.31819
0.34876 0.06736
0.68701 0.03789
0.34250 0.02026
0.07137 0.50713
0.32384 0.01101
0.30457 0.31720
0.81187 0.39418
0.87556 0.40230
0.75277 0.14703
0.06677 0.53146
0.48766 0.49776
0.66790 0.16711
0.83396 0.00345
0.79772 0.80131
0.80612 0.58455
0.01579 0.90150
0.05625 0.22335
0.16590 0.12861
0.93854 0.75693
0.13392 0.40827
0.21179 0.24488
0.50928 0.20748
0.81538 0.74315
0.20388 0.63588
0.42427 0.27800
0.99901 0.25802
0.63953 0.29723
0.73474 0.19509
0.35512 0.47622
0.96830 0.12841
0.06794 0.44525
0.27273 0.03963
0.51295 0.84038
0.72203 0.94485
0.15196 0.43035
0.70340 0.79584
0.07256 0.71764
0.48719 0.95403
0.32063 0.17984
0.10830 0.70686
0.84000 0.69347
0.59773 0.61199
0.23785 0.85677
0.76550 0.61830
0.10336 0.94837
0.57611 0.07539
0.29391 0.30560
0.79289 0.66303
0.00068 0.61056
0.94635 0.59652
0.75913 0.54617
0.12633 0.10404
0.25609 0.63873
0.78976 0.26731
0.16731 0.48855
0.75391 0.96390
0.07239 0.50009
0.29320 0.22211
0.89017 0.98082
0.32317 0.89662
0.17095 0.97806
0.91344 0.39886
0.71517 0.10011
0.01516 0.93395
0.67217 0.43828
0.43993 0.49609
0.83659 0.76178
0.97788 0.67527
0.15974 0.42467
0.66538 0.39152
0.37869 0.60588
0.21647 0.01113
0.54261 0.61356
0.93734 0.73720
0.30176 0.93094
0.48245 0.21592
0.52595 0.33665
0.75877 0.56367
0.79041 0.57802
0.50359 0.30297
0.72941 0.41068
0.27468 0.71016
0.99065 0.88504
0.92513 0.56768
0.62982 0.21906
0.47454 0.02841
0.19235 0.49401
0.47210 0.95000
0.39563 0.11186
0.69924 0.94340
0.98903 0.83851
0.49502 0.34520
0.60213 0.82898
0.71903 0.12195
0.89252 0.03201
0.77390 0.93921
0.69664 0.59030
0.40388 0.10713
0.89446 0.74746
0.27731 0.84234
0.67464 0.93189
0.76950 0.80925
0.96130 0.88920
0.77325 0.59394
0.36828 0.38100
0.99832 0.94809
0.66540 0.84670
0.68097 0.03198
0.41745 0.79557
0.36026 0.72641
0.09738 0.47155
0.89813 0.92649
0.85133 0.39331
0.10098 0.86682
0.81099 0.39960
0.49858 0.45885
0.87109 0.25169
0.27161 0.71150
0.60436 0.52128
0.33512 0.58248
0.39027 0.62100
0.38465 0.09647
0.41104 0.67669
0.30030 0.81798
0.91527 0.82433
0.08735 0.46396
0.61640 0.21065
0.59599 0.13823
0.35457 0.53322
0.78873 0.80586
0.98024 0.31662
0.89159 0.19653
0.73392 0.30639
0.04593 0.58171
0.08433 0.34827
0.98088 0.47730
0.74324 0.21018
0.04491 0.17496
0.31412 0.57736
0.17104 0.86937
0.45267 0.88114
0.62056 0.90348
0.44737 0.67420
0.17403 0.55356
0.38671 0.66516
0.05060 0.13558
0.48054 0.05728
0.66212 0.98388
0.77619 0.67814
0.02051 0.99593
