0.15431 0.35044
0.08310 0.64606
0.71228 0.35878
0.78619 0.22588
0.22241 0.69744
0.99601 0.96312
0.61465 0.95494
0.85692 0.48184
0.76677 0.29755
0.94498 0.62325
0.57434 0.28082
0.87333 0.92752
0.65364 0.01868
0.22793 0.43304
0.30465 0.46856
0.63970 0.15990
0.68666 0.92171
0.51200 0.94122
0.50225 0.50265
0.41345 0.61116
0.53875 0.85486
0.77977 0.22437
0.71334 0.39480
0.75923 0.01951
0.91280 0.82770
0.57019 0.96428
0.36933 0.66576
0.44565 0.24577
0.76881 0.36301
0.02894 0.76308
0.49557 0.13213
0.91629 0.99437
0.06114 0.62972
0.67950 0.10950
0.43750 0.10654
0.52322 0.87114
0.19945 0.29857
0.76698 0.36447
0.79854 0.73127
0.73096 0.97215
0.89016 0.29297
0.21869 0.01282
0.76960 0.82175
0.64922 0.48734
0.56364 0.85680
0.54907 0.18747
0.59225 0.84030
0.18310 0.09616
0.27222 0.32716
0.21904 0.02812
0.85845 0.58672
0.24508 0.81559
0.70756 0.33225
0.33693 0.91495
0.82481 0.09484
0.65539 0.42926
0.03026 0.54029
0.26727 0.40653
0.77743 0.60454
0.12758 0.17579
0.19975 0.84730
0.47935 0.38491
0.32663 0.31148
0.41392 0.37444
0.82007 0.97458
0.68003 0.34679
0.13329 0.18760
0.10976 0.63011
0.91047 0.90583
0.46033 0.80917
0.57743 0.08113
0.82027 0.75996
0.92913 0.01305
0.43235 0.48143
0.24634 0.71912
0.35535 0.51398
0.58002 0.52744
0.26790 0.30517
0.68347 0.50205
0.62482 0.77712
0.08101 0.61986
0.60211 0.28762
0.65859 0.95301
0.31302 0.79181
0.35496 0.73334
0.18112 0.92665
0.17504 0.67064
0.28805 0.47668
0.88441 0.59491
0.92094 0.94442
0.78910 0.46471
0.52347 0.07834
0.23364 0.53931
0.99636 0.85169
0.16916 0.85185
0.54710 0.01883
0.70653 0.14459
0.86536 0.76853
0.35546 0.97405
0.49205 0.49469
0.58900 0.45436
0.57055 0.70677
0.56602 0.89754
0.15056 0.83629
0.84060 0.02382
0.35658 0.35374
0.02747 0.76322
0.27011 0.44855
0.56206 0.95564
0.44851 0.34457
0.87896 0.34189
0.10097 0.38432
0.44042 0.76093
0.33157 0.77221
0.81392 0.76813
0.87219 0.29926
0.90777 0.43902
0.39380 0.36091
0.52251 0.59215
0.52430 0.13863
0.38217 0.84424
0.01244 0.85864
0.54915 0.48014
0.77596 0.91492
0.95056 0.71899
0.91812 0.83333
0.73040 0.35105
0.03602 0.30539
0.88033 0.68293
0.60730 0.11488
0.79987 0.90638
0.84096 0.55937
0.24891 0.97073
0.99703 0.74890
0.97780 0.62216
0.66152 0.29646
0.59551 0.88088
0.99024 0.56453
0.96018 0.34462
0.20093 0.97040
0.74668 0.98765
0.51150 0.24343
0.38262 0.88188
0.46679 0.25570
0.66313 0.84014
0.10755 0.17615
0.49959 0.38660
0.98512 0.41756
0.80336 0.63885
0.60275 0.52530
0.69199 0.01697
0.16043 0.95027
0.31057 0.89800
0.95424 0.71798
0.26356 0.18770
0.37637 0.87347
0.74426 0.71939
0.18981 0.18479
0.66692 0.40783
0.64169 0.07737
0.16996 0.56524
0.52771 0.59467
0.11321 0.36467
0.77620 0.66418
0.41394 0.54375
0.92004 0.99927
0.49111 0.13325
0.20515 0.73111
0.13552 0.99004
0.57824 0.82461
0.89066 0.99083
0.68904 0.06293
0.24111 0.27076
0.68374 0.86663
0.51968 0.58360
0.04504 0.41856
0.15817 0.26857
0.21274 0.45407
0.40497 0.11929
0.18874 0.18445
0.80248 0.14961
0.99494 0.28021
0.95498 0.56958
0.66768 0.11995
0.85100 0.30562
0.78701 0.94497
0.97817 0.46944
0.76733 0.13163
0.33219 0.39909
0.24110 0.60344
0.93450 0.98292
0.32379 0.45822
0.74852 0.60981
0.65941 0.41500
0.87941 0.66811
0.55720 0.70948
0.39538 0.37963
0.19713 0.48493
0.69354 0.31595
0.03525 0.48730
0.77082 0.55154
0.89951 0.62161
0.63626 0.59881
0.79526 0.12786
0.77009 0.43444
0.26643 0.47932
0.12827 0.08461
0.53202 0.03163
0.64048 0.55774
0.32794 0.29158
0.34321 0.32884
0.77498 0.03667
0.02049 0.99362
0.60505 0.43081
0.33023 0.03716
0.22156 0.29289
0.13285 0.65773
0.82156 0.67204
0.15892 0.54397
0.43252 0.02487
0.74703 0.75766
0.91456 0.88691
0.06422 0.37852
0.04214 0.20646
0.08435 0.91197
0.20853 0.07304
0.05453 0.56522
0.11731 0.26513
0.71132 0.18578
0.18280 0.68700
0.41859 0.20069
0.79016 0.39028
0.91486 0.52870
0.89849 0.48177
0.01255 0.93707
0.55472 0.15264
0.81435 0.21651
0.99376 0.70896
0.67624 0.15015
0.89060 0.48557
0.07008 0.43368
0.78286 0.32267
0.04117 0.16328
0.04141 0.67077
0.78591 0.46696
0.17987 0.07123
0.05533 0.89194
0.60647 0.25228
0.05638 0.98032
0.33626 0.53064
0.06606 0.82342
0.41734 0.57260
0.36809 0.62694
0.75515 0.08019
0.91493 0.70851
0.21229 0.68645
