0.65750 0.61137
0.16168 0.56995
0.21148 0.59634
0.25347 0.27212
0.25088 0.18108
0.82693 0.46502
0.19942 0.94069
0.06202 0.46093
0.97249 0.76907
0.85251 0.41428
0.42891 0.74211
0.65367 0.45785
0.10331 0.02406
0.47179 0.65648
0.34971 0.30000
0.82428 0.30158
0.73706 0.02452
0.13538 0.08204
0.54663 0.39672
0.61094 0.53904
0.40248 0.44594
0.04500 0.15611
0.17670 0.88101
0.13152 0.30288
0.53139 0.99685
0.51536 0.91078
0.91495 0.90411
0.79709 0.37427
0.68205 0.12893
0.92933 0.76575
0.50567 0.11799
0.95680 0.31286
0.39837 0.83031
0.74824 0.17738
0.30076 0.13756
0.69841 0.11258
0.07033 0.93690
0.14494 0.90940
0.99788 0.30252
0.08778 0.17490
0.92112 0.66426
0.96487 0.70240
0.96892 0.91582
0.70046 0.77952
0.65487 0.77044
0.33168 0.44140
0.77262 0.86245
0.57942 0.35989
0.33242 0.26228
0.05086 0.38238
0.03806 0.28193
0.28378 0.23555
0.02285 0.05492
0.69562 0.73626
0.24150 0.28414
0.03855 0.75204
0.98479 0.00759
0.97066 0.55683
0.64432 0.61083
0.56115 0.41756
0.36657 0.56475
0.81953 0.61663
0.78846 0.34128
0.31459 0.84962
0.02328 0.35295
0.85345 0.64069
0.50629 0.15561
0.69264 0.44656
0.26825 0.39850
0.34192 0.15156
0.45407 0.10542
0.13229 0.66417
0.84194 0.36393
0.35315 0.27130
0.02688 0.73934
0.26742 0.04199
0.89466 0.93025
0.26749 0.30565
0.33179 0.30260
0.72157 0.55227
0.65079 0.41482
0.05195 0.36060
0.86377 0.98414
0.75110 0.91665
0.77342 0.96601
0.93275 0.98453
0.17602 0.24900
0.78513 0.89837
0.50193 0.41604
0.29362 0.19461
0.07392 0.06207
0.83305 0.24813
0.57236 0.85656
0.09523 0.28436
0.04216 0.66069
0.52233 0.88295
0.80074 0.03831
0.39950 0.17841
0.98132 0.93627
0.26943 0.45897
0.51175 0.87527
0.91314 0.48023
0.44610 0.54151
0.64783 0.65395
0.76967 0.96194
0.61588 0.85177
0.04473 0.44324
0.98068 0.81572
0.86472 0.39088
0.13984 0.95393
0.08607 0.00543
0.84081 0.67236
0.57333 0.65971
0.68892 0.70421
0.34117 0.11513
0.46969 0.16088
0.78937 0.52262
0.24921 0.05142
0.54624 0.82973
0.27633 0.49290
0.03597 0.05360
0.82754 0.69654
0.22337 0.34950
0.19596 0.43164
0.90802 0.76633
0.10423 0.50780
0.67665 0.29154
0.59412 0.06761
0.43730 0.58343
0.92885 0.62252
0.47423 0.32369
0.41343 0.24916
0.42310 0.75913
0.12485 0.14394
0.74732 0.91148
0.43286 0.32941
0.45751 0.42339
0.53877 0.39680
0.59759 0.89935
0.82933 0.46885
0.90150 0.73228
0.32251 0.28862
0.26532 0.67683
0.74319 0.02772
0.94953 0.56099
0.58877 0.87815
0.94309 0.17549
0.77025 0.19956
0.32229 0.07271
0.78754 0.75687
0.74453 0.12415
0.47826 0.73990
0.59285 0.40191
0.75668 0.56478
0.75925 0.20190
0.51302 0.10626
0.26032 0.20509
0.26314 0.70021
0.08413 0.05584
0.41204 0.95579
0.92908 0.94831
0.02704 0.42203
0.79253 0.82495
0.34743 0.98950
0.78856 0.11191
0.20268 0.90212
0.61001 0.09948
0.53958 0.94678
0.52873 0.73291
0.29456 0.51548
0.28086 0.53662
0.96094 0.66482
0.44729 0.13995
0.43504 0.67082
0.32602 0.51921
0.64035 0.34973
0.02292 0.70102
0.44669 0.52166
0.88892 0.66162
0.18485 0.78049
0.54209 0.61574
0.60746 0.53048
0.90015 0.62699
0.21596 0.61148
0.71113 0.83210
0.66433 0.39036
0.27445 0.04286
0.13861 0.83039
0.82400 0.01386
0.26026 0.53732
0.16369 0.22544
0.64488 0.09765
0.72335 0.09938
0.83522 0.71996
0.57057 0.42630
0.72148 0.96797
0.56015 0.67892
0.66862 0.59163
0.16740 0.20465
0.79605 0.04942
0.76676 0.49534
0.35818 0.04643
0.38760 0.28372
0.38212 0.80099
0.96954 0.85242
0.98158 0.83893
0.85304 0.08042
0.19445 0.94187
0.16742 0.66035
0.69734 0.17237
0.97794 0.92056
0.97603 0.01978
0.43125 0.86537
0.03375 0.64211
0.52468 0.42275
0.22396 0.08869
0.34080 0.59846
0.55775 0.45531
0.88112 0.86467
0.76996 0.23093
0.93137 0.12088
0.00057 0.92274
0.84545 0.30071
0.07067 0.46199
0.78283 0.79880
0.78642 0.34289
0.75671 0.23586
0.86941 0.03132
0.00538 0.48200
0.94481 0.32138
0.69623 0.85448
0.05913 0.85985
0.35453 0.73931
0.15690 0.76740
0.28023 0.54353
0.28932 0.11414
0.22311 0.77854
0.91482 0.15268
0.84084 0.73218
0.75963 0.61812
0.33977 0.21170
0.85897 0.50864
0.45879 0.71913
0.87888 0.12168
0.88135 0.37893
0.65728 0.65344
0.11992 0.33346
0.58393 0.69879
0.72270 0.33930
0.63220 0.79817
0.17496 0.75659
0.96531 0.84570
0.82293 0.70220
0.74608 0.20751
0.64657 0.82485
0.00561 0.31191
