0.59775 0.76961
0.69759 0.49124
0.02137 0.59407
0.73934 0.15924
0.66778 0.99636
0.05479 0.25375
0.83124 0.67060
0.31233 0.08841
0.47959 0.51941
0.61738 0.39721
0.20229 0.49935
0.90276 0.58090
0.19209 0.96219
0.53313 0.67002
0.86363 0.05768
0.12061 0.02849
0.15526 0.31525
0.13189 0.36505
0.24117 0.38108
0.22553 0.70898
0.87984 0.47026
0.17925 0.05071
0.38344 0.57976
0.82776 0.75068
0.97628 0.13830
0.52903 0.40483
0.60596 0.74093
0.11215 0.33795
0.78116 0.04430
0.50495 0.90598
0.89745 0.79865
0.54836 0.73361
0.48202 0.31486
0.19806 0.91515
0.51731 0.22885
0.88727 0.29735
0.67260 0.28746
0.88679 0.49873
0.16250 0.51458
0.10813 0.32039
0.18518 0.52227
0.84094 0.81648
0.81796 0.47812
0.73660 0.82955
0.73763 0.03219
0.99873 0.01004
0.68176 0.74486
0.95665 0.80485
0.27267 0.58103
0.90031 0.88779
0.30417 0.21659
0.60114 0.35398
0.16580 0.77345
0.94685 0.13915
0.64524 0.78115
0.98909 0.39232
0.89280 0.63727
0.18164 0.71425
0.92527 0.64558
0.37928 0.94583
0.74047 0.72256
0.89134 0.84022
0.51086 0.08592
0.52492 0.24568
0.74466 0.30512
0.03536 0.37916
0.84758 0.23447
0.84452 0.41272
0.18866 0.30397
0.27527 0.44658
0.07592 0.90104
0.71497 0.34619
0.08866 0.00523
0.65634 0.48049
0.92831 0.28919
0.70875 0.42837
0.29912 0.49408
0.39799 0.12705
0.30360 0.63824
0.84098 0.27646
0.38439 0.99621
0.60638 0.90659
0.80795 0.48317
0.10510 0.66249
0.62788 0.19700
0.40758 0.20638
0.31596 0.32087
0.83842 0.04209
0.30784 0.29283
0.65815 0.83368
0.07555 0.21922
0.61537 0.02269
0.91990 0.86976
0.38876 0.07134
0.75720 0.19598
0.08043 0.56133
0.23861 0.26789
0.32638 0.28752
0.72651 0.49994
0.23839 0.43977
0.66816 0.99381
0.62817 0.67818
0.20547 0.52320
0.71092 0.71330
0.98686 0.39413
0.76574 0.09066
0.90233 0.66777
0.44486 0.63634
0.24983 0.59901
0.50354 0.57033
0.10466 0.91335
0.15241 0.96857
0.47219 0.21090
0.73791 0.30523
0.77164 0.57972
0.63688 0.40887
0.97869 0.57306
0.37274 0.65866
0.33882 0.19352
0.54561 0.52621
0.53112 0.16066
0.01361 0.81205
0.38128 0.54019
0.29046 0.22300
0.10306 0.80668
0.72834 0.58620
0.46067 0.96607
0.30356 0.80089
0.49131 0.03521
0.01587 0.84096
0.24940 0.28060
0.53565 0.24532
0.64940 0.69143
0.07568 0.61404
0.81400 0.79098
0.55259 0.90135
0.89691 0.31931
0.78618 0.26726
0.73069 0.39302
0.76134 0.31972
0.36272 0.98562
0.54685 0.46365
0.85708 0.68871
0.15180 0.67141
0.02239 0.43732
0.35814 0.03265
0.82774 0.32979
0.70445 0.27876
0.56187 0.57418
0.66855 0.63215
0.21548 0.39263
0.00799 0.14200
0.89704 0.32360
0.80966 0.88048
0.00423 0.71173
0.78058 0.00851
0.75332 0.32373
0.44268 0.21790
0.55269 0.95136
0.93416 0.69712
0.48949 0.75808
0.86615 0.54425
0.95039 0.11163
0.91610 0.53866
0.45878 0.70193
0.95491 0.58013
0.31049 0.99386
0.52269 0.42841
0.11740 0.84971
0.91662 0.21643
0.25292 0.43903
0.41040 0.18197
0.40415 0.54108
0.11738 0.69497
0.91614 0.04499
0.19099 0.28426
0.13310 0.14534
0.10947 0.28033
0.57283 0.16137
0.57339 0.44104
0.25245 0.67737
0.19507 0.96105
0.71088 0.22967
0.25752 0.89519
0.56419 0.19733
0.10329 0.67383
0.28556 0.78393
0.28096 0.27561
0.51124 0.90406
0.89879 0.66899
0.80265 0.71523
0.93578 0.10688
0.05666 0.48600
0.99108 0.65796
0.02243 0.83235
0.78320 0.19687
0.81839 0.68450
0.82906 0.36609
0.57680 0.71527
0.49068 0.02918
0.97068 0.52849
0.22186 0.02851
0.03829 0.17064
0.79537 0.31844
0.76278 0.82572
0.75476 0.19528
0.96543 0.67404
0.98209 0.81506
0.43061 0.45892
0.69302 0.95008
0.00505 0.33094
0.83815 0.85196
0.97536 0.78860
0.53260 0.50525
0.55983 0.50176
0.92186 0.29713
0.85237 0.34134
0.47271 0.51448
0.03553 0.50415
0.61476 0.54061
0.88894 0.77639
0.52882 0.29576
0.10595 0.52266
0.96179 0.26881
0.35242 0.38482
0.70814 0.03977
0.17968 0.94704
0.55997 0.97924
0.00669 0.63891
0.18534 0.48049
0.80484 0.06348
0.88289 0.92563
0.73023 0.73480
0.34459 0.35780
0.63652 0.30734
0.71074 0.03648
0.01233 0.08198
0.77011 0.47504
0.68262 0.27167
0.15315 0.89638
0.54814 0.49429
0.68071 0.85394
0.79631 0.18302
0.26321 0.09874
0.32365 0.86520
0.46340 0.41759
0.41540 0.85094
0.78740 0.49655
0.20212 0.49693
0.54488 0.77937
0.64601 0.56710
0.64298 0.71460
0.21116 0.88713
0.15601 0.67436
0.21260 0.67742
0.81106 0.13396
