0.67380 0.78581
0.96347 0.27303
0.01240 0.88529
0.56950 0.91295
0.65473 0.55297
0.75005 0.72685
0.74644 0.84832
0.39374 0.71453
0.31038 0.38011
0.02645 0.92553
0.81787 0.93425
0.03276 0.51680
0.04729 0.71564
0.09098 0.54298
0.40808 0.46109
0.80709 0.94398
0.02756 0.27244
0.83813 0.17366
0.01332 0.49955
0.44889 0.26002
0.13575 0.20251
0.10920 0.72561
0.76520 0.64453
0.00860 0.58662
0.30068 0.39919
0.63529 0.57272
0.15408 0.78933
0.03490 0.51610
0.45632 0.81207
0.43642 0.85712
0.34183 0.18635
0.63249 0.17891
0.96810 0.07269
0.29291 0.27109
0.56002 0.48558
0.26100 0.21315
0.06209 0.40922
0.58621 0.77302
0.60544 0.05441
0.72513 0.54115
0.65281 0.70850
0.86167 0.11664
0.24024 0.97504
0.22962 0.09128
0.83067 0.07023
0.17857 0.31688
0.31878 0.49662
0.86241 0.29561
0.55960 0.23060
0.39289 0.05516
0.51836 0.86072
0.17630 0.93828
0.24191 0.97217
0.49827 0.67194
0.26876 0.87899
0.19903 0.28546
0.95999 0.39831
0.96661 0.56963
0.59019 0.82306
0.42182 0.70707
0.49475 0.90144
0.44407 0.46430
0.96659 0.36257
0.12795 0.99222
0.53657 0.99651
0.46473 0.39646
0.55171 0.97066
0.80165 0.64436
0.35873 0.68262
0.72990 0.59922
0.67835 0.64032
0.32082 0.51582
0.87408 0.04874
0.59765 0.86573
0.54666 0.91104
0.32399 0.97757
0.78551 0.63766
0.22469 0.63616
0.53819 0.15837
0.51101 0.13556
0.73420 0.23529
0.07474 0.61781
0.75633 0.27115
0.76452 0.78208
0.39143 0.05577
0.73700 0.39898
0.17092 0.63020
0.84507 0.68009
0.41568 0.10151
0.58269 0.33932
0.17337 0.03066
0.83431 0.97233
0.20870 0.90683
0.97314 0.93413
0.49400 0.20788
0.92602 0.54230
0.88221 0.02646
0.67220 0.72882
0.91050 0.83975
0.06653 0.23143
0.02730 0.78954
0.45569 0.76296
0.19400 0.29307
0.30397 0.81213
0.43701 0.31932
0.45314 0.12983
0.30905 0.01487
0.15205 0.00698
0.27028 0.68590
0.08274 0.29638
0.99455 0.68713
0.90953 0.74979
0.66228 0.94998
0.29030 0.22513
0.27730 0.27617
0.40197 0.78415
0.45604 0.85025
0.29312 0.31881
0.56199 0.95458
0.30824 0.66259
0.38256 0.58818
0.63764 0.79533
0.63053 0.18306
0.86721 0.58905
0.36410 0.07942
0.63806 0.41743
0.75398 0.81041
0.35149 0.40873
0.57834 0.66661
0.31702 0.00208
0.72714 0.77137
0.85384 0.66970
0.28965 0.63403
0.44370 0.87127
0.86097 0.99432
0.05175 0.09855
0.51476 0.94938
0.39128 0.41083
0.53708 0.13258
0.03645 0.00484
0.37252 0.49388
0.59059 0.62610
0.54695 0.08146
0.75324 0.52302
0.44305 0.54918
0.91017 0.75478
0.22673 0.05295
0.00513 0.89297
0.70241 0.01660
0.51448 0.57443
0.61305 0.27935
0.77954 0.42541
0.59662 0.77412
0.81209 0.16746
0.37348 0.52547
0.43781 0.75348
0.56545 0.12988
0.46464 0.81304
0.74011 0.94204
0.10723 0.65124
0.57167 0.70479
0.29477 0.41138
0.73508 0.28955
0.67312 0.18305
0.23340 0.74695
0.08209 0.21836
0.25705 0.93683
0.25395 0.89011
0.36762 0.76215
0.49183 0.85947
0.34149 0.53583
0.35099 0.78998
0.68476 0.40184
0.36978 0.11764
0.52542 0.37565
0.02372 0.55071
0.12366 0.69283
0.15038 0.04209
0.29512 0.91658
0.40985 0.83400
0.44486 0.52578
0.19853 0.39613
0.71361 0.01090
0.30638 0.94533
0.56913 0.28328
0.31589 0.67156
0.78540 0.02074
0.47857 0.59286
0.21267 0.38701
0.03571 0.54270
0.40469 0.97949
0.16951 0.98316
0.28338 0.26135
0.60543 0.03283
0.75161 0.98334
0.66308 0.16703
0.52379 0.10300
0.65818 0.70110
0.19610 0.97564
0.14344 0.87218
0.49878 0.92058
0.48683 0.29604
0.23043 0.86830
0.67384 0.12431
0.78801 0.37941
0.10804 0.07275
0.78733 0.23833
0.86631 0.95593
0.78549 0.22654
0.81382 0.08097
0.90344 0.13621
0.76939 0.11766
0.45026 0.94679
0.40382 0.93140
0.34875 0.84189
0.69585 0.25659
0.84075 0.61874
0.52300 0.57651
0.86862 0.19073
0.48071 0.05306
0.52887 0.33730
0.21264 0.87357
0.05379 0.74889
0.38202 0.79165
0.37166 0.99444
0.40652 0.74803
0.99304 0.82101
0.79034 0.19225
0.04212 0.98272
0.25514 0.98794
0.28065 0.22688
0.89290 0.26567
0.68396 0.29656
0.84457 0.09771
0.51116 0.42868
0.64125 0.18316
0.79373 0.33541
0.15433 0.97307
0.77593 0.87401
0.37238 0.42934
0.90923 0.34272
0.05769 0.17482
0.13567 0.61100
0.83668 0.73514
0.86705 0.91744
0.62363 0.63345
0.53240 0.19209
0.22540 0.69157
0.77562 0.55411
0.01445 0.03441
0.76837 0.40074
0.23168 0.07019
0.35264 0.62284
0.81114 0.51503
0.07196 0.34643
0.54623 0.10687
