0.13918 0.07901
0.05303 0.65759
0.02152 0.31391
0.81174 0.98024
0.27706 0.93244
0.78134 0.67000
0.19311 0.82688
0.31145 0.16831
0.70261 0.81974
0.15059 0.61382
0.19874 0.52979
0.31332 0.67568
0.52156 0.91779
0.17541 0.70183
0.28497 0.56290
0.32188 0.28413
0.17570 0.95787
0.50897 0.21980
0.80654 0.69452
0.84945 0.25407
0.97848 0.05637
0.63470 0.65664
0.25228 0.16478
0.82790 0.70769
0.68776 0.90512
0.97698 0.74067
0.66607 0.54433
0.56558 0.57497
0.41844 0.24007
0.71544 0.26036
0.01989 0.74497
0.33543 0.50224
0.46532 0.40268
0.91974 0.41507
0.63114 0.85257
0.37390 0.60731
0.22065 0.18032
0.77192 0.86441
0.03003 0.87189
0.53763 0.37464
0.24732 0.71205
0.83146 0.02371
0.12214 0.62845
0.67003 0.07696
0.46311 0.70056
0.19467 0.01790
0.97940 0.67709
0.14969 0.84718
0.00074 0.98846
0.96129 0.66022
0.78801 0.83438
0.47380 0.37153
0.46069 0.55549
0.83516 0.31494
0.67183 0.40501
0.74655 0.43354
0.78036 0.63041
0.33057 0.22628
0.90203 0.96488
0.37299 0.49833
0.47755 0.48196
0.27897 0.06407
0.86493 0.14663
0.55607 0.58335
0.98693 0.52300
0.58270 0.88175
0.30122 0.09411
0.01193 0.67091
0.40077 0.25379
0.05354 0.63427
0.53716 0.78962
0.14785 0.81165
0.54090 0.94944
0.35365 0.93814
0.74845 0.27504
0.19619 0.47226
0.03122 0.53602
0.87835 0.29332
0.94370 0.63452
0.30849 0.32306
0.70512 0.29612
0.16272 0.16744
0.73055 0.50298
0.87834 0.09975
0.00472 0.10804
0.81012 0.36649
0.65722 0.82006
0.67400 0.93868
0.72407 0.78200
0.94384 0.21493
0.36668 0.84898
0.02055 0.19878
0.49092 0.38804
0.39324 0.45051
0.29335 0.44290
0.50642 0.17451
0.89121 0.50861
0.14077 0.21267
0.62544 0.73119
0.49588 0.67472
0.75036 0.10819
0.32575 0.28458
0.99303 0.81992
0.28231 0.14122
0.83245 0.09516
0.38944 0.85962
0.71584 0.80134
0.69587 0.27319
0.37688 0.83632
0.50393 0.98442
0.74145 0.45622
0.61647 0.99149
0.81820 0.75967
0.88664 0.36225
0.20557 0.12638
0.80426 0.48090
0.13117 0.22417
0.16242 0.47992
0.16396 0.37570
0.17734 0.88237
0.77856 0.75636
0.26915 0.66145
0.57844 0.65960
0.86317 0.18373
0.18102 0.03780
0.82850 0.26077
0.30748 0.11809
0.55278 0.01873
0.31954 0.97625
0.64114 0.33436
0.87717 0.49515
0.79653 0.36548
0.30363 0.63268
0.75306 0.13694
0.83319 0.99419
0.99164 0.92384
0.13220 0.77345
0.15415 0.79042
0.17628 0.10275
0.26143 0.10623
0.19697 0.07804
0.02587 0.67592
0.63701 0.37070
0.16051 0.23377
0.86465 0.26274
0.41888 0.89233
0.94199 0.15370
0.00098 0.12074
0.58098 0.75428
0.08675 0.31431
0.55190 0.71303
0.68260 0.80242
0.02735 0.82569
0.87319 0.66752
0.71285 0.26869
0.33441 0.45594
0.08227 0.13348
0.05066 0.84022
0.42909 0.43169
0.57659 0.06215
0.67653 0.56378
0.49850 0.72739
0.81392 0.98101
0.74125 0.46453
0.40447 0.37681
0.65242 0.89223
0.59958 0.51600
0.36632 0.86614
0.17033 0.81440
0.98592 0.20291
0.79471 0.35286
0.58713 0.19489
0.56303 0.62352
0.82045 0.73190
0.79953 0.48148
0.60046 0.60699
0.43499 0.74546
0.39626 0.60404
0.36867 0.34971
0.24638 0.52505
0.62333 0.98254
0.84549 0.78445
0.04138 0.13865
0.78154 0.28160
0.29451 0.98135
0.09793 0.74610
0.36793 0.78803
0.73505 0.40578
0.08706 0.02081
0.43311 0.10383
0.95558 0.16572
0.85537 0.42323
0.09881 0.79736
0.84402 0.00098
0.84780 0.44132
0.49170 0.45992
0.45592 0.82052
0.84543 0.63771
0.65217 0.56598
0.63414 0.24057
0.41509 0.83800
0.41621 0.02911
0.60580 0.36223
0.00313 0.24673
0.89867 0.54729
0.59829 0.47955
0.47353 0.70359
0.84912 0.16819
0.92453 0.87264
0.07405 0.24172
0.56635 0.38896
0.81783 0.94413
0.81656 0.59107
0.37649 0.32488
0.56899 0.68902
0.32354 0.47484
0.64974 0.98801
0.64507 0.57429
0.16511 0.11605
0.47899 0.97186
0.13114 0.33140
0.85297 0.14670
0.08221 0.06044
0.22126 0.51560
0.54949 0.83373
0.95406 0.56080
0.35322 0.16214
0.77476 0.40638
0.11014 0.82101
0.85102 0.03552
0.67191 0.56722
0.46625 0.75449
0.82913 0.19131
0.61494 0.35698
0.81939 0.65545
0.34631 0.15519
0.03378 0.01758
0.77840 0.00352
0.94774 0.79709
0.04390 0.27663
0.10547 0.00749
0.22322 0.28065
0.39951 0.01543
0.43902 0.57919
0.44574 0.97720
0.02642 0.80879
0.21066 0.39957
0.58470 0.52553
0.83955 0.05680
0.46614 0.15807
0.71719 0.25695
0.97035 0.75903
0.96850 0.05521
0.31681 0.05273
0.51092 0.74729
0.52483 0.33448
