0.16256 0.69436
0.85484 0.79361
0.31499 0.68350
0.48166 0.25263
0.73837 0.57754
0.54318 0.68576
0.89252 0.41212
0.19668 0.62140
0.86325 0.71586
0.01917 0.37315
0.01503 0.19969
0.17435 0.44150
0.43360 0.40179
0.13071 0.24314
0.83565 0.00766
0.57782 0.50194
0.13675 0.54910
0.11265 0.52297
0.52610 0.92790
0.10724 0.20437
0.89405 0.19566
0.20665 0.93866
0.82400 0.33384
0.62134 0.68053
0.00590 0.08993
0.10788 0.39205
0.09189 0.90253
0.51840 0.47648
0.84866 0.30364
0.42149 0.88918
0.40652 0.94710
0.99792 0.60213
0.73964 0.07087
0.06568 0.60808
0.03377 0.47084
0.82625 0.47417
0.16286 0.67630
0.16051 0.39929
0.95725 0.55267
0.10651 0.93868
0.91932 0.15162
0.33915 0.92710
0.63555 0.08871
0.62927 0.52744
0.56690 0.77953
0.32554 0.34215
0.81194 0.86031
0.97442 0.21698
0.08211 0.51140
0.21246 0.38858
0.32767 0.37165
0.85960 0.82462
0.50470 0.20189
0.40933 0.51230
0.89729 0.14886
0.88383 0.52789
0.42617 0.69272
0.77980 0.87250
0.78981 0.08922
0.53673 0.42926
0.73176 0.97515
0.69618 0.15297
0.07462 0.28935
0.06399 0.33708
0.14350 0.90671
0.98068 0.87557
0.76215 0.06580
0.09334 0.81439
0.73286 0.35996
0.42741 0.18567
0.31305 0.36180
0.36600 0.48541
0.55801 0.57859
0.97951 0.12889
0.73535 0.83842
0.90335 0.57113
0.57187 0.08107
0.54870 0.63424
0.11827 0.75092
0.28083 0.92952
0.62304 0.45074
0.02888 0.81197
0.49434 0.13685
0.35250 0.66567
0.03292 0.92013
0.63298 0.56971
0.28348 0.53243
0.39879 0.62476
0.20558 0.81940
0.03633 0.72678
0.29020 0.39412
0.13489 0.17265
0.36629 0.16810
0.34803 0.38921
0.29535 0.50930
0.54401 0.13094
0.31019 0.40283
0.36651 0.66934
0.98391 0.17174
0.59422 0.01135
0.35249 0.08873
0.49395 0.81558
0.43492 0.06040
0.41804 0.12694
0.79589 0.25245
0.14079 0.90212
0.07660 0.44711
0.34037 0.57040
0.23227 0.52069
0.22026 0.86511
0.96646 0.15864
0.21205 0.38403
0.94382 0.46523
0.79219 0.21250
0.33887 0.40305
0.58752 0.11075
0.22945 0.05098
0.46061 0.10891
0.39201 0.82589
0.53996 0.57803
0.32391 0.86183
0.55586 0.01326
0.72480 0.16656
0.47882 0.94466
0.74106 0.98369
0.79527 0.00820
0.14870 0.69711
0.22610 0.93471
0.33584 0.49604
0.62633 0.04324
0.05035 0.07208
0.72893 0.03244
0.93825 0.53562
0.47239 0.03750
0.47601 0.52888
0.68582 0.89256
0.32998 0.89006
0.32915 0.93813
0.28755 0.65547
0.21354 0.82518
0.02610 0.60470
0.78207 0.52133
0.03648 0.31879
0.28387 0.43000
0.66277 0.65628
0.98706 0.74228
0.83249 0.29253
0.21237 0.97255
0.51503 0.48452
0.77963 0.76014
0.20909 0.60493
0.86117 0.55850
0.81694 0.14630
0.02958 0.98501
0.06621 0.56824
0.20199 0.91723
0.08952 0.98880
0.22859 0.94086
0.35213 0.01709
0.48494 0.91111
0.25635 0.15107
0.45013 0.02830
0.03963 0.11504
0.14449 0.67048
0.71954 0.78858
0.63187 0.52967
0.91296 0.04357
0.40594 0.92678
0.90193 0.07549
0.14887 0.58083
0.51918 0.69896
0.26748 0.47981
0.94557 0.41411
0.94194 0.07854
0.06443 0.19211
0.42388 0.88831
0.29207 0.28102
0.93725 0.84448
0.71765 0.47215
0.38598 0.05431
0.11768 0.83100
0.59276 0.97243
0.80843 0.21604
0.52191 0.07395
0.88642 0.20654
0.07273 0.21146
0.56367 0.80028
0.31066 0.07866
0.35555 0.18778
0.97568 0.60738
0.46819 0.44890
0.89515 0.06503
0.09383 0.46210
0.64298 0.71207
0.09647 0.80230
0.48614 0.10596
0.35427 0.83898
0.58468 0.72255
0.18772 0.88977
0.29903 0.83431
0.37869 0.44652
0.48117 0.07051
0.42277 0.43358
0.60887 0.22638
0.88445 0.80604
0.54337 0.91546
0.06280 0.00295
0.49823 0.03980
0.37412 0.46255
0.56791 0.89906
0.66016 0.44494
0.38695 0.52411
0.68378 0.81666
0.74070 0.83357
0.10526 0.67779
0.79744 0.29958
0.01766 0.52210
0.35990 0.04166
0.45785 0.29555
0.34747 0.02817
0.02492 0.59473
0.16904 0.39059
0.14276 0.35823
0.38216 0.79146
0.37419 0.59684
0.70514 0.85607
0.84294 0.94015
0.41479 0.32218
0.95058 0.34093
0.05777 0.50032
0.76330 0.79220
0.26294 0.55030
0.12081 0.53750
0.77043 0.09348
0.36830 0.76747
0.98604 0.15862
0.62990 0.92202
0.13604 0.55675
0.53104 0.75399
0.99758 0.78504
0.17220 0.10484
0.08379 0.51275
0.27344 0.93286
0.47450 0.84228
0.28310 0.73193
0.20803 0.69210
0.14746 0.75493
0.15681 0.24268
0.42685 0.81035
0.38832 0.65418
0.35625 0.66054
0.32517 0.28168
0.84992 0.94549
0.27519 0.72642
0.63832 0.65986
0.47125 0.82580
