0.38701 0.59083
0.23718 0.54342
0.62037 0.90864
0.61072 0.14289
0.98068 0.26071
0.54884 0.98062
0.84185 0.96198
0.40534 0.36185
0.67645 0.32448
0.45836 0.45544
0.21571 0.45849
0.25873 0.80966
0.47448 0.69242
0.12601 0.26061
0.10711 0.45369
0.02984 0.05167
0.90990 0.69632
0.28870 0.43997
0.92735 0.54569
0.35355 0.53150
0.73013 0.69104
0.19473 0.74720
0.53950 0.82120
0.12019 0.01264
0.46795 0.22365
0.79976 0.66018
0.79836 0.15856
0.71577 0.30113
0.70531 0.88666
0.36934 0.94090
0.11278 0.08774
0.52291 0.88275
0.50435 0.90323
0.39427 0.90215
0.22675 0.81601
0.53477 0.25891
0.96475 0.36527
0.32282 0.69281
0.12698 0.83200
0.67039 0.08947
0.04910 0.52983
0.19794 0.63513
0.45490 0.06624
0.18931 0.61215
0.24250 0.45546
0.23459 0.59135
0.07657 0.38544
0.83235 0.10425
0.49385 0.47023
0.17124 0.67065
0.53462 0.64005
0.47534 0.15721
0.63811 0.14299
0.39294 0.89962
0.05265 0.52996
0.15749 0.50329
0.23245 0.86468
0.67144 0.72069
0.95899 0.64263
0.11241 0.92057
0.24067 0.09041
0.72784 0.52748
0.06586 0.74502
0.05981 0.31640
0.27751 0.15592
0.33821 0.01951
0.83729 0.60969
0.15368 0.85410
0.60633 0.88320
0.30567 0.95431
0.19844 0.08336
0.68485 0.33509
0.89445 0.85407
0.09084 0.77278
0.45286 0.93021
0.03923 0.18343
0.94956 0.33070
0.44516 0.39703
0.27322 0.67203
0.82788 0.81034
0.55689 0.75444
0.53355 0.84631
0.01211 0.92743
0.62415 0.04226
0.01863 0.12655
0.14889 0.10423
0.19308 0.68645
0.66736 0.22131
0.23413 0.42641
0.52783 0.95724
0.86850 0.60408
0.73091 0.04934
0.47536 0.51569
0.41677 0.01046
0.53992 0.16441
0.38880 0.86676
0.20143 0.40715
0.78996 0.58534
0.17916 0.97275
0.62074 0.18572
0.67376 0.96835
0.08438 0.94961
0.57236 0.64593
0.66237 0.84683
0.19490 0.27079
0.48457 0.88176
0.75812 0.65408
0.96950 0.04852
0.11518 0.47847
0.48997 0.21123
0.27101 0.24439
0.02770 0.52348
0.84178 0.87362
0.06865 0.30394
0.30955 0.95006
0.36086 0.82179
0.83501 0.05699
0.30340 0.05553
0.41694 0.66457
0.23334 0.16925
0.18168 0.36137
0.00589 0.36083
0.55695 0.80162
0.14484 0.46418
0.58898 0.55673
0.05226 0.24575
0.02822 0.73434
0.92777 0.27886
0.12299 0.66093
0.00469 0.14695
0.02917 0.87427
0.73269 0.57624
0.44064 0.69668
0.48734 0.16358
0.71775 0.72606
0.97737 0.64542
0.41618 0.70678
0.28321 0.47343
0.66163 0.84073
0.87638 0.38806
0.70208 0.50099
0.55703 0.95118
0.80018 0.45265
0.02551 0.79743
0.33409 0.68841
0.82641 0.97438
0.08865 0.21571
0.13139 0.36873
0.41657 0.30755
0.98361 0.06083
0.43391 0.11301
0.73229 0.74967
0.56086 0.94724
0.79802 0.60647
0.34731 0.60924
0.60741 0.19234
0.13578 0.55281
0.93115 0.06474
0.69415 0.92897
0.78156 0.61789
0.63726 0.25084
0.77999 0.24489
0.03760 0.67463
0.19082 0.96377
0.79954 0.43262
0.89669 0.08059
0.61937 0.69029
0.40801 0.29925
0.09030 0.03729
0.10562 0.25046
0.49737 0.71954
0.19524 0.62083
0.57970 0.46039
0.22191 0.44055
0.82995 0.72227
0.29345 0.65593
0.22347 0.39664
0.80892 0.20860
0.70580 0.23975
0.03624 0.62649
0.08308 0.82143
0.76959 0.00930
0.22834 0.02624
0.13123 0.53051
0.84070 0.75028
0.55844 0.08465
0.96898 0.84296
0.72423 0.29893
0.50518 0.26118
0.83221 0.18800
0.84991 0.06124
0.26435 0.79538
0.31456 0.96243
0.84699 0.06465
0.20039 0.18832
0.93853 0.60361
0.33236 0.97435
0.64859 0.25210
0.13459 0.56011
0.53013 0.26014
0.31538 0.23918
0.26259 0.04691
0.88871 0.60474
0.35720 0.81967
0.28352 0.63967
0.52722 0.34905
0.17646 0.43096
0.77219 0.06082
0.63230 0.42854
0.04168 0.89386
0.00472 0.02946
0.42964 0.90924
0.47568 0.75794
0.55099 0.03615
0.68913 0.29012
0.69263 0.62937
0.55756 0.60408
0.82189 0.92630
0.88090 0.92183
0.71196 0.27930
0.17460 0.71027
0.54168 0.11411
0.35960 0.92735
0.47364 0.44522
0.83258 0.73498
0.67769 0.55871
0.09356 0.51790
0.31726 0.80063
0.99135 0.99614
0.55970 0.44779
0.12369 0.89085
0.58427 0.99327
0.95476 0.39054
0.63439 0.90358
0.85350 0.10469
0.75105 0.59618
0.41253 0.44626
0.19204 0.27874
0.75661 0.24493
0.98530 0.08947
0.86569 0.07142
0.94584 0.49145
0.52787 0.55570
0.91493 0.43814
0.37878 0.18269
0.00424 0.36836
0.20535 0.09194
0.06766 0.86893
0.92089 0.26911
0.40955 0.30103
0.29517 0.83148
0.67374 0.48328
0.24190 0.77130
0.07339 0.24237
0.95707 0.76139
0.99643 0.00506
