0.59054 0.16210
0.04990 0.53773
0.98548 0.31179
0.13947 0.81422
0.26857 0.43917
0.98171 0.27583
0.74240 0.95106
0.51470 0.46415
0.78554 0.81493
0.93476 0.30855
0.70380 0.30286
0.01631 0.05698
0.26131 0.54318
0.49887 0.60651
0.43924 0.22083
0.14749 0.84218
0.25043 0.35108
0.01261 0.59060
0.91768 0.09263
0.62378 0.28793
0.89761 0.36148
0.89104 0.34572
0.16952 0.00006
0.31716 0.03538
0.31644 0.28062
0.90541 0.88372
0.24197 0.19245
0.25412 0.32823
0.91036 0.79766
0.16134 0.45052
0.34633 0.77063
0.33346 0.81538
0.31146 0.90174
0.63073 0.55043
0.78499 0.49939
0.86887 0.95466
0.60750 0.85531
0.75357 0.54011
0.69043 0.47385
0.47467 0.77658
0.07863 0.98616
0.35269 0.13015
0.55557 0.89065
0.96814 0.88553
0.41010 0.26591
0.95144 0.41085
0.45553 0.54550
0.17672 0.66066
0.18220 0.12532
0.33170 0.31502
0.89907 0.63238
0.01370 0.58068
0.33862 0.41249
0.36078 0.77414
0.15042 0.50231
0.75607 0.83617
0.69768 0.97834
0.99285 0.36006
0.79038 0.95161
0.65761 0.49410
0.37435 0.16978
0.61424 0.00235
0.06559 0.81117
0.88633 0.06501
0.00015 0.52414
0.62393 0.84816
0.61877 0.30592
0.23788 0.95012
0.03024 0.81721
0.34558 0.19595
0.43425 0.19832
0.85343 0.60444
0.21755 0.41547
0.57298 0.13705
0.10655 0.19043
0.24142 0.74427
0.84089 0.95310
0.56782 0.61526
0.04258 0.08672
0.69185 0.46623
0.65294 0.15189
0.50718 0.86546
0.36397 0.16645
0.46220 0.46746
0.21730 0.45425
0.07732 0.83170
0.71034 0.12412
0.36156 0.54981
0.48687 0.04599
0.01680 0.67716
0.46152 0.39393
0.42567 0.32152
0.29518 0.88653
0.30442 0.52811
0.21675 0.59655
0.12342 0.14328
0.65838 0.69329
0.37435 0.50792
0.86016 0.96890
0.63700 0.36417
0.63764 0.82204
0.80216 0.04251
0.24970 0.54854
0.38857 0.35160
0.91065 0.65471
0.10002 0.78666
0.67535 0.64681
0.88983 0.07231
0.58370 0.09046
0.12068 0.09368
0.93854 0.83458
0.61956 0.45174
0.69151 0.87408
0.88662 0.88936
0.02064 0.60976
0.53375 0.77309
0.23579 0.86198
0.76655 0.34656
0.93159 0.77477
0.38719 0.44235
0.15460 0.22031
0.20904 0.42856
0.74399 0.00395
0.45574 0.26209
0.44646 0.31940
0.15310 0.69704
0.24452 0.12651
0.12766 0.10754
0.53584 0.81557
0.68566 0.25898
0.26883 0.38281
0.33576 0.96136
0.28115 0.17599
0.79233 0.09447
0.00349 0.18689
0.53999 0.66247
0.07230 0.87207
0.43111 0.54463
0.97491 0.75575
0.58145 0.35424
0.27544 0.47639
0.86774 0.88371
0.41271 0.30192
0.45198 0.48460
0.38440 0.13217
0.04110 0.24377
0.99844 0.74221
0.24238 0.16804
0.49729 0.79973
0.16657 0.09028
0.65619 0.20577
0.19759 0.66617
0.45414 0.06789
0.91546 0.72724
0.67109 0.73445
0.77044 0.86377
0.84371 0.00922
0.83775 0.59227
0.67980 0.88407
0.19810 0.53424
0.28273 0.76965
0.85889 0.01237
0.07495 0.89836
0.26714 0.45710
0.73427 0.55060
0.00942 0.22456
0.58234 0.94513
0.05105 0.46852
0.50938 0.27563
0.29434 0.99653
0.96030 0.16273
0.76470 0.15355
0.70365 0.80036
0.83586 0.75551
0.48578 0.93590
0.37563 0.14469
0.75798 0.96139
0.31420 0.05986
0.66275 0.90358
0.53380 0.97940
0.50107 0.95376
0.40533 0.16184
0.87532 0.69644
0.33853 0.60299
0.81690 0.66717
0.82627 0.50699
0.25410 0.32389
0.56295 0.84887
0.91826 0.99908
0.17541 0.95513
0.53266 0.53716
0.52666 0.34450
0.80534 0.85921
0.41195 0.14165
0.61534 0.28566
0.35441 0.26616
0.02337 0.09965
0.19600 0.30191
0.39472 0.92521
0.19219 0.46936
0.77655 0.72449
0.45525 0.97119
0.08389 0.65431
0.20237 0.98011
0.23559 0.54870
0.90254 0.68765
0.80520 0.52695
0.23108 0.31170
0.63083 0.02813
0.18585 0.25264
0.29422 0.25571
0.71982 0.61231
0.85682 0.52269
0.76009 0.64237
0.97662 0.20639
0.14511 0.77617
0.41936 0.17661
0.15793 0.40028
0.61087 0.93514
0.74760 0.41229
0.23094 0.16687
0.77141 0.42693
0.77565 0.15427
0.18650 0.39923
0.92929 0.81426
0.77991 0.45336
0.99250 0.39052
0.40022 0.65318
0.62610 0.35180
0.89598 0.04011
0.75732 0.60661
0.81141 0.22088
0.34221 0.14890
0.56498 0.20182
0.93323 0.31751
0.31240 0.71052
0.90309 0.17097
0.46058 0.31334
0.27779 0.19935
0.26796 0.29683
0.05175 0.50517
0.77308 0.67434
0.26821 0.80898
0.12945 0.56669
0.79820 0.82230
0.68560 0.10692
0.49738 0.37170
0.56509 0.06780
0.25865 0.35034
0.11194 0.92914
0.06455 0.78588
0.16961 0.83224
0.60832 0.92983
0.97566 0.90652
0.00806 0.63641
0.73756 0.80577
