0.96602 0.85274
0.75326 0.02307
0.29157 0.49119
0.41117 0.31750
0.36698 0.66547
0.88785 0.15216
0.99817 0.24208
0.07741 0.39184
0.68747 0.33651
0.32986 0.52666
0.49227 0.97578
0.22590 0.13429
0.84463 0.16611
0.20420 0.07265
0.88186 0.09308
0.26438 0.07405
0.43212 0.91203
0.08073 0.07566
0.39067 0.85588
0.56453 0.25989
0.61678 0.53379
0.69389 0.36770
0.29928 0.34695
0.37740 0.86222
0.88804 0.78303
0.43028 0.40711
0.23449 0.99245
0.91832 0.36524
0.34274 0.09708
0.25820 0.29445
0.94468 0.82035
0.38160 0.58106
0.35743 0.54236
0.36300 0.98013
0.31178 0.12174
0.18412 0.27072
0.39835 0.57290
0.34265 0.69882
0.28987 0.09844
0.98738 0.69130
0.32774 0.52974
0.43934 0.69888
0.85876 0.54674
0.29729 0.84634
0.41723 0.80570
0.62002 0.28435
0.64681 0.54949
0.60873 0.59008
0.65744 0.74361
0.30484 0.97845
0.72915 0.04230
0.17511 0.94011
0.99207 0.05029
0.82928 0.41645
0.07846 0.64627
0.41643 0.46359
0.31905 0.21025
0.99100 0.52813
0.16985 0.96912
0.32155 0.02037
0.35643 0.65232
0.08224 0.74507
0.39172 0.21430
0.95484 0.92595
0.17224 0.75291
0.87068 0.79547
0.40467 0.37284
0.11220 0.97612
0.71723 0.26413
0.63070 0.13749
0.63009 0.77959
0.52458 0.71900
0.06513 0.21458
0.96357 0.54653
0.84425 0.77079
0.10655 0.91575
0.19632 0.54226
0.94579 0.99164
0.66724 0.70070
0.81363 0.26071
0.03361 0.39107
0.36524 0.13247
0.48547 0.21471
0.57335 0.70473
0.47754 0.69707
0.15051 0.80351
0.29417 0.86050
0.23926 0.57337
0.76274 0.57037
0.90865 0.15956
0.59047 0.56246
0.66537 0.11541
0.29614 0.58174
0.20525 0.38913
0.16172 0.50742
0.28814 0.31746
0.55862 0.55213
0.98787 0.16737
0.94406 0.50397
0.96095 0.32264
0.02682 0.92629
0.18420 0.64570
0.33837 0.10715
0.86017 0.76016
0.38381 0.41549
0.07827 0.58176
0.87109 0.26648
0.24713 0.98990
0.89847 0.57464
0.58720 0.74722
0.83047 0.55504
0.22011 0.47105
0.97909 0.90920
0.45336 0.17613
0.17862 0.73492
0.26587 0.34278
0.38577 0.39557
0.60833 0.68458
0.87744 0.32878
0.74413 0.24218
0.85732 0.10834
0.91284 0.57993
0.75468 0.88736
0.68736 0.89680
0.91300 0.31265
0.94444 0.58698
0.80543 0.88042
0.62403 0.30730
0.24811 0.21610
0.67864 0.41337
0.51170 0.67953
0.05085 0.31457
0.79203 0.72340
0.08065 0.44489
0.47989 0.67573
0.85239 0.09238
0.69123 0.15837
0.36068 0.55589
0.60021 0.91728
0.94416 0.02944
0.01122 0.37326
0.19511 0.05307
0.73387 0.11569
0.03135 0.79127
0.77189 0.69242
0.68243 0.03566
0.25447 0.57357
0.50479 0.70217
0.31149 0.73478
0.36711 0.78908
0.47180 0.85600
0.92372 0.74514
0.74723 0.33236
0.03028 1.00000
0.60603 0.35788
0.08017 0.17050
0.43796 0.04825
0.72086 0.78158
0.12104 0.35163
0.58755 0.14032
0.15189 0.36726
0.31894 0.73438
0.62659 0.95786
0.87192 0.05077
0.39016 0.97035
0.27007 0.23909
0.01565 0.46599
0.40257 0.49222
0.16258 0.65251
0.35154 0.82911
0.00460 0.94675
0.74402 0.98432
0.46423 0.26962
0.78154 0.32054
0.11744 0.59966
0.91452 0.21902
0.54441 0.46725
0.41110 0.96913
0.91788 0.46316
0.46565 0.26461
0.08359 0.00222
0.42038 0.25150
0.34129 0.14610
0.33287 0.33368
0.25567 0.67521
0.26159 0.06931
0.11895 0.41635
0.24683 0.59370
0.65019 0.70628
0.47184 0.46308
0.11518 0.60864
0.68703 0.80831
0.35121 0.46097
0.54694 0.14485
0.10741 0.31628
0.29969 0.41928
0.46634 0.45622
0.13489 0.40745
0.83185 0.16770
0.53415 0.30231
0.68708 0.22915
0.73421 0.31012
0.16094 0.58592
0.95786 0.31891
0.07200 0.15945
0.09733 0.07097
0.63206 0.79133
0.67024 0.65874
0.69967 0.61015
0.03941 0.34408
0.29501 0.17665
0.81352 0.49757
0.49679 0.81364
0.42157 0.48523
0.76193 0.45951
0.80391 0.79053
0.45576 0.94989
0.06505 0.10468
0.28953 0.62275
0.95956 0.69519
0.71294 0.82559
0.36115 0.78127
0.86908 0.15596
0.21014 0.06520
0.28831 0.29251
0.25834 0.92349
0.16040 0.38981
0.47530 0.25282
0.83669 0.41871
0.92517 0.12251
0.12048 0.03916
0.30832 0.60744
0.63418 0.19114
0.76634 0.98853
0.19443 0.33607
0.05524 0.54523
0.11990 0.37387
0.29376 0.36910
0.42260 0.59521
0.67710 0.31389
0.83088 0.95486
0.22733 0.39085
0.90951 0.32641
0.92620 0.59788
0.88775 0.01054
0.97242 0.38022
0.52051 0.87770
0.76067 0.19215
0.96515 0.79321
0.01011 0.25561
0.59918 0.12347
0.90365 0.55483
0.15523 0.87546
0.70659 0.12292
0.73048 0.94891
0.83549 0.45793
