0.03830 0.73495
0.51994 0.05755
0.94155 0.25622
0.30407 0.19317
0.00977 0.14934
0.01803 0.54838
0.86015 0.91029
0.30003 0.96030
0.63944 0.60575
0.62798 0.01907
0.13152 0.04419
0.62986 0.33496
0.61582 0.09325
0.71614 0.71067
0.82995 0.01700
0.83976 0.06068
0.01209 0.68949
0.05040 0.72772
0.32563 0.84795
0.17043 0.77207
0.43182 0.75082
0.34184 0.76571
0.45813 0.99191
0.24040 0.96389
0.36546 0.60348
0.95135 0.85352
0.69063 0.98905
0.54577 0.80283
0.90353 0.96990
0.99406 0.20688
0.77967 0.21636
0.74809 0.17525
0.64186 0.34838
0.98359 0.86538
0.14910 0.57848
0.51995 0.54685
0.57321 0.91821
0.74487 0.65914
0.96067 0.69613
0.36259 0.63196
0.69264 0.88357
0.05946 0.95896
0.93071 0.25642
0.90467 0.83399
0.58629 0.40612
0.14450 0.60993
0.86019 0.10327
0.12069 0.27028
0.09443 0.23964
0.77473 0.52595
0.73752 0.26513
0.46949 0.96981
0.08170 0.60538
0.24294 0.37528
0.02689 0.64016
0.80156 0.15409
0.55672 0.72813
0.30359 0.58102
0.34984 0.29197
0.41818 0.76077
0.33252 0.56106
0.25830 0.69204
0.84005 0.47936
0.30997 0.62973
0.65260 0.15796
0.29996 0.88872
0.83402 0.28295
0.37434 0.24689
0.73069 0.65084
0.70752 0.28100
0.28713 0.86711
0.18499 0.56505
0.42764 0.14241
0.89430 0.63997
0.21003 0.10724
0.03723 0.97345
0.16030 0.75023
0.03498 0.70929
0.83453 0.83091
0.79433 0.98434
0.62252 0.73821
0.05880 0.34911
0.32142 0.57401
0.89236 0.85753
0.24023 0.78873
0.92377 0.62964
0.74725 0.70044
0.87272 0.89010
0.15625 0.34774
0.10504 0.90231
0.93204 0.82297
0.45598 0.03428
0.16606 0.16557
0.59240 0.78271
0.22216 0.63034
0.98990 0.22820
0.04903 0.76432
0.67300 0.65157
0.99688 0.28748
0.49417 0.09696
0.51531 0.17294
0.88881 0.30482
0.48635 0.02556
0.00684 0.33160
0.65452 0.62903
0.82559 0.06170
0.60254 0.52852
0.65422 0.03259
0.54045 0.74975
0.58348 0.98219
0.30101 0.71125
0.34273 0.17556
0.22902 0.33621
0.41045 0.95489
0.75857 0.92711
0.76908 0.09272
0.56190 0.40912
0.56417 0.71199
0.73945 0.08768
0.41674 0.33585
0.47337 0.24165
0.93755 0.29090
0.40807 0.67739
0.08727 0.17954
0.86850 0.87154
0.00246 0.67452
0.09320 0.59951
0.61612 0.98486
0.75031 0.87432
0.19530 0.92352
0.98969 0.58093
0.91710 0.10442
0.58395 0.38507
0.39885 0.10718
0.85214 0.55475
0.54490 0.00494
0.56489 0.25964
0.77373 0.24085
0.24305 0.82560
0.67800 0.20300
0.90147 0.98483
0.89051 0.70834
0.85531 0.80271
0.25414 0.80055
0.61771 0.38366
0.09035 0.19089
0.27817 0.69347
0.31183 0.25937
0.73083 0.96399
0.05956 0.41661
0.16710 0.51828
0.46586 0.49722
0.15294 0.59940
0.94438 0.83467
0.22006 0.56061
0.85534 0.60149
0.77872 0.72085
0.95821 0.79958
0.11178 0.26918
0.78513 0.84270
0.23637 0.48730
0.31038 0.24200
0.99842 0.17302
0.81848 0.17056
0.12104 0.00038
0.47727 0.94087
0.18058 0.61040
0.20443 0.16235
0.96057 0.63868
0.75329 0.31023
0.75668 0.54870
0.61210 0.03427
0.40554 0.21212
0.27440 0.67419
0.73254 0.38462
0.20122 0.12442
0.49213 0.27830
0.46682 0.67061
0.98644 0.36418
0.33621 0.75426
0.73759 0.28438
0.67993 0.61646
0.93575 0.92088
0.03389 0.51091
0.55752 0.44342
0.08528 0.44937
0.66075 0.97713
0.77354 0.15055
0.66028 0.28089
0.75153 0.81240
0.92604 0.80537
0.65366 0.80862
0.26635 0.27012
0.77858 0.82321
0.48822 0.01166
0.60512 0.11875
0.13444 0.68273
0.48408 0.61669
0.69305 0.42673
0.80046 0.45395
0.88391 0.30073
0.87857 0.79399
0.19996 0.25805
0.51594 0.15275
0.00287 0.58147
0.98313 0.20672
0.69221 0.94435
0.33076 0.46523
0.64430 0.49004
0.85729 0.83768
0.09821 0.37008
0.69576 0.83989
0.68083 0.31233
0.24112 0.01154
0.91600 0.42259
0.66815 0.11217
0.50170 0.83602
0.91356 0.68547
0.14257 0.68403
0.28884 0.56896
0.07479 0.11631
0.93986 0.07632
0.63846 0.85484
0.07422 0.08290
0.95304 0.11636
0.13617 0.24025
0.59527 0.98083
0.57300 0.65909
0.30129 0.72153
0.53377 0.37864
0.23644 0.18482
0.97104 0.70616
0.60854 0.09358
0.00346 0.39237
0.91951 0.96309
0.64622 0.16834
0.82734 0.10048
0.28526 0.81553
0.06160 0.03038
0.80300 0.09915
0.35345 0.94829
0.30808 0.94102
0.43792 0.51334
0.93439 0.37268
0.68737 0.39326
0.37787 0.93672
0.46902 0.75931
0.14745 0.39929
0.88010 0.45000
0.17307 0.06141
0.47528 0.74724
0.91558 0.79930
0.30358 0.78905
0.66015 0.40825
0.89187 0.84410
0.29661 0.70880
