0.23352 0.59290
0.97184 0.31078
0.48667 0.48088
0.46943 0.16641
0.28409 0.99875
0.25302 0.44917
0.66490 0.37519
0.79472 0.03380
0.78530 0.07004
0.07759 0.88194
0.12823 0.71970
0.74771 0.05641
0.77541 0.02732
0.44422 0.11058
0.20080 0.07132
0.10541 0.55718
0.84070 0.23595
0.08616 0.76747
0.61704 0.25822
0.42059 0.66831
0.52544 0.42715
0.46019 0.39900
0.81350 0.44042
0.07552 0.65939
0.99942 0.03058
0.28657 0.91326
0.02252 0.75678
0.90464 0.87699
0.68431 0.78964
0.28354 0.77207
0.79552 0.92352
0.33303 0.77325
0.26217 0.01556
0.66798 0.98125
0.87950 0.93246
0.25332 0.72498
0.51815 0.54837
0.96776 0.22016
0.66330 0.52058
0.53706 0.26130
0.57247 0.46098
0.02694 0.13984
0.27277 0.55750
0.75596 0.32455
0.24891 0.42556
0.21622 0.06923
0.22016 0.26600
0.89383 0.99251
0.64368 0.94827
0.17539 0.24710
0.23405 0.55207
0.25747 0.49842
0.74309 0.83540
0.67454 0.52123
0.81056 0.22506
0.59479 0.90660
0.57852 0.94433
0.87789 0.74902
0.04659 0.48140
0.24052 0.28557
0.18642 0.77185
0.66641 0.02872
0.74417 0.27914
0.99506 0.24994
0.24039 0.31523
0.71592 0.89673
0.37540 0.47445
0.89564 0.81439
0.43393 0.91122
0.39130 0.62234
0.65219 0.36645
0.42870 0.06894
0.98925 0.26794
0.64805 0.62415
0.44053 0.52756
0.52749 0.08854
0.38435 0.43278
0.59897 0.02568
0.28543 0.11524
0.21154 0.59647
0.82215 0.51307
0.18452 0.55448
0.63228 0.14996
0.82821 0.57519
0.72219 0.93928
0.20382 0.19903
0.45866 0.52697
0.57329 0.87322
0.24260 0.75898
0.65287 0.22169
0.43443 0.17897
0.72232 0.14035
0.02480 0.64585
0.25184 0.99267
0.63909 0.09853
0.26752 0.17483
0.26483 0.49627
0.48237 0.16807
0.47575 0.25935
0.69297 0.64110
0.78856 0.18219
0.11807 0.25857
0.20968 0.46595
0.18446 0.54504
0.48185 0.94865
0.63596 0.48065
0.65051 0.73951
0.74376 0.50010
0.87974 0.24519
0.25741 0.11326
0.21796 0.98114
0.05643 0.11282
0.92782 0.12482
0.21384 0.60139
0.53212 0.31140
0.19568 0.97116
0.05038 0.94531
0.48086 0.34820
0.67457 0.81042
0.84221 0.36715
0.82589 0.97467
0.35896 0.24525
0.36521 0.70909
0.03504 0.70610
0.64401 0.02554
0.63704 0.21532
0.28093 0.17331
0.23450 0.69051
0.35096 0.85133
0.64515 0.81649
0.65446 0.53708
0.44707 0.41159
0.88288 0.29778
0.21685 0.09766
0.75071 0.69335
0.10659 0.34055
0.26037 0.50092
0.23236 0.26773
0.38325 0.15179
0.12259 0.76156
0.83663 0.64251
0.43681 0.98878
0.11458 0.96660
0.15027 0.41625
0.15936 0.33645
0.62506 0.09023
0.91094 0.23280
0.41071 0.54162
0.33710 0.45484
0.53680 0.36120
0.14583 0.65750
0.33121 0.57907
0.39815 0.55331
0.63323 0.31125
0.83230 0.80638
0.77170 0.53669
0.45157 0.74946
0.93656 0.41437
0.03354 0.61829
0.65453 0.58141
0.77500 0.55608
0.18759 0.53641
0.98134 0.96588
0.92905 0.58790
0.37524 0.05383
0.07957 0.04903
0.72869 0.97864
0.69614 0.72285
0.13498 0.73348
0.88046 0.20859
0.80069 0.48257
0.16541 0.97053
0.15878 0.88878
0.11517 0.77795
0.27827 0.40503
0.35545 0.61308
0.81997 0.70517
0.71968 0.11728
0.27128 0.33630
0.80041 0.55108
0.16388 0.57399
0.99400 0.64862
0.93125 0.77052
0.45055 0.56944
0.37378 0.94161
0.00734 0.46948
0.16841 0.28513
0.19277 0.94802
0.95460 0.17937
0.93545 0.11608
0.65241 0.74897
0.47479 0.98839
0.49550 0.03439
0.38296 0.63641
0.99305 0.86185
0.28807 0.96390
0.75746 0.58768
0.37421 0.51956
0.05222 0.69649
0.85310 0.81623
0.64209 0.17319
0.79955 0.40342
0.27773 0.25633
0.28320 0.70183
0.41518 0.62328
0.16460 0.05488
0.07018 0.54916
0.39361 0.35957
0.45159 0.31838
0.34392 0.25288
0.12235 0.97940
0.13876 0.55877
0.44286 0.79112
0.81578 0.51218
0.26060 0.28338
0.80626 0.04337
0.00080 0.92662
0.41307 0.13607
0.59851 0.37709
0.75048 0.62782
0.48274 0.00405
0.46721 0.26996
0.80018 0.26732
0.41021 0.47316
0.78366 0.18035
0.91240 0.35934
0.30719 0.28918
0.98260 0.07789
0.64731 0.72887
0.18717 0.97790
0.64423 0.23620
0.10269 0.55219
0.93676 0.35706
0.93716 0.19717
0.67269 0.30501
0.89058 0.51575
0.59221 0.79160
0.93433 0.15400
0.50480 0.48302
0.53756 0.52831
0.96445 0.76376
0.27584 0.99801
0.83055 0.04124
0.67452 0.12808
0.57255 0.49710
0.89947 0.89158
0.94332 0.60250
0.97001 0.48711
0.20870 0.66228
0.62739 0.15322
0.69240 0.92607
0.66671 0.52115
0.13325 0.60238
0.90756 0.10851
0.81920 0.77020
0.09691 0.48381
