0.24320 0.97062
0.67377 0.32746
0.58440 0.08890
0.43919 0.12352
0.70251 0.96621
0.74063 0.37974
0.50328 0.68943
0.84158 0.05650
0.84461 0.99782
0.21961 0.72563
0.40761 0.34344
0.19951 0.86956
0.83275 0.28489
0.44544 0.85211
0.73408 0.41985
0.67254 0.92291
0.74199 0.49859
0.81368 0.72078
0.16272 0.32250
0.39218 0.28657
0.53046 0.08977
0.67528 0.17794
0.48396 0.66708
0.38232 0.42646
0.62963 0.29044
0.22408 0.05848
0.51134 0.39813
0.46738 0.85622
0.91334 0.50749
0.21372 0.58321
0.98973 0.55022
0.00241 0.42420
0.39281 0.07340
0.33431 0.42837
0.44194 0.82864
0.73347 0.27089
0.94753 0.50086
0.31030 0.87141
0.37023 0.35869
0.03412 0.88277
0.98003 0.18931
0.51665 0.76126
0.20739 0.80951
0.74524 0.14150
0.14154 0.53049
0.57373 0.08894
0.25073 0.56558
0.01787 0.71552
0.43711 0.19462
0.89062 0.12730
0.47046 0.39011
0.54828 0.77327
0.31005 0.48046
0.81107 0.69096
0.68056 0.96140
0.26543 0.80597
0.72866 0.33577
0.38839 0.02028
0.40854 0.00248
0.91533 0.55137
0.39085 0.05606
0.83139 0.73785
0.22611 0.78544
0.82569 0.10824
0.84715 0.76223
0.73283 0.29192
0.67148 0.74146
0.89341 0.99289
0.23978 0.49016
0.25416 0.18597
0.21857 0.66853
0.23245 0.90408
0.73420 0.99282
0.43706 0.36826
0.88033 0.84372
0.83823 0.01332
0.82616 0.82700
0.39703 0.32288
0.16832 0.15347
0.38812 0.80882
0.46672 0.50398
0.73416 0.99552
0.75941 0.89233
0.41423 0.44221
0.58831 0.99865
0.04310 0.05389
0.98413 0.87998
0.51584 0.68756
0.22201 0.72832
0.98745 0.61558
0.32215 0.48514
0.34822 0.19880
0.91622 0.16992
0.74750 0.75549
0.95606 0.39938
0.59354 0.28723
0.42849 0.10140
0.53946 0.61588
0.43242 0.28913
0.00487 0.78545
0.24860 0.92518
0.58355 0.53860
0.59982 0.08578
0.94132 0.78553
0.07465 0.53027
0.87907 0.43477
0.70656 0.78920
0.26593 0.91014
0.30967 0.21310
0.31482 0.86229
0.18152 0.01474
0.95128 0.08013
0.68009 0.53630
0.71207 0.98654
0.61863 0.66372
0.69158 0.40336
0.35410 0.52662
0.81283 0.30297
0.78177 0.73191
0.43412 0.72101
0.98242 0.23927
0.06326 0.62074
0.30936 0.18992
0.25431 0.19440
0.99634 0.14746
0.09521 0.66785
0.14885 0.05285
0.07185 0.41228
0.62148 0.34360
0.25533 0.67961
0.77161 0.11196
0.10185 0.22309
0.15740 0.89720
0.08794 0.71104
0.35868 0.60849
0.34403 0.15463
0.27537 0.07193
0.01153 0.49168
0.27358 0.14748
0.82688 0.41609
0.41158 0.69346
0.97904 0.07457
0.73868 0.08340
0.56179 0.18125
0.21090 0.59638
0.67567 0.55458
0.57873 0.32839
0.26818 0.34053
0.55950 0.56460
0.58862 0.63432
0.26489 0.83283
0.60994 0.59015
0.06191 0.51133
0.55562 0.57884
0.71546 0.14063
0.47226 0.74091
0.74979 0.87898
0.36866 0.75021
0.67019 0.04196
0.19836 0.78657
0.58914 0.72094
0.73021 0.19933
0.19811 0.16479
0.58422 0.97195
0.33876 0.55979
0.18473 0.79285
0.29524 0.64528
0.46089 0.85631
0.48595 0.18372
0.67088 0.23464
0.53173 0.38020
0.57017 0.79064
0.26754 0.17599
0.89700 0.53009
0.84312 0.59514
0.94354 0.66089
0.15294 0.88448
0.01163 0.13025
0.36894 0.81389
0.55735 0.21650
0.44388 0.46304
0.18133 0.08562
0.86179 0.12252
0.38108 0.48120
0.20564 0.78844
0.12096 0.21364
0.18238 0.10048
0.27813 0.58487
0.74091 0.01059
0.65662 0.12475
0.18250 0.90659
0.09296 0.46079
0.19685 0.68319
0.31525 0.65362
0.56765 0.18945
0.88106 0.81928
0.48061 0.39528
0.64163 0.76361
0.78964 0.92978
0.79163 0.41477
0.35314 0.81640
0.44167 0.60609
0.71033 0.67175
0.85462 0.68423
0.20305 0.35289
0.95058 0.93082
0.11572 0.79443
0.38721 0.17996
0.35760 0.50862
0.10680 0.06903
0.75021 0.58398
0.71257 0.34093
0.99264 0.94730
0.80748 0.58390
0.46868 0.50765
0.50199 0.62842
0.78305 0.97548
0.32312 0.23012
0.72776 0.59289
0.41873 0.41207
0.28776 0.45864
0.83623 0.13652
0.99544 0.12617
0.49241 0.87261
0.81195 0.04286
0.26474 0.80716
0.65428 0.92324
0.69654 0.57850
0.73057 0.60848
0.79633 0.67083
0.77409 0.64572
0.48590 0.71302
0.52451 0.20817
0.98341 0.48420
0.86204 0.49720
0.45396 0.30029
0.78285 0.12140
0.32494 0.98543
0.06997 0.49078
0.47893 0.49025
0.63861 0.37582
0.13301 0.24393
0.39316 0.05168
0.64189 0.72278
0.52783 0.53828
0.63571 0.73001
0.19114 0.72795
0.20431 0.71974
0.41086 0.77915
0.36503 0.95362
0.32331 0.09432
0.34694 0.44178
0.97181 0.01591
0.17865 0.10013
0.87743 0.53914
0.10958 0.62141
