0.06498 0.74843
0.25388 0.26993
0.79135 0.90925
0.57759 0.38134
0.53533 0.95078
0.22532 0.40702
0.70442 0.13779
0.40269 0.21885
0.63640 0.29587
0.23762 0.80653
0.73489 0.97796
0.23137 0.18761
0.17338 0.61533
0.49067 0.91277
0.15322 0.08774
0.93097 0.96177
0.10083 0.99861
0.86386 0.42218
0.26823 0.78391
0.96582 0.32643
0.16364 0.55092
0.66943 0.12505
0.25603 0.07943
0.71725 0.67396
0.64052 0.30634
0.23385 0.92500
0.38555 0.97409
0.30990 0.87198
0.03326 0.98362
0.14349 0.31115
0.21628 0.47673
0.53074 0.73901
0.50187 0.22840
0.15579 0.46410
0.57240 0.99157
0.50206 0.95539
0.12679 0.13964
0.09521 0.16460
0.00227 0.54844
0.06328 0.40352
0.06441 0.74866
0.84526 0.00519
0.69888 0.39243
0.05798 0.61919
0.75956 0.41669
0.53853 0.95476
0.30493 0.32450
0.62030 0.48024
0.88745 0.03480
0.82680 0.38424
0.96838 0.76326
0.01469 0.55328
0.27494 0.34933
0.36909 0.49978
0.12306 0.29436
0.82535 0.10723
0.62648 0.44421
0.80996 0.68657
0.13034 0.97328
0.31319 0.01930
0.79225 0.73539
0.92723 0.39112
0.81370 0.60579
0.90551 0.72849
0.57341 0.35447
0.49413 0.86114
0.97385 0.08489
0.60248 0.65252
0.66848 0.95067
0.13896 0.18285
0.00009 0.72250
0.48148 0.45397
0.53154 0.04690
0.06462 0.80647
0.10805 0.23333
0.03814 0.62782
0.91606 0.36796
0.94230 0.18242
0.20929 0.95695
0.69962 0.60035
0.99888 0.26577
0.49343 0.59573
0.45362 0.60200
0.74259 0.73598
0.53790 0.46375
0.85785 0.55073
0.64950 0.69516
0.31911 0.24613
0.70825 0.90479
0.47789 0.94974
0.07379 0.53437
0.40984 0.26792
0.82375 0.03563
0.27592 0.36270
0.03700 0.73310
0.43191 0.34240
0.63998 0.84988
0.58334 0.05735
0.17518 0.96053
0.24690 0.34741
0.51785 0.68054
0.25373 0.84200
0.56012 0.91825
0.62463 0.56255
0.99223 0.68245
0.44985 0.95438
0.26158 0.51583
0.31194 0.69255
0.73726 0.30843
0.26518 0.66875
0.11998 0.77155
0.40024 0.23873
0.42712 0.20126
0.19627 0.66668
0.96955 0.84148
0.55548 0.30115
0.17395 0.20611
0.08913 0.41665
0.02559 0.41316
0.68211 0.87138
0.05431 0.97201
0.37901 0.26662
0.18309 0.86334
0.62865 0.02945
0.88711 0.07565
0.46660 0.66002
0.04810 0.71997
0.61974 0.73035
0.18730 0.10749
0.92012 0.73598
0.87736 0.39183
0.78774 0.86307
0.97383 0.17167
0.61797 0.44788
0.11184 0.39606
0.34650 0.45347
0.47813 0.40546
0.68990 0.09888
0.71525 0.76633
0.02560 0.08850
0.99864 0.78161
0.85287 0.37201
0.24318 0.94823
0.81371 0.44028
0.92385 0.50159
0.51645 0.03781
0.16298 0.93541
0.66807 0.74153
0.65083 0.20977
0.23071 0.80636
0.49693 0.50975
0.27334 0.13262
0.14509 0.72981
0.69605 0.50373
0.87015 0.58010
0.52863 0.30654
0.56330 0.24361
0.52116 0.50008
0.78146 0.40019
0.80495 0.89637
0.29097 0.79134
0.21572 0.36896
0.94676 0.44027
0.73783 0.18875
0.05380 0.27813
0.28543 0.09913
0.81973 0.38192
0.21019 0.91674
0.43355 0.42241
0.83899 0.90888
0.23275 0.41888
0.08219 0.38567
0.95502 0.57124
0.10354 0.87992
0.54006 0.08139
0.43255 0.77676
0.49451 0.03837
0.23842 0.60211
0.35375 0.93297
0.95776 0.28099
0.37509 0.45288
0.28599 0.15906
0.73586 0.06491
0.08236 0.68265
0.81613 0.87251
0.84842 0.03661
0.81792 0.79299
0.71730 0.09283
0.03934 0.46987
0.77908 0.41781
0.66273 0.88653
0.05616 0.58754
0.92621 0.29883
0.01417 0.29200
0.94246 0.90417
0.98951 0.47917
0.74825 0.00967
0.47135 0.46948
0.88319 0.62014
0.47507 0.83943
0.24177 0.30990
0.31552 0.29509
0.16189 0.54401
0.11725 0.15946
0.23115 0.58735
0.15058 0.72981
0.05602 0.91358
0.46860 0.00982
0.87230 0.58316
0.17322 0.36060
0.54173 0.37689
0.27300 0.83296
0.09516 0.70592
0.25359 0.89605
0.05447 0.54304
0.33140 0.47083
0.62606 0.72823
0.14141 0.51268
0.58154 0.19596
0.72338 0.57017
0.82277 0.16108
0.15750 0.47621
0.15992 0.98760
0.63435 0.85021
0.02839 0.07354
0.72176 0.08521
0.93993 0.59223
0.80503 0.22356
0.67146 0.64141
0.74105 0.54819
0.32918 0.57767
0.78513 0.53139
0.28441 0.15857
0.89332 0.48262
0.95747 0.30983
0.23492 0.10373
0.53559 0.89394
0.05544 0.72981
0.97536 0.14648
0.44719 0.74579
0.98124 0.92178
0.27439 0.19819
0.65089 0.00786
0.54310 0.30322
0.86533 0.31777
0.17555 0.71985
0.77866 0.82475
0.37071 0.59163
0.79909 0.54761
0.60965 0.38927
0.07893 0.98918
0.07865 0.89703
0.65781 0.20000
0.32716 0.87281
0.66396 0.92779
0.69894 0.07069
