0.41392 0.03552
0.36807 0.80345
0.37469 0.00827
0.62689 0.65238
0.82959 0.00637
0.97125 0.45393
0.65577 0.74174
0.96066 0.90390
0.56626 0.35022
0.54946 0.13523
0.74472 0.55159
0.84540 0.79810
0.72477 0.66718
0.94282 0.91016
0.12485 0.23180
0.47363 0.86638
0.17224 0.02349
0.54488 0.85769
0.82733 0.09499
0.18888 0.90103
0.27909 0.84760
0.39168 0.23350
0.78397 0.27350
0.68167 0.63968
0.77449 0.43577
0.49600 0.27343
0.72987 0.25701
0.72909 0.65658
0.37311 0.19035
0.63606 0.82559
0.51402 0.94242
0.65233 0.60534
0.31711 0.22063
0.09802 0.56671
0.95251 0.35599
0.52938 0.84597
0.79422 0.16762
0.64762 0.66069
0.61423 0.41923
0.01911 0.26496
0.04747 0.17408
0.96179 0.00981
0.30967 0.33254
0.11526 0.09370
0.10190 0.66840
0.41629 0.74643
0.31428 0.33379
0.84381 0.61431
0.87886 0.14764
0.11366 0.97098
0.09373 0.68641
0.31105 0.11097
0.09183 0.17105
0.47011 0.50795
0.01649 0.00810
0.39715 0.07116
0.39970 0.40289
0.76621 0.84981
0.62596 0.95952
0.82766 0.70739
0.85897 0.46624
0.36615 0.48962
0.72555 0.21029
0.41356 0.12472
0.76262 0.26319
0.78282 0.09822
0.69716 0.51483
0.71345 0.02373
0.63423 0.10376
0.95801 0.96315
0.62924 0.79268
0.76351 0.84992
0.30754 0.86113
0.52149 0.97587
0.52963 0.19203
0.95520 0.40384
0.28917 0.88398
0.06476 0.75280
0.11719 0.52709
0.44557 0.79139
0.82276 0.82546
0.65722 0.69207
0.49105 0.77726
0.49537 0.82165
0.68338 0.28635
0.54586 0.77856
0.10583 0.13944
0.22765 0.96064
0.53531 0.16527
0.57482 0.46365
0.51073 0.27660
0.83246 0.98567
0.47989 0.12083
0.11734 0.85421
0.94417 0.14409
0.33177 0.36893
0.62560 0.26475
0.93023 0.48066
0.49323 0.37026
0.25446 0.91153
0.60892 0.55529
0.00122 0.52770
0.05461 0.00288
0.23214 0.69029
0.60108 0.92079
0.11153 0.29881
0.16892 0.96804
0.32465 0.38450
0.68906 0.90869
0.77278 0.70145
0.01010 0.64945
0.02378 0.19903
0.10131 0.50335
0.40320 0.70451
0.19781 0.96069
0.93551 0.15632
0.67027 0.55227
0.14723 0.13357
0.44198 0.27151
0.99219 0.54345
0.77063 0.43526
0.44200 0.47105
0.90725 0.68237
0.48801 0.35172
0.05489 0.93797
0.37486 0.12769
0.46084 0.98134
0.95906 0.30355
0.64304 0.88673
0.75692 0.33808
0.46041 0.11709
0.83517 0.58087
0.11379 0.87932
0.32014 0.21592
0.00119 0.47909
0.12356 0.33971
0.33751 0.19709
0.84251 0.63489
0.00316 0.17649
0.12700 0.21025
0.33005 0.56053
0.22001 0.47702
0.87673 0.51717
0.12818 0.66585
0.38656 0.96495
0.11998 0.36203
0.45723 0.78081
0.86975 0.99777
0.45171 0.32992
0.46088 0.44667
0.50543 0.96212
0.85526 0.33353
0.43061 0.96124
0.42581 0.55653
0.13543 0.56881
0.57346 0.10228
0.58543 0.16601
0.46056 0.42846
0.21538 0.67935
0.01864 0.95697
0.79445 0.63366
0.67898 0.12393
0.97746 0.56244
0.53354 0.98147
0.93378 0.80640
0.79802 0.44505
0.65694 0.47048
0.58034 0.64979
0.89106 0.01182
0.06727 0.18655
0.36884 0.26698
0.98376 0.77293
0.87703 0.50971
0.78347 0.97669
0.66988 0.38539
0.11919 0.95677
0.92545 0.70497
0.85459 0.27692
0.54129 0.01505
0.30150 0.01029
0.96721 0.39415
0.28012 0.88429
0.07919 0.41208
0.11942 0.84052
0.85927 0.30280
0.00871 0.70070
0.28402 0.26767
0.94509 0.66646
0.04611 0.97237
0.83082 0.32363
0.89989 0.23606
0.40809 0.77645
0.58931 0.43931
0.47064 0.62127
0.71902 0.48990
0.39429 0.01990
0.53563 0.70036
0.24112 0.51118
0.45580 0.48965
0.45966 0.98582
0.38250 0.84293
0.45776 0.82121
0.12249 0.72395
0.42153 0.04341
0.31904 0.41015
0.93097 0.86887
0.43779 0.19509
0.87748 0.65517
0.24230 0.83203
0.43668 0.37253
0.58972 0.62906
0.65714 0.20669
0.24432 0.92386
0.53311 0.27361
0.61793 0.01508
0.28804 0.41254
0.33620 0.38150
0.43440 0.64888
0.08678 0.60408
0.01297 0.03051
0.20780 0.65337
0.54271 0.38264
0.96375 0.47035
0.51056 0.87910
0.14231 0.96871
0.40941 0.55010
0.48464 0.14705
0.47644 0.69049
0.41860 0.16067
0.13448 0.17469
0.59622 0.42001
0.77576 0.06981
0.76012 0.98884
0.79317 0.39726
0.68630 0.37516
0.97012 0.77713
0.71186 0.06491
0.93390 0.61388
0.34747 0.46945
0.44742 0.24442
0.66587 0.68937
0.35317 0.62660
0.81872 0.19592
0.98886 0.07308
0.49638 0.25414
0.26505 0.41893
0.26659 0.92090
0.59989 0.50933
0.73939 0.24961
0.15981 0.53064
0.78661 0.76741
0.15894 0.85652
0.15942 0.32552
0.78846 0.67026
0.98719 0.01596
0.27071 0.74009
