0.28268 0.86025
0.59001 0.27335
0.96286 0.14059
0.87574 0.43350
0.17204 0.96945
0.01188 0.29515
0.27007 0.71289
0.54013 0.83464
0.61988 0.07402
0.52779 0.06768
0.04944 0.04662
0.07123 0.62457
0.77710 0.11284
0.66723 0.42930
0.65878 0.82211
0.59053 0.13947
0.87053 0.13472
0.97150 0.24228
0.48693 0.53310
0.42410 0.05398
0.21550 0.22233
0.45453 0.84325
0.83102 0.85926
0.93920 0.73265
0.94536 0.05630
0.15958 0.74429
0.36388 0.56684
0.06997 0.51041
0.43555 0.76283
0.90339 0.67385
0.46471 0.55638
0.99310 0.89914
0.78776 0.25087
0.23473 0.92923
0.18250 0.29103
0.24226 0.11626
0.64170 0.50220
0.49963 0.57279
0.66853 0.33711
0.88713 0.39114
0.16650 0.42345
0.71648 0.48383
0.71655 0.59033
0.13611 0.01471
0.60001 0.90518
0.81909 0.93692
0.75974 0.82835
0.09175 0.01357
0.38938 0.47780
0.70776 0.15649
0.82890 0.78298
0.40558 0.65844
0.21881 0.85198
0.66359 0.91384
0.41496 0.81855
0.17115 0.86667
0.61264 0.82602
0.73783 0.87388
0.05627 0.38309
0.92111 0.47834
0.71762 0.61044
0.19676 0.91788
0.04928 0.24966
0.12730 0.49733
0.90614 0.12690
0.65511 0.86768
0.47030 0.93526
0.62965 0.19336
0.83794 0.74783
0.72901 0.41329
0.76107 0.37230
0.67314 0.47169
0.20706 0.91405
0.71522 0.35416
0.54187 0.36130
0.89853 0.65245
0.78436 0.10651
0.59857 0.54795
0.20221 0.84906
0.86543 0.69816
0.29641 0.36050
0.72705 0.48252
0.58034 0.24317
0.24201 0.49401
0.02984 0.99350
0.24434 0.53978
0.40219 0.46553
0.23311 0.40373
0.07343 0.70276
0.17342 0.84714
0.09010 0.84633
0.97079 0.76772
0.81665 0.85015
0.71415 0.43612
0.84821 0.76344
0.91876 0.07786
0.14761 0.80234
0.42183 0.79847
0.42028 0.37019
0.29724 0.74362
0.08337 0.53273
0.97157 0.33159
0.49112 0.06741
0.93827 0.30985
0.24031 0.86046
0.66625 0.05030
0.14204 0.65843
0.77476 0.35862
0.33299 0.73638
0.85837 0.23664
0.38656 0.92344
0.34736 0.36878
0.07017 0.53756
0.61255 0.94549
0.28881 0.38788
0.79281 0.76757
0.78552 0.67199
0.87968 0.70992
0.86455 0.61928
0.33825 0.28256
0.94365 0.94868
0.98136 0.92180
0.78378 0.43045
0.40862 0.15962
0.06691 0.84646
0.65756 0.62478
0.20985 0.77119
0.88678 0.80544
0.87265 0.34630
0.65265 0.48799
0.04493 0.87450
0.68856 0.29569
0.78182 0.36030
0.75656 0.37744
0.02633 0.66869
0.63391 0.45038
0.12957 0.41991
0.65524 0.16849
0.40134 0.89405
0.01483 0.49507
0.51743 0.12128
0.62043 0.37820
0.17596 0.71263
0.67049 0.14880
0.82845 0.16995
0.71114 0.77228
0.66492 0.08418
0.11578 0.44435
0.57721 0.94235
0.35722 0.59719
0.74184 0.69145
0.50116 0.06735
0.26453 0.11751
0.31034 0.51229
0.16030 0.34641
0.58216 0.33562
0.60365 0.26728
0.93901 0.04287
0.53121 0.07379
0.85732 0.60259
0.54500 0.53101
0.41574 0.92418
0.44237 0.18914
0.31588 0.39832
0.91417 0.58659
0.62536 0.97620
0.08075 0.67730
0.19934 0.73562
0.76301 0.74385
0.68689 0.72945
0.89577 0.04653
0.58152 0.25352
0.45462 0.22556
0.22305 0.56819
0.44997 0.93900
0.04050 0.32643
0.20073 0.78471
0.42753 0.09735
0.99082 0.29538
0.29233 0.45327
0.01392 0.85235
0.27271 0.00393
0.34713 0.67490
0.61679 0.50926
0.21469 0.78386
0.86074 0.90820
0.83096 0.72530
0.44741 0.69152
0.85436 0.94702
0.27319 0.57781
0.55100 0.50589
0.64302 0.73306
0.33271 0.91475
0.53760 0.21863
0.65378 0.55186
0.63371 0.65051
0.67856 0.27256
0.42024 0.33438
0.41170 0.22324
0.68807 0.98646
0.41001 0.68038
0.34806 0.64962
0.05461 0.21781
0.44355 0.26192
0.11845 0.16160
0.21858 0.23792
0.16212 0.24349
0.02354 0.07242
0.45388 0.27964
0.93798 0.79898
0.46537 0.19738
0.56524 0.07772
0.28176 0.33853
0.35559 0.29234
0.17928 0.69611
0.38732 0.30422
0.81954 0.93322
0.94828 0.09556
0.40639 0.69122
0.50163 0.06263
0.87227 0.51587
0.12629 0.20520
0.53549 0.52369
0.37684 0.06132
0.88705 0.30812
0.78933 0.81530
0.19452 0.61743
0.17324 0.26334
0.89071 0.92978
0.20766 0.23570
0.31759 0.44129
0.42284 0.62308
0.36893 0.64061
0.14082 0.19543
0.25343 0.16028
0.54776 0.15568
0.47920 0.48138
0.48737 0.21842
0.09601 0.64483
0.18672 0.45899
0.08150 0.02362
0.52614 0.75626
0.59446 0.97227
0.97963 0.34181
0.72579 0.83714
0.62864 0.55518
0.07795 0.52284
0.30822 0.47489
0.43613 0.25986
0.74801 0.59938
0.85658 0.87135
0.84819 0.83092
0.37052 0.70803
0.23356 0.91641
0.73582 0.09142
0.36333 0.04600
