0.03881 0.55180
0.75621 0.57065
0.99010 0.04949
0.02318 0.49299
0.31048 0.95885
0.20616 0.28384
0.28371 0.59876
0.34327 0.59691
0.47150 0.59366
0.89641 0.65995
0.17710 0.96799
0.14204 0.53836
0.06005 0.46104
0.00866 0.64167
0.61751 0.18000
0.96385 0.08612
0.04132 0.25283
0.02236 0.26874
0.63629 0.59449
0.35435 0.51634
0.33083 0.60316
0.64668 0.06333
0.63336 0.21485
0.00982 0.01540
0.17881 0.82655
0.15594 0.22078
0.88597 0.16042
0.27722 0.70939
0.48176 0.72311
0.86622 0.52378
0.01438 0.40286
0.38659 0.29433
0.47423 0.60654
0.08266 0.50931
0.09274 0.49969
0.90825 0.16277
0.45317 0.01592
0.58908 0.43984
0.49809 0.27647
0.51523 0.86681
0.65157 0.08906
0.75714 0.29462
0.06337 0.74547
0.36326 0.35315
0.59038 0.43155
0.75512 0.31537
0.16944 0.81793
0.00396 0.98752
0.96661 0.29230
0.21582 0.51283
0.05901 0.10762
0.30456 0.31427
0.46247 0.90477
0.79985 0.00457
0.96891 0.62718
0.90935 0.17711
0.51915 0.44244
0.46697 0.93711
0.93489 0.71719
0.90583 0.45909
0.36152 0.70213
0.47725 0.47596
0.88676 0.29444
0.52131 0.48988
0.88884 0.07233
0.42150 0.25445
0.78419 0.20677
0.09863 0.07951
0.39103 0.97964
0.99897 0.89275
0.05636 0.91788
0.06931 0.73337
0.02376 0.35495
0.05072 0.72539
0.67226 0.16275
0.77673 0.63294
0.81176 0.89057
0.58389 0.93832
0.39142 0.39462
0.41682 0.13565
0.56110 0.23533
0.76570 0.31255
0.23154 0.94748
0.80617 0.90211
0.79203 0.07372
0.54695 0.51405
0.57068 0.28803
0.58022 0.64026
0.35390 0.73851
0.67804 0.70894
0.85904 0.52611
0.57636 0.48952
0.42274 0.61457
0.70796 0.76724
0.05660 0.50878
0.66034 0.53596
0.16000 0.18791
0.73592 0.39170
0.56592 0.67855
0.02413 0.60428
0.95712 0.90167
0.59307 0.41601
0.29435 0.99235
0.29805 0.21014
0.47805 0.27532
0.52435 0.56901
0.36711 0.81580
0.42041 0.23956
0.01584 0.60318
0.53104 0.82703
0.92441 0.25257
0.60161 0.59330
0.25103 0.56435
0.87191 0.94934
0.98986 0.20623
0.46309 0.81817
0.83110 0.94827
0.48950 0.91330
0.56096 0.35035
0.31738 0.25416
0.86196 0.31043
0.74484 0.17652
0.99836 0.80895
0.53898 0.22404
0.90467 0.20544
0.47126 0.47528
0.12856 0.15319
0.04653 0.02389
0.43420 0.81085
0.31972 0.49938
0.95661 0.12266
0.83485 0.81381
0.36917 0.14515
0.33601 0.90287
0.35057 0.28302
0.12190 0.69959
0.30187 0.80181
0.33532 0.96844
0.66786 0.81750
0.62331 0.44009
0.10377 0.37266
0.80770 0.62209
0.30066 0.27297
0.79800 0.62094
0.82226 0.16317
0.95299 0.83623
0.41308 0.80502
0.77088 0.91683
0.47332 0.07125
0.35655 0.85217
0.12197 0.46965
0.08516 0.77014
0.35654 0.68275
0.69649 0.61855
0.31843 0.77722
0.00045 0.34576
0.01754 0.11659
0.61802 0.64543
0.11228 0.32629
0.03454 0.93636
0.66413 0.69936
0.00758 0.96645
0.36793 0.29583
0.57016 0.80193
0.22404 0.18501
0.11039 0.09676
0.93732 0.11179
0.59378 0.49878
0.72676 0.20853
0.16037 0.17416
0.66627 0.32677
0.65992 0.75075
0.13504 0.71690
0.55287 0.64420
0.10214 0.30204
0.55419 0.17065
0.50661 0.51352
0.11610 0.72219
0.57342 0.85638
0.71304 0.97097
0.04216 0.39296
0.22171 0.65662
0.20033 0.24760
0.49916 0.11179
0.33227 0.14538
0.54759 0.87871
0.49279 0.99078
0.97742 0.85360
0.60854 0.30948
0.01412 0.71648
0.64285 0.44061
0.93955 0.22072
0.76235 0.64277
0.31178 0.65636
0.84522 0.55096
0.49306 0.07516
0.67626 0.49253
0.15088 0.85239
0.38894 0.21027
0.15881 0.29595
0.57627 0.26971
0.81729 0.20445
0.54201 0.21706
0.42713 0.34488
0.64489 0.92137
0.33829 0.98813
0.81030 0.59898
0.76141 0.52333
0.06497 0.42478
0.09657 0.40668
0.83567 0.48372
0.51659 0.06127
0.49948 0.40468
0.55998 0.06866
0.91391 0.05438
0.27152 0.91490
0.27214 0.00213
0.03696 0.77284
0.95857 0.82326
0.51624 0.31480
0.31963 0.05102
0.70486 0.10191
0.32170 0.75002
0.30971 0.75708
0.66710 0.76387
0.11749 0.72276
0.45845 0.94097
0.20613 0.97821
0.75013 0.26954
0.85955 0.20498
0.60707 0.34798
0.34605 0.36279
0.13355 0.03404
0.77300 0.81264
0.38274 0.67973
0.19875 0.75541
0.21127 0.00371
0.05623 0.49093
0.73673 0.87286
0.51345 0.68677
0.65557 0.08842
0.85565 0.22880
0.80917 0.57769
0.32881 0.92994
0.65331 0.20397
0.58450 0.78226
0.18497 0.43148
0.56862 0.39225
0.64663 0.66245
0.20572 0.60169
0.22773 0.02756
0.67154 0.92688
0.75773 0.04283
0.62020 0.69781
0.53944 0.42280
0.23700 0.96119
