0.26353 0.60565
0.71908 0.17333
0.42943 0.23860
0.78861 0.13015
0.08046 0.26268
0.25979 0.93089
0.91376 0.14385
0.49930 0.78010
0.05101 0.50889
0.12254 0.45592
0.37278 0.46880
0.43138 0.13329
0.36714 0.78902
0.52000 0.46578
0.30412 0.10120
0.35404 0.46373
0.34834 0.70708
0.78643 0.77115
0.96069 0.12854
0.83360 0.42615
0.59398 0.38657
0.91534 0.85576
0.83215 0.99915
0.86157 0.12677
0.55629 0.54872
0.50252 0.28023
0.50018 0.09189
0.00887 0.44152
0.21353 0.06424
0.49658 0.87955
0.70397 0.06515
0.49195 0.67846
0.29526 0.35755
0.36932 0.76790
0.76062 0.87068
0.94236 0.89951
0.16870 0.44428
0.58777 0.57138
0.20017 0.22764
0.06075 0.94067
0.23146 0.18250
0.00558 0.32881
0.21137 0.58231
0.95750 0.46188
0.53041 0.16084
0.90386 0.64788
0.84810 0.85805
0.20076 0.67058
0.09717 0.41058
0.08087 0.80383
0.60421 0.88522
0.37227 0.60236
0.86069 0.62647
0.68826 0.26289
0.94791 0.83284
0.97026 0.07021
0.51023 0.78518
0.12168 0.90940
0.59651 0.19159
0.08122 0.07317
0.78273 0.98210
0.09321 0.20293
0.17154 0.58938
0.97949 0.98189
0.05461 0.74854
0.16188 0.70837
0.87317 0.13831
0.39130 0.38862
0.41489 0.83806
0.30662 0.17859
0.09272 0.05792
0.64954 0.80771
0.55910 0.17174
0.69871 0.91453
0.36077 0.68170
0.73681 0.54538
0.13993 0.97421
0.80416 0.94969
0.24239 0.63853
0.98233 0.84895
0.78139 0.92858
0.91565 0.90541
0.54060 0.50596
0.19205 0.20698
0.51992 0.49673
0.30580 0.12194
0.30865 0.68847
0.11445 0.71881
0.77254 0.47057
0.99325 0.85314
0.04704 0.59382
0.21147 0.43985
0.63980 0.07759
0.71860 0.27660
0.28616 0.50766
0.62990 0.20882
0.56082 0.01058
0.80505 0.85346
0.02477 0.53360
0.25197 0.63478
0.38271 0.98106
0.95659 0.47613
0.72091 0.53508
0.76364 0.25148
0.96969 0.11911
0.21012 0.92998
0.50906 0.12001
0.16137 0.39899
0.09829 0.42109
0.73960 0.61836
0.56390 0.45288
0.84015 0.40591
0.35274 0.09500
0.81065 0.39459
0.46299 0.20118
0.66916 0.10751
0.66200 0.88781
0.32279 0.83861
0.93546 0.33514
0.97293 0.32301
0.46781 0.67272
0.54459 0.53970
0.51302 0.30105
0.26696 0.16517
0.88583 0.03159
0.00674 0.30030
0.87811 0.10987
0.63772 0.23981
0.47826 0.22940
0.79710 0.09622
0.49739 0.66282
0.76776 0.17309
0.45591 0.49120
0.77920 0.96830
0.61926 0.06287
0.46184 0.27516
0.94003 0.56106
0.15930 0.09497
0.03867 0.12364
0.82457 0.16892
0.57981 0.95867
0.93766 0.63366
0.39180 0.73770
0.66129 0.60888
0.41636 0.11218
0.06048 0.48856
0.89868 0.80892
0.29186 0.29106
0.07361 0.61155
0.27912 0.64201
0.18700 0.92106
0.36063 0.88510
0.36270 0.63891
0.12833 0.14083
0.61320 0.53719
0.43480 0.56566
0.76784 0.69633
0.96460 0.58462
0.15511 0.62323
0.34172 0.90269
0.04802 0.33188
0.73090 0.44926
0.05047 0.80425
0.47964 0.32321
0.68139 0.45251
0.22493 0.96545
0.12795 0.13942
0.99734 0.02562
0.55979 0.07205
0.90201 0.82426
0.49979 0.71191
0.56944 0.36486
0.06464 0.96419
0.93767 0.56987
0.26444 0.84294
0.16522 0.97812
0.31121 0.86672
0.99995 0.16595
0.73830 0.89232
0.81332 0.33775
0.90515 0.97134
0.97014 0.10690
0.49377 0.37250
0.08914 0.47254
0.02085 0.87065
0.57291 0.97227
0.91697 0.35407
0.15049 0.31308
0.53052 0.28239
0.28821 0.02542
0.55507 0.83244
0.77087 0.23715
0.04376 0.39500
0.57944 0.43163
0.11582 0.70703
0.22604 0.47507
0.78680 0.73099
0.62908 0.52687
0.73443 0.75355
0.05016 0.10673
0.74556 0.72311
0.19395 0.39779
0.76334 0.15904
0.92012 0.91425
0.60162 0.66303
0.74623 0.42262
0.71275 0.76877
0.65651 0.31350
0.24451 0.84971
0.83350 0.59239
0.92448 0.72138
0.11443 0.56309
0.73042 0.96634
0.81414 0.46691
0.40533 0.21501
0.25537 0.26862
0.06834 0.28788
0.30153 0.67621
0.62581 0.88394
0.96643 0.28034
0.83972 0.53859
0.16898 0.44759
0.70053 0.69038
0.59988 0.01970
0.88881 0.00524
0.36186 0.55182
0.66349 0.87196
0.36329 0.71009
0.35960 0.53330
0.93610 0.50445
0.17922 0.41328
0.06572 0.11544
0.50530 0.06141
0.56256 0.80718
0.93949 0.86209
0.77413 0.97575
0.57062 0.35301
0.18587 0.88399
0.09443 0.58098
0.61691 0.77020
0.23098 0.11901
0.91163 0.29941
0.57056 0.67729
0.14782 0.45546
0.32921 0.66077
0.45704 0.10789
0.40717 0.68233
0.28182 0.40940
0.48516 0.94947
0.26450 0.55133
0.86645 0.31708
0.20940 0.57963
0.90652 0.14744
0.87990 0.68152
0.41014 0.33647
0.91984 0.20611
