0.61501 0.74600
0.03609 0.14688
0.79368 0.82410
0.34057 0.48472
0.12124 0.30714
0.60140 0.36216
0.83930 0.23720
0.97661 0.70787
0.56692 0.35436
0.11529 0.44405
0.57613 0.77501
0.68658 0.72871
0.88045 0.60619
0.84717 0.20344
0.64329 0.44442
0.39751 0.39056
0.08198 0.68129
0.77863 0.05857
0.14511 0.07214
0.98158 0.87344
0.02140 0.52525
0.78885 0.57202
0.50125 0.29117
0.87522 0.33918
0.35279 0.77695
0.16922 0.71588
0.00665 0.54099
0.45650 0.05537
0.08391 0.48093
0.63737 0.16044
0.87395 0.75432
0.27596 0.21750
0.90270 0.02620
0.52483 0.83491
0.84667 0.04256
0.91899 0.65619
0.06110 0.90182
0.08493 0.80867
0.79820 0.27622
0.85138 0.05660
0.89273 0.06751
0.54977 0.83124
0.71897 0.16492
0.78912 0.01079
0.65888 0.97448
0.39611 0.84780
0.61410 0.90423
0.30687 0.43758
0.92788 0.29339
0.88109 0.87019
0.37072 0.78248
0.09464 0.42495
0.08002 0.14331
0.36270 0.44168
0.42918 0.23345
0.98934 0.82162
0.82207 0.14261
0.16028 0.47407
0.77073 0.71829
0.59001 0.51422
0.18695 0.12354
0.54458 0.04088
0.55638 0.28710
0.47068 0.90115
0.02792 0.95120
0.59090 0.37072
0.52537 0.04625
0.74294 0.34186
0.18668 0.97029
0.26078 0.17008
0.57425 0.34367
0.73357 0.28232
0.73433 0.56371
0.38327 0.19825
0.24689 0.64317
0.27860 0.80004
0.79825 0.32517
0.63874 0.56445
0.14975 0.57780
0.31154 0.32351
0.29028 0.33351
0.36280 0.36173
0.02026 0.95130
0.33726 0.84208
0.58377 0.23107
0.57793 0.76286
0.26815 0.69257
0.17430 0.65323
0.86830 0.09025
0.19713 0.61690
0.54618 0.18256
0.44802 0.41948
0.89236 0.12534
0.59535 0.95882
0.14190 0.91284
0.70576 0.78632
0.42675 0.39751
0.21690 0.71822
0.37318 0.46059
0.48086 0.67908
0.64814 0.51442
0.51590 0.85237
0.47842 0.49061
0.52000 0.33952
0.21116 0.51220
0.69442 0.67920
0.74568 0.74319
0.40632 0.00775
0.97872 0.33090
0.63309 0.92528
0.68972 0.08460
0.38074 0.94415
0.61023 0.23355
0.72742 0.28124
0.02646 0.92791
0.49819 0.84269
0.12504 0.03616
0.17384 0.40650
0.68459 0.29430
0.10920 0.46949
0.89085 0.69747
0.80684 0.04551
0.53575 0.41746
0.62737 0.82364
0.44347 0.30598
0.66565 0.94261
0.78488 0.29985
0.83227 0.12165
0.41025 0.62921
0.42699 0.68296
0.91058 0.72002
0.39574 0.66091
0.80748 0.12986
0.48866 0.73891
0.58668 0.50827
0.24636 0.02450
0.42712 0.36093
0.12628 0.31642
0.68234 0.31415
0.30192 0.07266
0.32754 0.28541
0.39217 0.21648
0.00899 0.94481
0.72392 0.04264
0.02231 0.20368
0.15085 0.63464
0.85759 0.95617
0.01636 0.73820
0.43683 0.30453
0.62802 0.18463
0.10868 0.60572
0.45371 0.96469
0.50850 0.88838
0.50185 0.58457
0.63274 0.74855
0.93218 0.87010
0.56208 0.33115
0.64116 0.80997
0.68258 0.63079
0.97312 0.30170
0.99118 0.44592
0.58485 0.60897
0.92704 0.25357
0.06956 0.77175
0.30359 0.98405
0.88031 0.76084
0.77022 0.70833
0.50966 0.47616
0.98869 0.94766
0.67126 0.38269
0.34561 0.28029
0.78606 0.31816
0.11373 0.82257
0.95522 0.90278
0.04818 0.36791
0.44939 0.08913
0.52939 0.60152
0.32640 0.66678
0.06982 0.44164
0.01996 0.70389
0.12058 0.34074
0.25456 0.61519
0.28463 0.39330
0.00319 0.85669
0.95408 0.31375
0.72816 0.32077
0.94115 0.61073
0.58609 0.55539
0.19221 0.66888
0.04669 0.98147
0.84161 0.92138
0.13457 0.39159
0.86449 0.04932
0.73937 0.68971
0.69456 0.86105
0.07596 0.73032
0.91035 0.77834
0.49611 0.65003
0.12221 0.26716
0.45730 0.92371
0.32118 0.51621
0.39550 0.16430
0.53018 0.66417
0.60735 0.96294
0.61468 0.34711
0.22249 0.35297
0.23550 0.43496
0.08314 0.55365
0.81892 0.64649
0.77340 0.93588
0.63175 0.38081
0.99903 0.84627
0.31486 0.06432
0.51936 0.47183
0.90213 0.95708
0.63399 0.00593
0.05283 0.60015
0.23111 0.50202
0.62803 0.36659
0.34398 0.99127
0.03712 0.78084
0.39838 0.87030
0.53594 0.60937
0.32792 0.73429
0.67499 0.21331
0.76905 0.53646
0.93454 0.87014
0.70912 0.10593
0.20864 0.15795
0.50613 0.49931
0.49057 0.33805
0.67059 0.52168
0.67483 0.47912
0.88191 0.32468
0.49572 0.51663
0.34186 0.99740
0.88447 0.90316
0.49369 0.12872
0.77750 0.88716
0.02109 0.78942
0.45079 0.37416
0.35834 0.05094
0.77029 0.09767
0.01634 0.19228
0.24058 0.57930
0.72794 0.34202
0.09184 0.43923
0.01680 0.82759
0.47489 0.52120
0.42074 0.13327
0.46839 0.06577
0.38837 0.04170
0.31999 0.05963
0.94964 0.52418
0.91218 0.21434
0.95898 0.98920
