0.24631 0.56648
0.29172 0.95293
0.40400 0.47668
0.75865 0.95086
0.18945 0.20300
0.75996 0.61601
0.35894 0.33813
0.17649 0.64558
0.37167 0.46824
0.84639 0.92891
0.83323 0.93601
0.67669 0.51739
0.65054 0.56518
0.07836 0.72052
0.34247 0.32812
0.37852 0.62316
0.91210 0.07886
0.67561 0.95255
0.48686 0.19448
0.67823 0.70669
0.74046 0.33192
0.14344 0.76906
0.82913 0.42798
0.77319 0.87453
0.27850 0.51191
0.05873 0.55306
0.69381 0.07027
0.08180 0.73911
0.27510 0.48465
0.58294 0.47433
0.85563 0.85223
0.04203 0.60223
0.38411 0.09187
0.63016 0.05813
0.27701 0.50373
0.42189 0.66449
0.50512 0.94769
0.93216 0.46350
0.06959 0.34371
0.28130 0.99254
0.95023 0.23695
0.88272 0.82599
0.80591 0.46887
0.62676 0.95672
0.25856 0.27249
0.83454 0.33217
0.46083 0.94077
0.04924 0.25995
0.53832 0.42801
0.33676 0.97588
0.69989 0.98122
0.31228 0.32327
0.85665 0.31946
0.51360 0.13829
0.36259 0.96664
0.11880 0.17916
0.48120 0.16488
0.21441 0.90548
0.01058 0.25282
0.36779 0.22281
0.08957 0.87395
0.14674 0.16587
0.10985 0.64767
0.32776 0.84118
0.47573 0.37327
0.41399 0.23645
0.08886 0.33742
0.50449 0.65745
0.48183 0.04287
0.62888 0.24749
0.16269 0.41496
0.77436 0.79395
0.64635 0.99197
0.21505 0.71285
0.18988 0.64723
0.25565 0.40123
0.64722 0.73824
0.27508 0.33214
0.50994 0.90714
0.86985 0.99806
0.68459 0.36455
0.81002 0.31229
0.89099 0.58094
0.95270 0.46442
0.73226 0.46664
0.28148 0.09007
0.96464 0.73473
0.36847 0.26006
0.79123 0.62568
0.90503 0.06346
0.61299 0.58540
0.77117 0.85853
0.05456 0.91088
0.99253 0.06393
0.45380 0.09575
0.90349 0.33617
0.32155 0.21061
0.76494 0.06134
0.70314 0.12258
0.07883 0.69045
0.40074 0.66955
0.03751 0.93370
0.47048 0.36319
0.80398 0.21363
0.94601 0.83442
0.60219 0.58568
0.45784 0.33303
0.63669 0.26489
0.59531 0.97821
0.44433 0.97773
0.68078 0.35188
0.30009 0.30592
0.14729 0.31212
0.88107 0.99978
0.66664 0.00880
0.15095 0.30819
0.20941 0.14992
0.59575 0.64073
0.37373 0.08007
0.57395 0.76663
0.55663 0.53089
0.28094 0.90933
0.93723 0.52737
0.54874 0.37138
0.32078 0.06446
0.52994 0.30408
0.86539 0.47014
0.81339 0.34749
0.62450 0.24898
0.91402 0.89351
0.59610 0.50061
0.36468 0.06083
0.18108 0.15174
0.94467 0.85158
0.76646 0.99710
0.81324 0.78030
0.09815 0.91438
0.29900 0.65851
0.01562 0.66283
0.70462 0.65712
0.79409 0.75723
0.81363 0.83878
0.36533 0.28939
0.57925 0.35013
0.16003 0.91680
0.92428 0.64417
0.33767 0.34097
0.04986 0.56198
0.06864 0.82804
0.12613 0.90753
0.71696 0.79286
0.03816 0.18091
0.68952 0.54653
0.12145 0.45581
0.44762 0.78754
0.43424 0.66064
0.20624 0.84894
0.41737 0.56367
0.94517 0.63963
0.03146 0.45127
0.91512 0.05958
0.61790 0.33454
0.97561 0.11339
0.24752 0.78829
0.20845 0.77644
0.46006 0.74688
0.33018 0.08817
0.53942 0.69820
0.39514 0.93310
0.89770 0.47585
0.10817 0.60319
0.46144 0.57192
0.22379 0.67329
0.83651 0.95952
0.59255 0.87313
0.77705 0.27890
0.29627 0.56711
0.58174 0.99324
0.55611 0.69243
0.75847 0.96715
0.20123 0.24888
0.53752 0.03087
0.12081 0.27300
0.31861 0.44070
0.00116 0.69173
0.49285 0.03027
0.54544 0.30379
0.90221 0.35962
0.22710 0.44866
0.62977 0.47643
0.41148 0.13242
0.16594 0.90966
0.32227 0.97688
0.99451 0.67200
0.48947 0.65375
0.95291 0.66393
0.80822 0.35473
0.78563 0.86028
0.59544 0.71459
0.88557 0.01376
0.36158 0.07368
0.02747 0.87057
0.59339 0.38619
0.38908 0.45563
0.97816 0.92725
0.02579 0.60606
0.66461 0.06357
0.87941 0.08321
0.27629 0.64119
0.34945 0.61670
0.09325 0.14301
0.66495 0.69908
0.19142 0.71860
0.76828 0.52697
0.40382 0.27626
0.23207 0.25399
0.06805 0.09706
0.48649 0.13522
0.05791 0.28991
0.21461 0.33316
0.45065 0.89361
0.87684 0.80272
0.29557 0.36900
0.02009 0.74878
0.87278 0.34819
0.29830 0.95911
0.42366 0.66125
0.63007 0.43129
0.36914 0.91431
0.41380 0.58207
0.04571 0.02966
0.76848 0.73589
0.81162 0.64224
0.97677 0.96963
0.53524 0.55877
0.41424 0.51290
0.78712 0.71629
0.08403 0.32333
0.32359 0.04536
0.88722 0.48378
0.46281 0.76912
0.82466 0.14314
0.31907 0.98145
0.89720 0.09577
0.82493 0.06356
0.45510 0.04334
0.32349 0.55366
0.90679 0.86211
0.33052 0.29863
0.91269 0.51742
0.89160 0.08985
0.17316 0.23132
0.43049 0.88247
0.43476 0.09247
0.43535 0.97462
0.50629 0.60658
