0.20601 0.93540
0.29214 0.52271
0.13220 0.45391
0.54195 0.98488
0.44309 0.27176
0.10626 0.69677
0.57071 0.63888
0.27594 0.53614
0.66995 0.29989
0.84349 0.25526
0.84100 0.08347
0.99537 0.00441
0.40936 0.48176
0.69414 0.95890
0.56891 0.37591
0.61300 0.48151
0.80393 0.27227
0.38137 0.14139
0.18777 0.25844
0.11979 0.64853
0.62071 0.44208
0.06705 0.43028
0.10337 0.88410
0.06505 0.54769
0.92990 0.82507
0.65793 0.66195
0.13747 0.42509
0.21035 0.68638
0.25095 0.94879
0.58979 0.53978
0.13949 0.21524
0.87935 0.92843
0.71434 0.17235
0.29281 0.84400
0.41196 0.70961
0.45172 0.01211
0.52901 0.93675
0.04266 0.84001
0.19553 0.92265
0.27156 0.66904
0.24370 0.95944
0.39725 0.28763
0.12199 0.14187
0.29059 0.05790
0.68293 0.38371
0.35616 0.91124
0.18538 0.66000
0.76009 0.57677
0.21372 0.54792
0.10911 0.18286
0.64396 0.10148
0.18082 0.21074
0.10222 0.95761
0.61802 0.91235
0.30798 0.59702
0.59522 0.21569
0.71372 0.91493
0.78251 0.97336
0.13900 0.04617
0.42636 0.40173
0.83544 0.57510
0.93048 0.34056
0.12997 0.77212
0.46801 0.81250
0.69736 0.78162
0.82552 0.08769
0.93404 0.27485
0.77602 0.60270
0.31876 0.47174
0.18261 0.11129
0.85999 0.44290
0.73724 0.82268
0.01701 0.85383
0.81350 0.45147
0.18584 0.59116
0.03875 0.50096
0.93914 0.71936
0.45432 0.90216
0.17560 0.41060
0.38565 0.95024
0.10747 0.39885
0.41599 0.31114
0.00604 0.88697
0.11394 0.31623
0.05629 0.33363
0.56701 0.33537
0.17439 0.94073
0.30147 0.77354
0.64965 0.68274
0.70690 0.68708
0.35171 0.17219
0.77129 0.25461
0.77589 0.62292
0.74509 0.27788
0.80379 0.22821
0.42523 0.32365
0.88673 0.60636
0.16038 0.38416
0.74375 0.12616
0.56223 0.99958
0.86379 0.04602
0.53467 0.42153
0.67740 0.99777
0.44435 0.39153
0.52589 0.25561
0.96262 0.11695
0.11736 0.81737
0.11517 0.09630
0.05017 0.94623
0.53124 0.27106
0.53983 0.58076
0.98970 0.54537
0.71369 0.00930
0.34640 0.83282
0.35759 0.96436
0.38258 0.38981
0.88984 0.21366
0.50793 0.82218
0.97905 0.63900
0.00486 0.38714
0.08254 0.58186
0.09343 0.90159
0.74836 0.95000
0.74153 0.56587
0.72945 0.72363
0.74987 0.20119
0.88865 0.88178
0.37782 0.69710
0.28574 0.11287
0.18482 0.30599
0.54905 0.43947
0.53540 0.68095
0.52957 0.23000
0.00031 0.66227
0.90324 0.95948
0.32628 0.39390
0.69160 0.00577
0.11911 0.49751
0.90423 0.48750
0.27496 0.00070
0.59662 0.40926
0.58815 0.11616
0.61711 0.03872
0.16466 0.81783
0.38326 0.14146
0.43432 0.66938
0.82169 0.53517
0.11813 0.75861
0.65159 0.07123
0.05318 0.00738
0.59390 0.44065
0.70294 0.09513
0.17883 0.85723
0.53510 0.38494
0.18731 0.57026
0.19132 0.60074
0.62834 0.09300
0.94058 0.70006
0.29111 0.32550
0.74427 0.37384
0.27210 0.38761
0.02958 0.60406
0.76042 0.24291
0.98271 0.29138
0.79407 0.82735
0.58496 0.80999
0.27608 0.81065
0.61903 0.57366
0.35176 0.16711
0.78038 0.78064
0.54525 0.54025
0.37631 0.15978
0.32068 0.44457
0.08277 0.95962
0.52699 0.00313
0.32031 0.71093
0.32294 0.79465
0.16342 0.24041
0.88641 0.87476
0.90988 0.26719
0.34058 0.49703
0.10643 0.30981
0.40422 0.04309
0.21543 0.26545
0.89966 0.73442
0.98564 0.61896
0.23368 0.36744
0.17877 0.98486
0.36329 0.21516
0.59905 0.06362
0.19401 0.35852
0.89434 0.23193
0.71781 0.93792
0.41416 0.42899
0.12273 0.71997
0.94550 0.24736
0.79041 0.22829
0.37620 0.09021
0.49577 0.71398
0.13338 0.37514
0.78525 0.59059
0.45005 0.59857
0.04409 0.45998
0.32043 0.19818
0.52969 0.95768
0.05692 0.80013
0.03489 0.20097
0.58236 0.63602
0.37395 0.93245
0.24867 0.09801
0.47453 0.39167
0.07903 0.66661
0.97259 0.57025
0.31274 0.31930
0.53587 0.47960
0.20891 0.60514
0.40719 0.79752
0.98296 0.56027
0.76749 0.22170
0.35769 0.99582
0.49361 0.58193
0.14588 0.46663
0.89721 0.11538
0.57744 0.78064
0.36248 0.86708
0.91052 0.40572
0.29442 0.54812
0.04681 0.75129
0.27336 0.79000
0.22219 0.27293
0.54239 0.59175
0.52561 0.16283
0.34140 0.30452
0.69592 0.16102
0.37205 0.46024
0.78195 0.75968
0.99688 0.22432
0.45330 0.12037
0.87089 0.45561
0.12890 0.58374
0.58998 0.62569
0.02806 0.86387
0.74090 0.46284
0.18106 0.78696
0.55147 0.96463
0.09580 0.79318
0.20214 0.90003
0.28102 0.63800
0.31043 0.14503
0.54974 0.76532
0.90129 0.77341
0.13308 0.64203
0.36543 0.55166
0.95341 0.55068
0.82310 0.23711
0.13832 0.36880
