0.76873 0.93832
0.62313 0.77087
0.67929 0.41327
0.26183 0.10720
0.31393 0.48700
0.06946 0.46574
0.36022 0.27113
0.39975 0.31511
0.92114 0.66855
0.84034 0.94230
0.38742 0.70533
0.97044 0.79467
0.33968 0.81688
0.22943 0.62222
0.32662 0.90860
0.83483 0.43352
0.95826 0.29518
0.58463 0.34660
0.08356 0.88166
0.61839 0.47395
0.79142 0.62166
0.62299 0.99470
0.74206 0.74268
0.39290 0.08681
0.38672 0.31513
0.44147 0.16560
0.75863 0.98120
0.31519 0.94922
0.32629 0.04343
0.08263 0.89061
0.35804 0.35874
0.97420 0.60946
0.35022 0.54610
0.93457 0.88129
0.14253 0.72305
0.91465 0.77545
0.80469 0.09709
0.80909 0.94166
0.26180 0.88383
0.80168 0.26098
0.29229 0.24321
0.60962 0.79671
0.49573 0.24315
0.17796 0.28395
0.79724 0.63648
0.14462 0.43338
0.93447 0.88975
0.10837 0.35353
0.24703 0.78938
0.45067 0.80416
0.85944 0.90994
0.57714 0.71757
0.14687 0.41837
0.73877 0.88487
0.90134 0.04177
0.13440 0.02586
0.11237 0.46944
0.78351 0.83103
0.28872 0.53654
0.62605 0.46701
0.21891 0.85172
0.81512 0.22923
0.22354 0.30706
0.72778 0.92761
0.42323 0.80693
0.50357 0.68214
0.36258 0.31337
0.12733 0.71143
0.81861 0.58520
0.77855 0.24134
0.25238 0.65898
0.96760 0.62939
0.89265 0.76201
0.70877 0.12333
0.92245 0.26931
0.06026 0.19647
0.43013 0.55683
0.73587 0.61581
0.95665 0.16398
0.26201 0.71684
0.72175 0.63030
0.02682 0.31853
0.41359 0.47117
0.53328 0.25168
0.63029 0.16218
0.89069 0.41968
0.66756 0.12945
0.11016 0.17705
0.28851 0.42275
0.51991 0.28527
0.56434 0.02999
0.97295 0.43777
0.69342 0.54937
0.84271 0.95647
0.87038 0.80856
0.55391 0.10111
0.86426 0.81221
0.33414 0.97832
0.90788 0.30822
0.65429 0.16841
0.94974 0.42262
0.10431 0.88170
0.34989 0.21721
0.57421 0.04111
0.19566 0.40778
0.54142 0.78537
0.95465 0.34340
0.40716 0.30472
0.82667 0.05242
0.47453 0.66990
0.50298 0.11603
0.95998 0.99413
0.57138 0.67654
0.87804 0.55142
0.24563 0.42617
0.59519 0.51634
0.87242 0.14757
0.10748 0.22617
0.40830 0.53719
0.79681 0.31532
0.44829 0.95843
0.30653 0.35331
0.70048 0.46332
0.82646 0.91035
0.27918 0.96913
0.60080 0.36269
0.73063 0.18896
0.00902 0.07570
0.47259 0.57687
0.04421 0.15184
0.07445 0.21712
0.86731 0.84966
0.35181 0.44365
0.12593 0.49537
0.42899 0.90364
0.59637 0.46968
0.70396 0.84489
0.37047 0.83984
0.96436 0.46914
0.59021 0.26675
0.83491 0.04404
0.75684 0.72732
0.87009 0.07046
0.00033 0.92363
0.43954 0.92354
0.48937 0.80969
0.25602 0.37119
0.24758 0.68236
0.14869 0.98193
0.30621 0.76866
0.61459 0.61339
0.16805 0.18348
0.35970 0.99390
0.88223 0.38523
0.92549 0.43832
0.54394 0.69451
0.46834 0.49170
0.71806 0.68308
0.32502 0.50154
0.71402 0.39721
0.24007 0.26157
0.35483 0.36261
0.41457 0.07920
0.88134 0.55818
0.82635 0.00985
0.59095 0.46942
0.93302 0.01791
0.11048 0.57227
0.04643 0.53895
0.01641 0.94564
0.93265 0.49880
0.09370 0.32783
0.79269 0.59580
0.04760 0.30783
0.40856 0.35250
0.77079 0.68319
0.49560 0.35404
0.01485 0.27748
0.74421 0.01729
0.55840 0.38012
0.10402 0.08349
0.34182 0.94542
0.01518 0.26929
0.12225 0.86936
0.99774 0.01885
0.17723 0.96582
0.21422 0.35067
0.35105 0.68514
0.18200 0.73102
0.03201 0.71101
0.20477 0.07984
0.35067 0.42160
0.91307 0.79452
0.88418 0.16604
0.78535 0.13621
0.50655 0.45333
0.48704 0.47390
0.50631 0.57665
0.29885 0.70163
0.09720 0.24540
0.25059 0.06524
0.63909 0.06170
0.30831 0.75531
0.64281 0.60389
0.96620 0.34839
0.86001 0.11785
0.10920 0.20179
0.67513 0.25816
0.54210 0.40139
0.16283 0.58248
0.53330 0.37505
0.66092 0.52236
0.98009 0.41894
0.31886 0.90502
0.70263 0.90242
0.29899 0.94355
0.16404 0.72516
0.30836 0.12781
0.77674 0.28235
0.25497 0.34981
0.51379 0.73115
0.79065 0.33722
0.67364 0.45833
0.52768 0.79772
0.55640 0.45977
0.68542 0.25436
0.49015 0.13778
0.85519 0.12146
0.55670 0.92400
0.47538 0.42086
0.94193 0.70928
0.49184 0.86429
0.57814 0.59504
0.94803 0.62377
0.66208 0.95477
0.13108 0.79540
0.09495 0.09752
0.66073 0.89857
0.94113 0.48959
0.57657 0.85109
0.94217 0.26406
0.30430 0.92162
0.55246 0.18826
0.12580 0.25435
0.73854 0.19968
0.80632 0.99901
0.25096 0.80090
0.46672 0.45002
0.51319 0.56856
0.73689 0.28305
0.30473 0.42299
0.09483 0.96608
0.92179 0.49278
0.30910 0.89186
0.02396 0.12576
0.99371 0.46374
