0.90452 0.81298
0.40497 0.18524
0.66755 0.38204
0.14780 0.69871
0.33571 0.67563
0.80189 0.84808
0.66208 0.25491
0.51468 0.69869
0.10986 0.97593
0.33711 0.96363
0.61269 0.09533
0.38766 0.14083
0.90180 0.57843
0.74348 0.08259
0.60542 0.11449
0.22109 0.17598
0.39858 0.54207
0.59178 0.37963
0.58239 0.66917
0.30757 0.62659
0.41491 0.32467
0.18010 0.47937
0.19768 0.28173
0.55238 0.41785
0.83500 0.25857
0.26425 0.50167
0.61468 0.88748
0.29716 0.65416
0.43153 0.29170
0.05510 0.51718
0.99667 0.86834
0.12976 0.97214
0.36617 0.27077
0.27694 0.48205
0.16552 0.16589
0.79358 0.37979
0.81914 0.90363
0.03524 0.43733
0.91198 0.60066
0.62025 0.99292
0.81913 0.27144
0.75657 0.89971
0.11907 0.06645
0.09902 0.39845
0.96193 0.95911
0.08477 0.63114
0.00390 0.38313
0.29960 0.35755
0.66637 0.64823
0.59968 0.40123
0.78228 0.51794
0.70329 0.16257
0.39671 0.42137
0.11340 0.78639
0.42011 0.75366
0.09592 0.30343
0.67064 0.02729
0.11086 0.81737
0.38906 0.98195
0.49775 0.42090
0.40411 0.22545
0.84936 0.70652
0.55024 0.68068
0.05062 0.50053
0.71422 0.81473
0.73261 0.86677
0.89503 0.41203
0.22224 0.08960
0.68144 0.36941
0.34998 0.07713
0.83465 0.52809
0.03603 0.49899
0.04399 0.40535
0.59420 0.26226
0.24684 0.14113
0.14147 0.58058
0.32379 0.84635
0.21116 0.99064
0.24035 0.22817
0.80179 0.12644
0.09585 0.59044
0.55906 0.70356
0.29198 0.99974
0.35290 0.84343
0.94813 0.91495
0.82440 0.15376
0.71772 0.11265
0.66109 0.27427
0.76563 0.34801
0.44694 0.20257
0.45445 0.57231
0.45520 0.20807
0.12604 0.84021
0.86177 0.24741
0.33277 0.14806
0.36383 0.37772
0.18599 0.36434
0.75157 0.24986
0.60831 0.39633
0.08683 0.99228
0.09169 0.58705
0.30807 0.07227
0.35286 0.33466
0.25794 0.95470
0.12956 0.18385
0.82559 0.87570
0.80134 0.95357
0.82210 0.32548
0.80245 0.56342
0.49622 0.13428
0.74196 0.06884
0.21570 0.89904
0.59499 0.59498
0.62317 0.62907
0.80262 0.40740
0.75243 0.81540
0.53567 0.77699
0.75137 0.41987
0.58546 0.31022
0.98984 0.03196
0.02265 0.18468
0.85626 0.48101
0.67639 0.21981
0.83129 0.69943
0.68401 0.15687
0.51007 0.54155
0.28996 0.08519
0.30060 0.72396
0.41969 0.58646
0.65541 0.35398
0.73038 0.68940
0.59921 0.20702
0.65579 0.03951
0.08578 0.54863
0.25503 0.17479
0.70798 0.93448
0.80993 0.56108
0.36146 0.56415
0.75706 0.01554
0.96902 0.17594
0.60506 0.23707
0.39459 0.00284
0.30680 0.00398
0.18173 0.17061
0.67763 0.96723
0.37646 0.70870
0.22350 0.71546
0.67106 0.14579
0.59602 0.92678
0.60292 0.04502
0.42172 0.37427
0.05197 0.84908
0.14652 0.26819
0.11921 0.98199
0.76616 0.10845
0.96881 0.21203
0.77933 0.77209
0.74502 0.15737
0.27245 0.26731
0.13878 0.99595
0.80194 0.15584
0.37876 0.75312
0.44959 0.40833
0.33455 0.26281
0.27850 0.78107
0.36320 0.01418
0.37322 0.60282
0.58598 0.03020
0.28860 0.50080
0.46035 0.85037
0.84129 0.78984
0.53411 0.00884
0.13222 0.60871
0.52596 0.95756
0.14742 0.25541
0.78215 0.53582
0.05866 0.86252
0.56095 0.36523
0.60139 0.43793
0.44940 0.36668
0.87783 0.83353
0.36794 0.84633
0.48437 0.95341
0.96610 0.75531
0.23753 0.34865
0.23944 0.47327
0.20574 0.46991
0.74853 0.51240
0.50988 0.14414
0.18386 0.37257
0.33571 0.79842
0.97403 0.63539
0.73309 0.39353
0.05447 0.66947
0.05154 0.26789
0.57736 0.04800
0.33220 0.41066
0.89012 0.12352
0.17967 0.53122
0.38609 0.06981
0.28314 0.23535
0.47132 0.54658
0.98774 0.19127
0.94800 0.96325
0.35079 0.58269
0.62598 0.25801
0.87283 0.67236
0.32178 0.11795
0.16153 0.45323
0.32762 0.18079
0.78943 0.93083
0.99897 0.31539
0.29646 0.76594
0.68563 0.17309
0.85404 0.80652
0.40960 0.35645
0.83612 0.80702
0.87060 0.69890
0.73080 0.81865
0.73756 0.50347
0.92640 0.27091
0.15694 0.84521
0.71901 0.79758
0.98596 0.92547
0.98240 0.06805
0.27649 0.31526
0.20447 0.73363
0.41387 0.59857
0.14358 0.36571
0.59862 0.99509
0.51006 0.44476
0.87711 0.05579
0.12966 0.73377
0.07593 0.50284
0.29727 0.70034
0.08859 0.28725
0.66890 0.89062
0.43275 0.95082
0.30282 0.09507
0.68051 0.50526
0.49933 0.37414
0.82153 0.86567
0.19545 0.68222
0.58563 0.11604
0.76870 0.93609
0.89505 0.92806
0.55615 0.87966
0.30379 0.89013
0.03464 0.05945
0.16255 0.29307
0.39192 0.47062
0.93914 0.35604
0.45565 0.23295
0.15665 0.29075
0.93693 0.43095
0.87867 0.39465
