0.81181 0.77115
0.44757 0.15695
0.56433 0.59631
0.25054 0.60354
0.75144 0.97810
0.36996 0.52934
0.40963 0.44714
0.95120 0.99569
0.46763 0.04053
0.66250 0.58145
0.15704 0.86483
0.31271 0.04141
0.64409 0.90487
0.57918 0.22667
0.11870 0.67273
0.35819 0.89917
0.39387 0.47972
0.75232 0.46692
0.17792 0.08976
0.14102 0.66075
0.23175 0.37755
0.23653 0.42069
0.95481 0.95831
0.48042 0.07705
0.26073 0.29790
0.54500 0.22316
0.85709 0.94402
0.92041 0.01587
0.91326 0.12897
0.55391 0.65803
0.98910 0.94056
0.20475 0.42248
0.30130 0.97139
0.57906 0.06504
0.77971 0.48891
0.86529 0.04853
0.79439 0.80184
0.83948 0.22098
0.79057 0.28341
0.04129 0.66685
0.63107 0.28061
0.59981 0.77134
0.37424 0.83315
0.98850 0.98753
0.60420 0.49384
0.45337 0.59948
0.99907 0.27203
0.75338 0.06825
0.50676 0.14654
0.47553 0.10373
0.38727 0.95902
0.93218 0.71595
0.68985 0.47559
0.54586 0.66169
0.84785 0.21965
0.60739 0.72869
0.70109 0.89785
0.93066 0.67910
0.96619 0.05243
0.57523 0.83450
0.08630 0.22025
0.51740 0.11193
0.70188 0.35514
0.13926 0.35265
0.47595 0.94785
0.29449 0.85833
0.46028 0.94394
0.12750 0.53602
0.47179 0.10527
0.50787 0.80993
0.86320 0.56793
0.13565 0.74092
0.32324 0.47279
0.96442 0.39624
0.23024 0.09981
0.07898 0.02130
0.53041 0.34895
0.87909 0.18763
0.90028 0.34534
0.80257 0.30270
0.37954 0.56507
0.64996 0.88859
0.94941 0.15208
0.07894 0.30325
0.86526 0.34719
0.02254 0.37151
0.10012 0.92868
0.31797 0.71175
0.95762 0.18274
0.35679 0.12071
0.00622 0.79014
0.48445 0.17946
0.78559 0.53827
0.73661 0.64137
0.44004 0.32671
0.86534 0.47860
0.09248 0.13699
0.18034 0.30749
0.14409 0.46935
0.76109 0.16227
0.49286 0.32153
0.12770 0.00056
0.28462 0.46384
0.65203 0.80129
0.65446 0.58033
0.74284 0.23501
0.02321 0.56594
0.05799 0.53968
0.99626 0.41666
0.83454 0.83703
0.86850 0.35225
0.11547 0.32478
0.90393 0.13940
0.49472 0.32728
0.94776 0.46877
0.39917 0.99232
0.94585 0.47721
0.14048 0.06428
0.12065 0.91354
0.03108 0.76315
0.54411 0.50426
0.43401 0.33266
0.11440 0.66118
0.64350 0.53073
0.74072 0.20045
0.88805 0.13405
0.67743 0.55622
0.99624 0.21042
0.03114 0.28507
0.89706 0.66456
0.57098 0.15058
0.22658 0.80136
0.72143 0.54233
0.86074 0.87084
0.06645 0.28664
0.74319 0.31338
0.95676 0.65248
0.42917 0.41739
0.66427 0.92632
0.45273 0.78988
0.06133 0.89758
0.40527 0.52886
0.49030 0.83596
0.73518 0.94507
0.26714 0.50596
0.18825 0.68737
0.46240 0.72850
0.00769 0.83177
0.55406 0.81178
0.32476 0.04706
0.85882 0.10243
0.72930 0.94622
0.01539 0.96196
0.14645 0.48639
0.72729 0.81759
0.83422 0.74353
0.30241 0.91646
0.91510 0.18709
0.12959 0.53895
0.14634 0.23706
0.88169 0.24337
0.44899 0.57446
0.23558 0.59340
0.03693 0.40999
0.20345 0.00529
0.95902 0.23548
0.29848 0.93942
0.31350 0.28906
0.89360 0.12183
0.90058 0.89028
0.16142 0.11299
0.24911 0.03403
0.83619 0.74973
0.83036 0.13959
0.73650 0.48740
0.96978 0.97618
0.58735 0.26124
0.70594 0.22000
0.00525 0.51668
0.05137 0.80947
0.58961 0.83757
0.52526 0.42782
0.81880 0.01432
0.93177 0.34272
0.13413 0.57060
0.05474 0.46331
0.43737 0.46778
0.84892 0.16142
0.75332 0.73921
0.15400 0.25062
0.99216 0.35326
0.35908 0.61321
0.43432 0.12004
0.71433 0.45409
0.06172 0.77386
0.39439 0.38496
0.45255 0.50866
0.42478 0.40591
0.59069 0.74732
0.18646 0.76509
0.76799 0.54862
0.45124 0.14001
0.59893 0.66196
0.65620 0.31199
0.80571 0.69287
0.10041 0.68510
0.19376 0.15031
0.29337 0.89165
0.74880 0.51365
0.09504 0.10699
0.80231 0.26369
0.13709 0.41078
0.36745 0.40451
0.60028 0.58306
0.81898 0.77099
0.91441 0.85627
0.78738 0.39571
0.05733 0.86534
0.35062 0.08275
0.60346 0.16950
0.13248 0.79646
0.73363 0.09970
0.88887 0.80406
0.06874 0.93638
0.98302 0.95851
0.78745 0.71180
0.53794 0.82926
0.10253 0.00357
0.11047 0.49342
0.31281 0.89976
0.28469 0.19318
0.31770 0.92614
0.43743 0.56590
0.73155 0.21351
0.05906 0.83546
0.18249 0.42550
0.81790 0.08717
0.89417 0.95930
0.47701 0.19463
0.89093 0.32292
0.06780 0.50761
0.75056 0.93311
0.57836 0.70433
0.11123 0.74290
0.22854 0.20559
0.15164 0.12086
0.75265 0.55414
0.15352 0.48436
0.30824 0.95824
0.06254 0.95207
0.76929 0.11018
0.87015 0.32770
0.23970 0.49278
0.26794 0.40654
0.46642 0.35753
0.83063 0.21775
