0.53141 0.92668
0.74920 0.72031
0.40389 0.94166
0.00881 0.75193
0.20869 0.70334
0.89206 0.86688
0.80726 0.67974
0.34691 0.16093
0.54711 0.10491
0.16751 0.70681
0.85698 0.86078
0.39204 0.46412
0.30410 0.37553
0.26147 0.20461
0.10786 0.68074
0.13255 0.15250
0.07782 0.11505
0.26112 0.88850
0.47315 0.98022
0.03043 0.37280
0.17391 0.23813
0.94881 0.92368
0.92674 0.69904
0.40419 0.06849
0.27914 0.19527
0.60393 0.61132
0.13574 0.09370
0.49418 0.18856
0.97422 0.39197
0.67141 0.30192
0.85380 0.36032
0.95598 0.12363
0.72914 0.97427
0.39314 0.89366
0.56639 0.64901
0.84662 0.45271
0.73428 0.41181
0.64978 0.84871
0.49742 0.35529
0.21353 0.63935
0.24631 0.24535
0.33866 0.55689
0.39972 0.65369
0.60983 0.17355
0.69422 0.13334
0.01512 0.13579
0.53404 0.53003
0.87872 0.03348
0.68188 0.36196
0.31492 0.23820
0.20180 0.41201
0.55242 0.97461
0.45393 0.32642
0.45231 0.46247
0.82468 0.91859
0.09151 0.79760
0.62861 0.69023
0.59381 0.68797
0.80935 0.13066
0.88653 0.27770
0.00528 0.73638
0.74553 0.19545
0.46402 0.51873
0.69300 0.98382
0.59150 0.02961
0.10359 0.84528
0.44423 0.99801
0.36284 0.78929
0.31866 0.77751
0.32364 0.42836
0.41330 0.80652
0.62820 0.29193
0.76415 0.05342
0.96929 0.21459
0.78664 0.09896
0.45945 0.23632
0.87969 0.94080
0.50302 0.83840
0.86462 0.63949
0.33771 0.15971
0.63147 0.92186
0.41238 0.52956
0.32786 0.35379
0.74489 0.90260
0.02960 0.40849
0.56743 0.53196
0.45799 0.80902
0.54336 0.38413
0.77822 0.33174
0.93128 0.30873
0.39550 0.81236
0.76382 0.73817
0.18119 0.01521
0.72419 0.46201
0.74727 0.45364
0.85166 0.49027
0.92984 0.14014
0.38870 0.62905
0.49171 0.01737
0.98788 0.18735
0.19257 0.04736
0.77859 0.32698
0.67229 0.62158
0.91626 0.83838
0.34785 0.10126
0.09418 0.72532
0.24731 0.15573
0.25870 0.76428
0.69497 0.43429
0.66983 0.16960
0.34545 0.43527
0.04572 0.51876
0.76015 0.50228
0.09449 0.62121
0.61042 0.68019
0.38087 0.39325
0.47984 0.32663
0.91757 0.24395
0.44188 0.08149
0.10226 0.49493
0.23465 0.36654
0.26219 0.30209
0.98341 0.47431
0.80101 0.37701
0.94222 0.15459
0.03937 0.96179
0.16344 0.31811
0.93922 0.46278
0.86293 0.61756
0.87311 0.93389
0.14101 0.45349
0.39752 0.82765
0.44477 0.55439
0.73753 0.33954
0.10962 0.44759
0.78780 0.70354
0.88211 0.34814
0.78382 0.34968
0.27450 0.89473
0.21679 0.98533
0.81508 0.51182
0.50552 0.86555
0.76152 0.88310
0.20584 0.06416
0.74907 0.20848
0.05330 0.93806
0.54201 0.74079
0.88442 0.97188
0.16396 0.61089
0.62600 0.93794
0.71458 0.28718
0.19718 0.32760
0.48059 0.73667
0.18649 0.44506
0.02460 0.41715
0.86249 0.79520
0.98230 0.70671
0.14302 0.81318
0.77544 0.61646
0.69260 0.15774
0.13769 0.03573
0.40671 0.13446
0.89779 0.64597
0.94475 0.20312
0.62408 0.54767
0.38955 0.33723
0.70612 0.05432
0.33951 0.45956
0.11282 0.06877
0.71875 0.73764
0.32951 0.28375
0.61273 0.22065
0.33870 0.02927
0.90824 0.49418
0.81622 0.52440
0.72469 0.81801
0.96857 0.90076
0.93871 0.60009
0.92065 0.81170
0.83550 0.02261
0.45194 0.44252
0.92123 0.73141
0.38792 0.38213
0.22595 0.68670
0.73885 0.70307
0.02205 0.53364
0.84293 0.55812
0.27248 0.78678
0.61124 0.86735
0.91216 0.56233
0.86920 0.16460
0.69786 0.21228
0.54638 0.21364
0.15624 0.30668
0.43908 0.99104
0.84613 0.18791
0.98487 0.28803
0.70139 0.66670
0.72534 0.34916
0.92006 0.91222
0.28469 0.14473
0.43661 0.09136
0.12325 0.47031
0.53468 0.66045
0.56975 0.32291
0.95104 0.31142
0.14010 0.93037
0.03054 0.11875
0.21966 0.12846
0.30371 0.54073
0.54957 0.82307
0.03172 0.61476
0.25000 0.03544
0.57720 0.19700
0.89424 0.36884
0.35506 0.40607
0.44042 0.49605
0.80602 0.14006
0.99203 0.61028
0.30196 0.40599
0.26754 0.53820
0.15699 0.10194
0.41042 0.06876
0.85003 0.29142
0.17975 0.85528
0.56742 0.11732
0.47112 0.85683
0.94357 0.19415
0.50198 0.24336
0.00601 0.81348
0.19778 0.02961
0.18449 0.30560
0.78410 0.70685
0.08979 0.74830
0.24550 0.54824
0.28172 0.31717
0.34946 0.16455
0.82192 0.96693
0.37865 0.72846
0.50246 0.00501
0.83137 0.77721
0.18310 0.81661
0.69187 0.87507
0.21825 0.68044
0.65738 0.77382
0.90891 0.72024
0.86009 0.28851
0.26920 0.19481
0.50723 0.57163
0.03336 0.47536
0.64260 0.43114
0.02191 0.66390
0.07691 0.41342
0.25411 0.74046
0.76617 0.00471
0.18026 0.43327
