0.62520 0.41042
0.83099 0.97077
0.73770 0.91204
0.19648 0.86430
0.01298 0.93611
0.84949 0.95421
0.24090 0.23255
0.86408 0.70466
0.80076 0.42208
0.91127 0.32333
0.52392 0.25575
0.87651 0.62234
0.75988 0.88185
0.71617 0.00405
0.02024 0.49758
0.94837 0.08920
0.32986 0.80787
0.55277 0.67706
0.47654 0.39560
0.79093 0.08796
0.83411 0.91375
0.82970 0.80236
0.53942 0.74107
0.80458 0.77542
0.54287 0.75906
0.02779 0.28419
0.21518 0.35089
0.51200 0.95214
0.86451 0.36321
0.66749 0.82936
0.54301 0.16948
0.31874 0.88608
0.78741 0.87685
0.22166 0.37597
0.51732 0.35395
0.88815 0.56203
0.14492 0.01441
0.15585 0.61292
0.18704 0.20254
0.34597 0.98494
0.73293 0.25039
0.61591 0.26867
0.40695 0.66251
0.37530 0.43657
0.90384 0.69933
0.60322 0.26335
0.51612 0.37961
0.69175 0.99606
0.14076 0.08472
0.07338 0.43816
0.85474 0.67589
0.85195 0.08154
0.18411 0.42463
0.82905 0.57204
0.13596 0.54720
0.99175 0.80536
0.75280 0.14869
0.62862 0.04756
0.63247 0.52675
0.01558 0.35184
0.64862 0.08471
0.09911 0.79739
0.48082 0.71990
0.52946 0.63349
0.32111 0.55196
0.79043 0.51814
0.59705 0.37678
0.35629 0.35237
0.43071 0.96342
0.25237 0.87625
0.41886 0.94108
0.97522 0.54063
0.07250 0.78858
0.39264 0.49914
0.69836 0.36970
0.05012 0.44888
0.74075 0.49631
0.30839 0.74630
0.16425 0.27023
0.17867 0.56672
0.68574 0.94939
0.65884 0.44182
0.87130 0.20529
0.36544 0.33083
0.69388 0.21992
0.68552 0.76152
0.61938 0.08765
0.03249 0.92898
0.22975 0.86261
0.18415 0.02168
0.65977 0.26883
0.28903 0.77363
0.52452 0.42390
0.50368 0.12477
0.23491 0.54779
0.06629 0.05429
0.34251 0.49530
0.22394 0.65637
0.44315 0.99640
0.72993 0.90856
0.03699 0.82816
0.93252 0.88189
0.53901 0.51422
0.77475 0.84990
0.51441 0.28879
0.16614 0.81244
0.05159 0.29234
0.30734 0.91904
0.46456 0.73636
0.29044 0.80786
0.88213 0.33678
0.47412 0.11840
0.36174 0.71371
0.97470 0.25629
0.49024 0.27786
0.70898 0.69339
0.05374 0.76505
0.68315 0.80677
0.61024 0.89052
0.44286 0.60860
0.58280 0.80652
0.95575 0.07729
0.16713 0.31767
0.47843 0.61907
0.41461 0.85135
0.47381 0.95061
0.12947 0.25241
0.13229 0.10862
0.14522 0.56122
0.77345 0.35822
0.04467 0.22081
0.75697 0.20968
0.48369 0.64831
0.15786 0.83892
0.24780 0.82604
0.06606 0.67952
0.52917 0.25392
0.82141 0.55084
0.49564 0.37780
0.45750 0.64190
0.33093 0.97400
0.45450 0.64623
0.47697 0.17164
0.89664 0.52622
0.79745 0.10879
0.49790 0.24775
0.82279 0.37387
0.52057 0.12436
0.62901 0.04301
0.18282 0.75457
0.58833 0.11206
0.60179 0.34834
0.40692 0.51242
0.26197 0.68519
0.27689 0.96598
0.11317 0.47944
0.45427 0.45032
0.34476 0.44961
0.53921 0.90868
0.52004 0.50633
0.88768 0.10377
0.42360 0.23976
0.11997 0.69056
0.84170 0.61903
0.31468 0.68186
0.58932 0.98596
0.68400 0.24786
0.34653 0.79185
0.75918 0.40930
0.07965 0.59762
0.33519 0.57969
0.02622 0.39215
0.56933 0.74564
0.21312 0.79550
0.23968 0.12197
0.32935 0.23431
0.88813 0.28613
0.60113 0.32711
0.52514 0.39749
0.80568 0.03882
0.70920 0.19595
0.11157 0.36182
0.79764 0.80613
0.19626 0.20426
0.77582 0.25099
0.24224 0.74251
0.22280 0.52062
0.36063 0.38570
0.56146 0.84103
0.73264 0.40068
0.66462 0.96214
0.24297 0.95385
0.11452 0.98439
0.05917 0.69408
0.85032 0.02611
0.39282 0.98892
0.28976 0.02556
0.25047 0.28316
0.35247 0.30788
0.07161 0.47854
0.56271 0.28356
0.36667 0.60443
0.98315 0.49199
0.52119 0.49053
0.51196 0.87784
0.30817 0.32503
0.43721 0.36311
0.86601 0.56967
0.27221 0.98567
0.61350 0.18772
0.65918 0.13992
0.57340 0.82311
0.79139 0.76675
0.64608 0.72830
0.58941 0.36170
0.81623 0.69886
0.75147 0.06864
0.30654 0.50493
0.50097 0.38541
0.30775 0.13009
0.43180 0.18213
0.49484 0.42212
0.04655 0.05585
0.89512 0.46321
0.86036 0.91622
0.45663 0.49019
0.52327 0.20817
0.03241 0.53431
0.40289 0.93546
0.86051 0.48066
0.65009 0.21964
0.52117 0.29061
0.45349 0.62659
0.53237 0.90667
0.75476 0.58748
0.54210 0.00366
0.91693 0.37347
0.64374 0.13932
0.62333 0.89939
0.61561 0.42114
0.95717 0.14130
0.48573 0.64252
0.40787 0.98064
0.44452 0.81032
0.42102 0.81131
0.06728 0.98746
0.70386 0.46528
0.50633 0.83901
0.36439 0.68037
0.50090 0.32329
0.15879 0.09660
0.01799 0.12042
0.65545 0.21916
0.75018 0.37332
0.88167 0.43087
0.96804 0.13797
