0.35074 0.68118
0.10421 0.92079
0.04025 0.35575
0.38333 0.44377
0.35070 0.00302
0.72420 0.59173
0.64645 0.86326
0.70341 0.59637
0.54806 0.93961
0.13097 0.30391
0.98602 0.27570
0.08145 0.68408
0.95303 0.14441
0.39532 0.97629
0.67719 0.70396
0.21537 0.79648
0.15014 0.85897
0.25163 0.70294
0.29983 0.17939
0.42248 0.25309
0.17133 0.53630
0.42524 0.71877
0.85699 0.68620
0.64929 0.88257
0.82989 0.32976
0.74066 0.06525
0.69180 0.99118
0.00529 0.50320
0.77539 0.57558
0.88686 0.42398
0.52719 0.55574
0.55757 0.18717
0.92333 0.11990
0.98249 0.64530
0.42098 0.89795
0.82421 0.81667
0.71108 0.85599
0.94929 0.16382
0.22624 0.32057
0.30451 0.45723
0.70785 0.25390
0.86283 0.58693
0.10897 0.49539
0.96721 0.18720
0.69359 0.23316
0.72060 0.71106
0.22181 0.00436
0.90300 0.84534
0.10528 0.68578
0.94485 0.09455
0.91678 0.62338
0.27038 0.54785
0.53417 0.37005
0.37395 0.99595
0.62374 0.03299
0.24417 0.23616
0.79189 0.76849
0.53561 0.13421
0.36272 0.46850
0.13628 0.35415
0.32215 0.66409
0.92298 0.65022
0.61377 0.51529
0.40251 0.12176
0.65057 0.67219
0.84669 0.71703
0.76854 0.92979
0.45752 0.88776
0.83639 0.58795
0.86601 0.80838
0.70989 0.71245
0.76555 0.00276
0.76801 0.18913
0.93900 0.71553
0.98016 0.43787
0.27850 0.00592
0.80728 0.42508
0.99021 0.51193
0.96569 0.29910
0.56064 0.98098
0.82750 0.32811
0.24591 0.14642
0.21539 0.94469
0.58378 0.77847
0.85701 0.99477
0.55754 0.74329
0.08667 0.08844
0.79788 0.90103
0.61126 0.95321
0.96285 0.38010
0.55582 0.87993
0.68139 0.03808
0.75222 0.77440
0.80335 0.80554
0.55712 0.80462
0.52769 0.32427
0.01344 0.09917
0.39444 0.16065
0.26634 0.32414
0.00239 0.29221
0.09234 0.79275
0.30245 0.09301
0.47891 0.34500
0.81281 0.81010
0.54217 0.69837
0.38319 0.43002
0.41243 0.07884
0.60119 0.90587
0.07876 0.15474
0.43154 0.54208
0.80496 0.03784
0.48989 0.26934
0.27555 0.40208
0.48678 0.59211
0.77241 0.79599
0.53815 0.85624
0.46382 0.18837
0.85672 0.96021
0.99333 0.07837
0.59448 0.10174
0.10281 0.10069
0.89753 0.77817
0.21530 0.69215
0.30464 0.13243
0.19211 0.92868
0.75100 0.96222
0.83447 0.84096
0.36775 0.65757
0.07273 0.11548
0.45617 0.72069
0.97450 0.39802
0.07322 0.60139
0.71172 0.72248
0.21870 0.91006
0.55604 0.92284
0.02174 0.02927
0.18836 0.13105
0.01606 0.25752
0.79300 0.23292
0.21322 0.07493
0.45428 0.97767
0.24045 0.82665
0.18369 0.39807
0.15778 0.92437
0.37687 0.60365
0.57933 0.57773
0.48654 0.88871
0.51992 0.21886
0.89243 0.93151
0.51225 0.30820
0.41161 0.27857
0.68731 0.17607
0.79755 0.23157
0.71779 0.31889
0.40596 0.23949
0.19910 0.60602
0.21821 0.31663
0.43235 0.22371
0.07084 0.41904
0.37282 0.06473
0.21508 0.31363
0.25595 0.67931
0.41239 0.18448
0.64121 0.13927
0.19504 0.77036
0.63776 0.96733
0.89702 0.00706
0.57068 0.96440
0.56741 0.28632
0.37174 0.70633
0.70723 0.48172
0.77144 0.88206
0.98527 0.99733
0.17576 0.15984
0.85263 0.49448
0.54953 0.36174
0.05203 0.83467
0.46840 0.43219
0.86652 0.71203
0.32351 0.18795
0.97927 0.95297
0.09728 0.25281
0.37203 0.09993
0.25498 0.92264
0.69485 0.16630
0.45986 0.67339
0.22654 0.27747
0.42016 0.03549
0.42843 0.63564
0.73715 0.86500
0.87527 0.55414
0.87594 0.32384
0.34773 0.67139
0.13614 0.41498
0.37112 0.50227
0.34528 0.69992
0.05715 0.64610
0.92369 0.83944
0.60567 0.11651
0.40813 0.05012
0.93056 0.95791
0.40956 0.59565
0.69640 0.32706
0.00741 0.46173
0.59757 0.87359
0.60286 0.52171
0.24744 0.67109
0.21611 0.34897
0.12593 0.07704
0.37555 0.22853
0.73105 0.51390
0.31695 0.70036
0.70979 0.79679
0.05025 0.82817
0.46214 0.67412
0.48052 0.69778
0.23320 0.66090
0.71321 0.29638
0.70576 0.81957
0.62799 0.44798
0.63708 0.42062
0.11757 0.33100
0.80871 0.77554
0.02286 0.48429
0.43478 0.86677
0.62518 0.61419
0.27386 0.46514
0.50997 0.02933
0.76667 0.29075
0.92582 0.23949
0.86855 0.98103
0.10171 0.19409
0.33158 0.64887
0.96671 0.34090
0.24280 0.07966
0.25058 0.56670
0.48208 0.21442
0.39712 0.47042
0.83165 0.42790
0.50666 0.14226
0.96469 0.49151
0.18761 0.94277
0.48562 0.80023
0.90272 0.86752
0.20002 0.64382
0.46385 0.46852
0.02288 0.99818
0.25313 0.61140
0.73257 0.34038
0.30168 0.68707
0.90095 0.06574
0.03588 0.39610
0.90042 0.38206
0.17113 0.46904
0.50156 0.29021
0.42199 0.83946
