0.50105 0.14779
0.35413 0.64359
0.19857 0.81957
0.80579 0.39959
0.17778 0.23769
0.76375 0.90446
0.57929 0.14659
0.37641 0.63754
0.65629 0.87123
0.22471 0.02324
0.80457 0.62162
0.60208 0.66982
0.24814 0.62797
0.04694 0.78272
0.58533 0.75930
0.83577 0.41647
0.05205 0.25643
0.42193 0.65676
0.82999 0.95545
0.79510 0.20531
0.10519 0.40719
0.31610 0.65764
0.36450 0.97960
0.48372 0.27520
0.22487 0.56070
0.41616 0.38311
0.43815 0.48199
0.34844 0.34220
0.58931 0.16966
0.65229 0.93860
0.91274 0.40412
0.19488 0.94118
0.70203 0.89992
0.61323 0.17649
0.46974 0.03553
0.56629 0.70190
0.59258 0.99214
0.72648 0.31384
0.04568 0.17750
0.72002 0.22102
0.57262 0.43897
0.14544 0.11819
0.67731 0.39956
0.87509 0.12880
0.71726 0.89260
0.12854 0.73797
0.71534 0.27538
0.39314 0.65542
0.51356 0.71100
0.97762 0.14157
0.01302 0.66391
0.70924 0.05767
0.11247 0.99661
0.51656 0.21669
0.41295 0.19544
0.85023 0.88129
0.21351 0.74145
0.73179 0.22187
0.05859 0.81406
0.30487 0.58793
0.05427 0.02787
0.71078 0.81729
0.64398 0.67142
0.59283 0.84616
0.59195 0.01655
0.23614 0.17718
0.62889 0.93669
0.42069 0.59852
0.40974 0.50676
0.47805 0.38365
0.30657 0.61921
0.64842 0.37936
0.28456 0.19124
0.52907 0.51852
0.47012 0.18222
0.89326 0.25045
0.03304 0.46693
0.50145 0.88916
0.21283 0.48381
0.12298 0.24936
0.69138 0.45138
0.52301 0.41623
0.97470 0.63030
0.41512 0.51513
0.01373 0.05030
0.75892 0.23631
0.31358 0.11768
0.08746 0.66019
0.67652 0.60198
0.39907 0.00438
0.21800 0.01224
0.97048 0.16032
0.37111 0.49824
0.51431 0.11167
0.65781 0.60983
0.71570 0.08064
0.36730 0.56490
0.24728 0.46720
0.30497 0.44309
0.99986 0.47839
0.23716 0.08518
0.22018 0.69835
0.02991 0.61985
0.08074 0.41863
0.04337 0.36559
0.42914 0.26227
0.91058 0.74286
0.39320 0.44934
0.73993 0.52694
0.59317 0.23338
0.82605 0.04224
0.45994 0.47817
0.19231 0.08294
0.29625 0.00943
0.13004 0.51775
0.05244 0.68678
0.56114 0.12270
0.06023 0.92961
0.52986 0.19767
0.80259 0.09789
0.77394 0.67846
0.38584 0.66708
0.49167 0.21478
0.98186 0.82091
0.35060 0.64832
0.75254 0.65596
0.56747 0.23737
0.70880 0.14084
0.33248 0.74989
0.88505 0.91240
0.06808 0.38462
0.67638 0.14041
0.01720 0.71355
0.78704 0.46472
0.96813 0.08467
0.56491 0.25984
0.93656 0.66603
0.27566 0.04811
0.45704 0.07427
0.32659 0.93773
0.36751 0.00341
0.96166 0.61965
0.74510 0.16106
0.84683 0.97421
0.18399 0.40849
0.40731 0.24469
0.55559 0.38597
0.68978 0.84606
0.07394 0.24117
0.83837 0.78431
0.66804 0.43000
0.00001 0.15725
0.36352 0.10711
0.21298 0.44186
0.00525 0.80031
0.40120 0.17912
0.73365 0.43857
0.67692 0.86993
0.50960 0.41145
0.51510 0.63007
0.98162 0.79850
0.65175 0.06609
0.46494 0.13517
0.60958 0.66587
0.61859 0.52451
0.79936 0.12429
0.17160 0.07378
0.62158 0.61808
0.97249 0.86605
0.01713 0.20539
0.92789 0.33474
0.53103 0.47761
0.75187 0.24887
0.51982 0.41947
0.72888 0.04168
0.53706 0.76609
0.42369 0.17748
0.74774 0.61798
0.99268 0.40378
0.87458 0.37863
0.37405 0.91577
0.39592 0.02440
0.41107 0.58408
0.92963 0.74245
0.53825 0.20083
0.24319 0.44234
0.72347 0.14745
0.14119 0.25814
0.12836 0.92800
0.35955 0.59724
0.27643 0.93675
0.01892 0.49684
0.89456 0.37608
0.89489 0.64797
0.86850 0.59512
0.60955 0.64164
0.71903 0.40943
0.46484 0.20314
0.83841 0.54139
0.44476 0.59955
0.40589 0.68374
0.00482 0.17705
0.02487 0.38213
0.55143 0.79506
0.20475 0.03423
0.00019 0.07168
0.18071 0.16677
0.17312 0.72139
0.39022 0.07459
0.83090 0.69467
0.55551 0.42632
0.39611 0.63840
0.39778 0.42769
0.93827 0.77040
0.40451 0.05082
0.25927 0.76556
0.90952 0.93064
0.87994 0.35960
0.35946 0.36135
0.91926 0.29986
0.44680 0.15325
0.14108 0.28133
0.49318 0.39545
0.58265 0.45599
0.32164 0.28957
0.77666 0.83968
0.50892 0.96746
0.82204 0.18964
0.27623 0.98946
0.60293 0.81198
0.71379 0.90307
0.30589 0.31514
0.28826 0.11759
0.37228 0.81782
0.49486 0.54627
0.34464 0.33565
0.71412 0.40913
0.52404 0.79901
0.96268 0.06108
0.53978 0.35285
0.17085 0.06792
0.38440 0.11477
0.58886 0.81951
0.48797 0.51989
0.82623 0.56404
0.12360 0.05322
0.19379 0.14857
0.91538 0.70145
0.58857 0.59604
0.81334 0.95043
0.38364 0.14054
0.70590 0.66785
0.04780 0.63765
0.07214 0.31102
0.63554 0.60378
0.22851 0.91037
