0.74458 0.84771
0.77336 0.17888
0.12996 0.87511
0.76502 0.61210
0.87946 0.58030
0.07429 0.10169
0.16641 0.72272
0.04838 0.41646
0.81208 0.41304
0.62564 0.29366
0.35002 0.53315
0.48504 0.47176
0.83509 0.31261
0.55329 0.28836
0.65235 0.46210
0.12262 0.02578
0.63048 0.28548
0.30940 0.23183
0.87568 0.33053
0.81405 0.06253
0.89010 0.68790
0.68114 0.30499
0.19383 0.15117
0.13061 0.10399
0.92662 0.25959
0.70185 0.94232
0.85407 0.64383
0.85399 0.71045
0.14815 0.98205
0.43806 0.24568
0.57274 0.82486
0.10526 0.92790
0.32813 0.41518
0.12048 0.95484
0.52510 0.90948
0.84932 0.09684
0.37116 0.63920
0.83732 0.54960
0.71484 0.42977
0.17404 0.94592
0.47342 0.73814
0.91388 0.63121
0.58600 0.18810
0.25249 0.31233
0.51301 0.19214
0.27953 0.91901
0.13106 0.46852
0.34799 0.59418
0.75389 0.05740
0.68599 0.51967
0.21391 0.76480
0.50809 0.17508
0.44909 0.66046
0.75520 0.14892
0.71322 0.27524
0.23772 0.53172
0.79456 0.67745
0.03512 0.40846
0.60845 0.59088
0.47939 0.19782
0.71050 0.44229
0.56495 0.72549
0.54429 0.34904
0.57423 0.06462
0.91560 0.25845
0.20010 0.34261
0.83590 0.60747
0.66167 0.99294
0.17221 0.42798
0.42247 0.40579
0.30876 0.52434
0.43564 0.55834
0.48265 0.49321
0.11073 0.74289
0.93455 0.25341
0.19154 0.43539
0.89078 0.77926
0.64482 0.05016
0.03512 0.54263
0.18133 0.43075
0.61932 0.41112
0.61913 0.53304
0.07129 0.82351
0.11514 0.38298
0.18961 0.70600
0.41612 0.53159
0.16438 0.22009
0.28074 0.81576
0.74157 0.23162
0.32640 0.45509
0.21077 0.35475
0.77457 0.90230
0.29737 0.13191
0.73572 0.04679
0.55428 0.51384
0.86820 0.48973
0.38574 0.65234
0.97307 0.78782
0.20997 0.61873
0.01542 0.83258
0.86057 0.53088
0.69876 0.93940
0.07622 0.97814
0.86561 0.84648
0.89196 0.95688
0.00727 0.38660
0.78334 0.46638
0.08633 0.12956
0.61098 0.17003
0.89675 0.83182
0.92736 0.75813
0.75081 0.30972
0.60578 0.81048
0.34438 0.90800
0.82419 0.48778
0.43767 0.43904
0.28154 0.49683
0.32528 0.22612
0.79184 0.41029
0.93056 0.30150
0.08781 0.25454
0.08231 0.63900
0.90871 0.77717
0.42244 0.94806
0.27289 0.18637
0.84876 0.19696
0.00923 0.22665
0.57067 0.75983
0.19624 0.48938
0.48610 0.33213
0.39824 0.51785
0.61041 0.36956
0.54828 0.68534
0.18355 0.64020
0.59305 0.85485
0.61528 0.60818
0.64435 0.14520
0.48728 0.87357
0.99361 0.90495
0.59008 0.25419
0.63746 0.18489
0.69599 0.32599
0.39244 0.44395
0.04342 0.82538
0.39942 0.02424
0.13116 0.71979
0.97658 0.36633
0.88572 0.58945
0.64103 0.99592
0.98760 0.10921
0.64841 0.05646
0.34991 0.50803
0.43652 0.23630
0.57514 0.52792
0.01952 0.18137
0.28602 0.68816
0.05423 0.59780
0.34568 0.88905
0.84276 0.43995
0.99608 0.05507
0.70186 0.76503
0.32347 0.36658
0.25632 0.95450
0.95189 0.09754
0.16195 0.07752
0.59678 0.63995
0.65444 0.46691
0.68987 0.88891
0.28970 0.93467
0.08015 0.25259
0.21294 0.95714
0.30853 0.94751
0.38753 0.03288
0.65918 0.54117
0.70609 0.95804
0.27327 0.37100
0.42064 0.83044
0.45927 0.10011
0.04508 0.60427
0.46592 0.81748
0.52294 0.56931
0.36075 0.96685
0.81796 0.11802
0.14188 0.19146
0.50006 0.28822
0.31347 0.25725
0.59162 0.83051
0.76468 0.94965
0.81176 0.59411
0.80481 0.32485
0.69454 0.01680
0.00866 0.77987
0.77661 0.64500
0.80594 0.61325
0.11477 0.79600
0.11998 0.29715
0.31906 0.42540
0.65059 0.81629
0.71039 0.45299
0.89745 0.48776
0.86650 0.93113
0.54402 0.50370
0.90475 0.85697
0.62773 0.74554
0.81715 0.25992
0.82417 0.50117
0.99447 0.20052
0.51730 0.58157
0.74098 0.66413
0.58057 0.00338
0.28417 0.29976
0.22665 0.15465
0.10486 0.83627
0.04571 0.50984
0.49820 0.04081
0.66418 0.37107
0.57122 0.77357
0.23428 0.34328
0.73414 0.13106
0.20629 0.52430
0.74919 0.76619
0.04959 0.12139
0.57290 0.28058
0.43839 0.04076
0.29116 0.23617
0.73242 0.01770
0.91428 0.22373
0.98800 0.54980
0.53189 0.00647
0.40682 0.50953
0.09043 0.14072
0.86632 0.96806
0.21997 0.06343
0.46501 0.33603
0.25961 0.69112
0.69462 0.83143
0.23448 0.62742
0.00588 0.81482
0.46514 0.37750
0.04957 0.10017
0.62319 0.97922
0.51764 0.59867
0.41350 0.88115
0.09040 0.34582
0.31310 0.67652
0.12320 0.32900
0.60539 0.60256
0.16885 0.98905
0.92125 0.01765
0.40516 0.97458
0.28623 0.53958
0.58577 0.03810
0.72580 0.43037
0.90047 0.21854
0.19707 0.02762
0.14322 0.70233
