0.83191 0.99211
0.42963 0.25765
0.13714 0.97315
0.79132 0.11919
0.73289 0.70884
0.00879 0.85879
0.28918 0.96175
0.15857 0.56517
0.25497 0.82912
0.61203 0.56458
0.12555 0.06763
0.21382 0.50508
0.69835 0.46106
0.45160 0.08015
0.46326 0.81898
0.46833 0.53307
0.21228 0.72330
0.35704 0.37008
0.79148 0.97360
0.87260 0.75286
0.13704 0.19974
0.29754 0.13858
0.48013 0.80415
0.01287 0.04334
0.98139 0.53657
0.18566 0.05800
0.84758 0.50694
0.79275 0.05141
0.03481 0.16062
0.36867 0.25098
0.72560 0.32017
0.24748 0.18790
0.69857 0.51079
0.59424 0.41350
0.47517 0.03969
0.51143 0.99254
0.97347 0.96364
0.32041 0.35506
0.47899 0.86187
0.63434 0.26358
0.18769 0.86241
0.86488 0.40137
0.01519 0.11541
0.18896 0.53174
0.67462 0.62827
0.03953 0.69126
0.00359 0.09250
0.78288 0.98861
0.76016 0.75073
0.74654 0.60023
0.70393 0.15800
0.19535 0.06068
0.01524 0.49833
0.37830 0.20791
0.01517 0.66409
0.09685 0.70827
0.78408 0.05514
0.67085 0.87034
0.01793 0.19068
0.24517 0.27362
0.87712 0.05951
0.04967 0.07570
0.03415 0.89291
0.97071 0.19458
0.96448 0.54885
0.14604 0.31156
0.13650 0.22424
0.17133 0.73176
0.63860 0.16865
0.30886 0.42182
0.08488 0.27219
0.15872 0.31978
0.04425 0.73069
0.51717 0.14477
0.64462 0.39917
0.52129 0.29095
0.07944 0.50178
0.05708 0.20896
0.36776 0.22858
0.76133 0.42252
0.12360 0.59682
0.69005 0.12941
0.41357 0.65481
0.54208 0.39288
0.47819 0.48996
0.18355 0.87253
0.15811 0.33532
0.15197 0.97408
0.34935 0.88621
0.89693 0.94530
0.64565 0.38744
0.74994 0.87524
0.23246 0.75302
0.62995 0.68594
0.05867 0.27695
0.65683 0.99204
0.69042 0.36525
0.24845 0.85593
0.40616 0.08691
0.93105 0.07792
0.32353 0.74370
0.08763 0.12923
0.41623 0.33866
0.94458 0.53434
0.92661 0.73221
0.01378 0.94200
0.13583 0.36511
0.59999 0.21394
0.79747 0.83222
0.53216 0.65935
0.00075 0.43253
0.15856 0.75155
0.13924 0.24271
0.37849 0.96451
0.54419 0.60316
0.66769 0.57332
0.85915 0.94570
0.66198 0.92470
0.92523 0.02481
0.78551 0.49216
0.57145 0.53040
0.66958 0.85324
0.61204 0.27072
0.94113 0.06537
0.02732 0.35094
0.31681 0.85137
0.12552 0.39865
0.34535 0.04414
0.25562 0.26557
0.55086 0.88595
0.80404 0.83775
0.45382 0.18754
0.87895 0.36655
0.84068 0.79859
0.35393 0.59834
0.76514 0.63080
0.97648 0.43282
0.09415 0.05922
0.03321 0.87614
0.40041 0.19775
0.83870 0.95154
0.37938 0.54938
0.95702 0.03037
0.10646 0.70177
0.20884 0.40943
0.25360 0.38692
0.71132 0.68794
0.15786 0.16508
0.51969 0.95091
0.44604 0.95714
0.09493 0.08074
0.94568 0.28628
0.13531 0.18570
0.70154 0.35535
0.25099 0.99901
0.21404 0.46419
0.90138 0.88656
0.42059 0.06207
0.06028 0.63887
0.37888 0.59425
0.31984 0.11032
0.98797 0.40837
0.69767 0.43100
0.29753 0.86857
0.53061 0.16390
0.47691 0.39382
0.95820 0.55574
0.64598 0.88111
0.80493 0.80783
0.12161 0.35479
0.19258 0.30381
0.44003 0.10556
0.99069 0.65514
0.92753 0.80167
0.16967 0.01630
0.73674 0.26963
0.70282 0.57554
0.46529 0.27981
0.48794 0.10725
0.55361 0.45580
0.72626 0.98301
0.57676 0.20506
0.91178 0.51817
0.25078 0.67171
0.80107 0.63638
0.41705 0.16985
0.02342 0.11952
0.29210 0.38693
0.93510 0.27438
0.31704 0.70966
0.34413 0.30401
0.74280 0.57103
0.24328 0.87398
0.39603 0.84323
0.21077 0.90302
0.01624 0.90784
0.08582 0.60875
0.83402 0.80116
0.82598 0.13893
0.53591 0.82201
0.34434 0.82163
0.23572 0.29479
0.97447 0.65774
0.44141 0.10006
0.44788 0.58341
0.03164 0.38383
0.64683 0.44763
0.93016 0.83404
0.30182 0.17145
0.53274 0.72306
0.87282 0.91194
0.46898 0.90751
0.79450 0.92812
0.28567 0.19827
0.72107 0.40490
0.60806 0.64605
0.06348 0.46086
0.95691 0.51485
0.61399 0.44198
0.31928 0.40438
0.50856 0.72187
0.45081 0.57371
0.88205 0.15558
0.31194 0.51721
0.39483 0.28219
0.34405 0.09909
0.50769 0.80990
0.18894 0.01806
0.64503 0.49993
0.57258 0.89113
0.18559 0.83540
0.09437 0.67294
0.68467 0.81582
0.09734 0.50673
0.14108 0.92972
0.68898 0.62703
0.17773 0.01893
0.32831 0.43916
0.20244 0.38457
0.07873 0.30513
0.27732 0.82516
0.62958 0.46431
0.51998 0.42706
0.43256 0.37469
0.52308 0.82889
0.99729 0.72670
0.41544 0.99705
0.29138 0.65278
0.17195 0.16802
0.90401 0.73871
0.02127 0.84301
0.94580 0.55343
0.03268 0.87924
0.99987 0.25596
0.37070 0.56121
0.17189 0.11769
