0.72404 0.10333
0.93115 0.63055
0.83510 0.89714
0.76666 0.91165
0.03646 0.20227
0.66089 0.63697
0.98036 0.98736
0.38251 0.04758
0.03942 0.86257
0.96818 0.20855
0.35833 0.60301
0.37736 0.70409
0.19659 0.05279
0.38583 0.18114
0.30840 0.29251
0.58683 0.41822
0.97914 0.47702
0.14776 0.66845
0.41625 0.96018
0.16352 0.98422
0.37256 0.43736
0.77200 0.93406
0.93411 0.55404
0.23053 0.44850
0.40280 0.02176
0.03501 0.72473
0.02142 0.37956
0.52854 0.42574
0.00387 0.07949
0.77727 0.43583
0.96873 0.95872
0.01018 0.90760
0.74970 0.84886
0.94739 0.14609
0.70117 0.53383
0.23107 0.96498
0.43801 0.72588
0.37044 0.02819
0.06029 0.13172
0.70163 0.77403
0.99659 0.85355
0.38394 0.53269
0.04730 0.91394
0.11681 0.65071
0.04628 0.96171
0.40371 0.46825
0.14596 0.54902
0.83412 0.20726
0.40842 0.76176
0.78362 0.11305
0.13913 0.98407
0.80048 0.37699
0.83924 0.31803
0.55137 0.07328
0.04160 0.22676
0.16068 0.07715
0.35652 0.33472
0.30955 0.03302
0.26250 0.62193
0.85032 0.29033
0.61942 0.79022
0.70083 0.63054
0.97476 0.87306
0.70614 0.13682
0.69546 0.73470
0.46089 0.93847
0.78643 0.83133
0.31585 0.29364
0.07648 0.29909
0.08078 0.89584
0.43642 0.29797
0.45431 0.48503
0.24738 0.09967
0.62757 0.17724
0.91037 0.60988
0.80033 0.46797
0.54971 0.50353
0.56975 0.22324
0.99109 0.56699
0.56947 0.09750
0.45096 0.96502
0.54960 0.08646
0.57357 0.09124
0.42193 0.13991
0.47989 0.29979
0.67814 0.60482
0.30016 0.17468
0.51406 0.66253
0.58675 0.83278
0.15278 0.39128
0.31736 0.79689
0.09915 0.03785
0.05350 0.24725
0.83002 0.88755
0.15286 0.13213
0.07880 0.48755
0.34551 0.35692
0.03037 0.74382
0.03428 0.00727
0.62154 0.36418
0.58118 0.89252
0.43195 0.42059
0.10262 0.55113
0.91262 0.49920
0.56799 0.62962
0.16740 0.02628
0.92382 0.27702
0.65223 0.84316
0.06828 0.58894
0.54927 0.63645
0.44593 0.73318
0.02100 0.40538
0.26670 0.63883
0.27727 0.99913
0.22104 0.62995
0.00812 0.48197
0.21264 0.63215
0.56622 0.61529
0.14273 0.50275
0.46260 0.57829
0.64616 0.64278
0.09860 0.71883
0.06278 0.76571
0.96440 0.41561
0.63259 0.00154
0.70605 0.83520
0.33010 0.96427
0.43003 0.38958
0.61381 0.91063
0.35889 0.79848
0.89494 0.20649
0.02853 0.89256
0.00826 0.59192
0.57336 0.72856
0.22774 0.39896
0.26849 0.13887
0.47010 0.62336
0.99820 0.30689
0.60981 0.96365
0.80677 0.42875
0.10627 0.46181
0.16697 0.28862
0.76735 0.67171
0.97138 0.07550
0.11398 0.88726
0.72167 0.11357
0.62883 0.78738
0.11054 0.93757
0.58920 0.26803
0.11940 0.01060
0.35442 0.91076
0.66896 0.19697
0.14238 0.44119
0.63949 0.61072
0.17119 0.80811
0.82269 0.28325
0.01777 0.00866
0.73071 0.64624
0.49374 0.26330
0.97542 0.23102
0.47957 0.81845
0.31562 0.47255
0.19223 0.99759
0.95699 0.74569
0.84280 0.21665
0.80021 0.08498
0.27745 0.33339
0.06867 0.10615
0.00456 0.49857
0.65175 0.15412
0.96640 0.46637
0.18334 0.52108
0.07512 0.80901
0.39272 0.48748
0.94209 0.64653
0.89259 0.38335
0.41524 0.16811
0.39677 0.25761
0.74123 0.24338
0.25994 0.73095
0.51926 0.85008
0.80605 0.08056
0.21584 0.49667
0.47810 0.84458
0.36421 0.35691
0.30036 0.23419
0.58488 0.54120
0.90303 0.56106
0.22187 0.35543
0.92598 0.00526
0.69990 0.81103
0.70121 0.58018
0.73849 0.23082
0.32043 0.75394
0.02349 0.78287
0.53249 0.27943
0.79241 0.54104
0.26360 0.13733
0.26763 0.99109
0.98511 0.99928
0.90222 0.73389
0.81016 0.39445
0.64473 0.91483
0.80780 0.69781
0.96135 0.64899
0.22784 0.03997
0.15189 0.13812
0.11954 0.40297
0.39545 0.02860
0.05305 0.04452
0.27852 0.86714
0.75340 0.52131
0.01648 0.72682
0.69694 0.72934
0.23895 0.77418
0.57955 0.36418
0.55383 0.04523
0.60144 0.20056
0.11384 0.47079
0.46894 0.89508
0.32483 0.20471
0.65914 0.08278
0.82074 0.74926
0.75270 0.53954
0.51599 0.74422
0.98335 0.63974
0.35227 0.01767
0.63618 0.38228
0.33765 0.67571
0.65594 0.71475
0.38097 0.32633
0.15348 0.11432
0.44724 0.24737
0.00353 0.60401
0.74707 0.88204
0.23786 0.91738
0.75185 0.10923
0.54412 0.91651
0.63026 0.82402
0.28401 0.25245
0.94722 0.32423
0.86891 0.27016
0.90680 0.25265
0.90777 0.06701
0.37440 0.68400
0.22965 0.19163
0.37272 0.19519
0.61259 0.33551
0.93776 0.22333
0.99807 0.10634
0.85670 0.46712
0.30591 0.09945
0.96057 0.02919
0.55136 0.52206
0.12002 0.20347
0.01784 0.45489
