0.76650 0.45851
0.82572 0.82873
0.32708 0.37775
0.74666 0.59820
0.87948 0.92788
0.44005 0.16262
0.80107 0.04022
0.78827 0.64145
0.55512 0.96755
0.88651 0.07686
0.64278 0.59991
0.72372 0.78933
0.00277 0.30777
0.81734 0.77737
0.10854 0.34959
0.48398 0.05445
0.55136 0.20890
0.25553 0.08102
0.90808 0.90188
0.15901 0.39923
0.59602 0.96888
0.22799 0.85198
0.42064 0.81272
0.94283 0.35394
0.08018 0.06476
0.03315 0.57946
0.99377 0.14146
0.31629 0.73856
0.93120 0.32105
0.57853 0.04772
0.76501 0.05480
0.28142 0.95645
0.98497 0.42123
0.23998 0.47026
0.07415 0.77753
0.76434 0.48575
0.71356 0.54005
0.80411 0.85315
0.15692 0.44184
0.36660 0.73075
0.57633 0.80813
0.60773 0.47354
0.74625 0.33872
0.91178 0.44602
0.53766 0.24903
0.71522 0.18736
0.88789 0.16877
0.96882 0.67295
0.01113 0.26217
0.84869 0.51807
0.01808 0.41711
0.86171 0.80344
0.59462 0.15427
0.78398 0.90335
0.00494 0.71733
0.40953 0.42413
0.65662 0.47897
0.99943 0.12473
0.22999 0.22645
0.43808 0.45762
0.53661 0.35425
0.35946 0.32283
0.62428 0.60366
0.69582 0.64742
0.18346 0.48420
0.51266 0.75444
0.38822 0.55730
0.38595 0.49552
0.06551 0.55773
0.56422 0.52717
0.73434 0.58596
0.35539 0.29136
0.42836 0.37557
0.60439 0.44746
0.27193 0.97841
0.26011 0.02610
0.81503 0.89919
0.66116 0.38937
0.46451 0.27334
0.00563 0.34672
0.95004 0.75493
0.43562 0.61723
0.89266 0.47075
0.58328 0.86180
0.53336 0.20192
0.75541 0.71489
0.54620 0.49810
0.36516 0.64267
0.65796 0.59060
0.49225 0.72996
0.65114 0.81857
0.88357 0.02596
0.12397 0.34430
0.09906 0.12509
0.23095 0.56037
0.47764 0.46262
0.41629 0.67051
0.61110 0.37152
0.72687 0.32462
0.83421 0.16456
0.64912 0.04488
0.05120 0.91209
0.70705 0.58939
0.32706 0.64596
0.63734 0.15631
0.35193 0.51425
0.90009 0.55108
0.34877 0.36922
0.27434 0.60908
0.39382 0.41998
0.58494 0.81720
0.00750 0.10711
0.33303 0.29134
0.09703 0.54505
0.57893 0.18299
0.89313 0.52524
0.10415 0.78952
0.02975 0.89954
0.17447 0.32189
0.44957 0.99532
0.14405 0.92186
0.29207 0.58876
0.29110 0.09659
0.12055 0.73676
0.76197 0.33840
0.20047 0.74982
0.75030 0.25863
0.98583 0.62398
0.75287 0.40741
0.81297 0.50463
0.11275 0.62715
0.61159 0.33113
0.06458 0.52800
0.94971 0.03990
0.71591 0.37838
0.24452 0.82427
0.68065 0.84140
0.64787 0.72750
0.53469 0.87798
0.97819 0.45516
0.43477 0.95309
0.81377 0.31056
0.86861 0.28251
0.45599 0.93917
0.74549 0.07178
0.46934 0.04299
0.66767 0.95038
0.34851 0.52009
0.04596 0.44329
0.85598 0.49569
0.75817 0.53867
0.90872 0.26937
0.80107 0.32203
0.96433 0.11722
0.84810 0.99787
0.13790 0.61469
0.58284 0.48051
0.42279 0.63642
0.97773 0.47379
0.60157 0.32935
0.57545 0.34461
0.62472 0.22853
0.25150 0.41394
0.36564 0.78324
0.28305 0.84210
0.29740 0.43160
0.39100 0.96406
0.09169 0.25368
0.45726 0.99893
0.50261 0.32266
0.33024 0.14914
0.34786 0.61123
0.92270 0.13606
0.02913 0.87791
0.08488 0.42935
0.63613 0.13486
0.32664 0.65543
0.27727 0.60284
0.98815 0.75353
0.74432 0.73542
0.99140 0.39037
0.04409 0.35679
0.17563 0.83383
0.15019 0.17587
0.91771 0.69659
0.29045 0.82841
0.50989 0.21179
0.06254 0.49533
0.55978 0.18431
0.02348 0.51021
0.54966 0.04789
0.93028 0.83966
0.53144 0.02071
0.84827 0.37662
0.83966 0.55176
0.65092 0.30298
0.19078 0.64654
0.43045 0.29128
0.31392 0.87787
0.59458 0.76857
0.04481 0.94562
0.09281 0.46950
0.65358 0.08105
0.87186 0.74533
0.65465 0.23299
0.69755 0.47817
0.67664 0.30466
0.03050 0.81858
0.72481 0.89486
0.20892 0.86410
0.04770 0.39481
0.21639 0.56661
0.90892 0.78192
0.23277 0.51798
0.63123 0.50013
0.44097 0.65622
0.15118 0.12526
0.05698 0.07032
0.23439 0.25816
0.31923 0.96776
0.12399 0.14510
0.81228 0.93190
0.11119 0.12587
0.49713 0.39220
0.02072 0.38434
0.03316 0.39989
0.06932 0.16188
0.77560 0.62729
0.19209 0.97896
0.71254 0.41711
0.18754 0.57021
0.85501 0.21196
0.80222 0.09294
0.84748 0.72365
0.39367 0.90008
0.90826 0.33194
0.34332 0.21602
0.40815 0.41809
0.47409 0.92062
0.27906 0.86316
0.77867 0.64454
0.17619 0.04403
0.53053 0.63020
0.94279 0.74865
0.43207 0.19594
0.00618 0.53437
0.11356 0.48855
0.05620 0.64821
0.88909 0.90110
0.50680 0.96030
0.77194 0.67648
0.92815 0.60963
0.79560 0.01269
0.77523 0.10679
0.36608 0.12812
0.34320 0.77394
