0.66440 0.11111
0.61496 0.60441
0.25252 0.06074
0.18211 0.48339
0.13520 0.05355
0.50534 0.57733
0.31487 0.03723
0.85688 0.76391
0.85710 0.58638
0.59164 0.05461
0.67377 0.58058
0.27284 0.42655
0.69818 0.09442
0.65525 0.13563
0.63710 0.19695
0.99367 0.28788
0.80538 0.36029
0.59681 0.15290
0.96789 0.70030
0.08203 0.11947
0.31615 0.74133
0.04702 0.10726
0.02046 0.76137
0.02801 0.41368
0.91459 0.78553
0.56221 0.30089
0.74605 0.29634
0.65539 0.27705
0.37497 0.28984
0.17399 0.98986
0.14679 0.10557
0.38264 0.39524
0.23324 0.02715
0.28262 0.85626
0.40596 0.83952
0.80364 0.23506
0.49941 0.82585
0.31260 0.88476
0.53988 0.77381
0.62278 0.01818
0.61270 0.13425
0.43900 0.80968
0.81809 0.50590
0.83954 0.71176
0.42713 0.40081
0.94799 0.27448
0.70509 0.47238
0.07337 0.49845
0.86648 0.31716
0.68558 0.67889
0.75339 0.37580
0.31605 0.90072
0.93456 0.86795
0.83452 0.92625
0.78371 0.20011
0.22450 0.49403
0.15926 0.04571
0.08650 0.59796
0.60514 0.67189
0.78254 0.74291
0.71838 0.82248
0.51697 0.22870
0.25662 0.58024
0.47622 0.54696
0.92569 0.11874
0.93438 0.75254
0.85721 0.88849
0.48519 0.53881
0.79843 0.17662
0.05290 0.77878
0.70690 0.26301
0.45615 0.50595
0.15883 0.40268
0.34576 0.51804
0.19256 0.31110
0.42263 0.76564
0.48924 0.53098
0.62015 0.31250
0.54399 0.64256
0.29379 0.26046
0.82381 0.61108
0.21429 0.27768
0.27605 0.26393
0.16125 0.82229
0.82279 0.76659
0.72652 0.46492
0.47563 0.21227
0.25093 0.71680
0.43115 0.13937
0.45748 0.17634
0.57329 0.55457
0.80746 0.81702
0.64373 0.90782
0.90653 0.86300
0.32472 0.70896
0.01827 0.62214
0.81191 0.06586
0.87266 0.49083
0.02008 0.07960
0.32588 0.09864
0.63806 0.55153
0.90308 0.46544
0.04764 0.13586
0.76539 0.64050
0.46951 0.69901
0.30265 0.63446
0.62395 0.41161
0.08261 0.87450
0.08014 0.13996
0.75907 0.39539
0.08485 0.00374
0.24873 0.54619
0.05004 0.22593
0.46500 0.53733
0.30671 0.35779
0.80477 0.54107
0.56145 0.02560
0.56944 0.66727
0.74456 0.41824
0.32544 0.01066
0.36079 0.59820
0.53935 0.31715
0.18211 0.55653
0.38326 0.13109
0.85793 0.59608
0.79340 0.91395
0.71479 0.82892
0.98802 0.36590
0.25993 0.60329
0.74398 0.08192
0.33452 0.72502
0.67806 0.64848
0.17706 0.23801
0.29848 0.96461
0.41444 0.80111
0.01499 0.70232
0.75446 0.40141
0.41996 0.90058
0.10313 0.62996
0.31833 0.07691
0.88065 0.33895
0.79090 0.91856
0.68587 0.08802
0.20320 0.00437
0.13726 0.31934
0.01610 0.23187
0.34458 0.32692
0.88418 0.83093
0.60235 0.52419
0.93282 0.86752
0.25676 0.63745
0.54638 0.83258
0.22899 0.88120
0.29864 0.06608
0.38390 0.42205
0.08094 0.44104
0.31258 0.14346
0.64999 0.00055
0.94993 0.54584
0.90521 0.01850
0.30341 0.07927
0.59108 0.45675
0.03229 0.19770
0.91287 0.18823
0.73627 0.45603
0.58255 0.37162
0.75913 0.04208
0.24568 0.32534
0.96769 0.34453
0.53549 0.76663
0.33476 0.75756
0.92095 0.64517
0.33715 0.39912
0.73642 0.23851
0.05516 0.69130
0.19111 0.96102
0.95156 0.56737
0.62305 0.84290
0.49860 0.52849
0.19717 0.95504
0.66112 0.56983
0.77152 0.45038
0.76482 0.09917
0.58353 0.69146
0.71935 0.80827
0.04441 0.59851
0.94668 0.45930
0.43779 0.79972
0.58825 0.31321
0.90109 0.59770
0.82373 0.59288
0.60118 0.23136
0.78584 0.30621
0.12710 0.65842
0.66349 0.89394
0.80123 0.04026
0.00537 0.50676
0.59705 0.01909
0.10255 0.94222
0.15641 0.91615
0.14513 0.69699
0.91442 0.39786
0.71659 0.49889
0.57590 0.63621
0.00031 0.44201
0.34110 0.17858
0.89719 0.68103
0.28628 0.54605
0.45147 0.60289
0.29232 0.63233
0.81198 0.98807
0.04020 0.70554
0.31156 0.22538
0.70129 0.12182
0.35799 0.67617
0.82946 0.55779
0.20694 0.75809
0.44950 0.46220
0.83236 0.00095
0.56359 0.93580
0.80349 0.87087
0.86233 0.47229
0.09568 0.61793
0.02481 0.16263
0.63296 0.69887
0.79378 0.53993
0.63708 0.34533
0.69972 0.61904
0.97668 0.18468
0.29200 0.73208
0.89547 0.24960
0.45431 0.57359
0.50287 0.71149
0.04066 0.39202
0.27017 0.42638
0.10314 0.04017
0.54426 0.49336
0.11460 0.76489
0.56510 0.67865
0.03134 0.79381
0.78026 0.31617
0.41957 0.66088
0.66566 0.86669
0.94215 0.19746
0.94010 0.69994
0.57399 0.95784
0.80865 0.72536
0.03292 0.96267
0.69778 0.80926
0.80729 0.49670
0.60852 0.18603
0.25063 0.59263
0.52821 0.86582
0.52057 0.23138
0.89434 0.81718
0.16622 0.23234
