0.01864 0.51284
0.72794 0.97197
0.52177 0.06442
0.84614 0.78116
0.94088 0.82517
0.41490 0.17873
0.53800 0.34315
0.05976 0.43682
0.43653 0.50732
0.10927 0.96960
0.16281 0.42676
0.75711 0.17584
0.29018 0.83105
0.91141 0.51279
0.69213 0.38277
0.86194 0.63341
0.47170 0.95816
0.88126 0.00420
0.24204 0.71753
0.71868 0.30715
0.90961 0.01328
0.22996 0.49901
0.74780 0.83632
0.91544 0.89748
0.77760 0.85674
0.86907 0.72715
0.42510 0.12506
0.49105 0.98140
0.66051 0.09067
0.43458 0.21711
0.34755 0.05576
0.15166 0.30593
0.61751 0.37513
0.41393 0.05636
0.56397 0.24639
0.45439 0.19898
0.80293 0.81666
0.07025 0.95845
0.89987 0.03018
0.58426 0.60949
0.05356 0.05277
0.03394 0.19813
0.76138 0.13591
0.26514 0.69356
0.58966 0.67654
0.75648 0.46104
0.88800 0.33715
0.27469 0.47199
0.86140 0.02857
0.84320 0.55125
0.88515 0.03896
0.79896 0.19704
0.95274 0.76038
0.87357 0.96682
0.47632 0.49639
0.38852 0.21186
0.17265 0.89111
0.64189 0.05892
0.73748 0.12901
0.73568 0.01820
0.18629 0.88587
0.01525 0.52850
0.93543 0.64595
0.38173 0.31132
0.40692 0.26989
0.97315 0.85627
0.71404 0.64390
0.51378 0.73589
0.62137 0.35837
0.15456 0.66395
0.94628 0.93242
0.36590 0.90702
0.28653 0.46260
0.94637 0.38476
0.64066 0.49791
0.16510 0.51669
0.66122 0.08891
0.39956 0.46389
0.72885 0.89053
0.79855 0.25997
0.27349 0.74214
0.03719 0.64326
0.99475 0.41822
0.85233 0.00488
0.87152 0.71293
0.02828 0.06918
0.67543 0.64347
0.54321 0.34003
0.84967 0.84476
0.55443 0.91411
0.08937 0.22119
0.27975 0.16347
0.54117 0.14977
0.76076 0.33776
0.18988 0.28010
0.44338 0.59997
0.50414 0.09639
0.01380 0.93370
0.89313 0.78255
0.21216 0.81833
0.49554 0.79461
0.09321 0.35525
0.81712 0.17678
0.14818 0.96470
0.23781 0.33067
0.07621 0.08502
0.40745 0.83882
0.41567 0.25828
0.48653 0.17023
0.26533 0.39589
0.13023 0.57471
0.98844 0.78002
0.24036 0.14880
0.99759 0.06913
0.29721 0.04547
0.08858 0.59912
0.81794 0.53764
0.42359 0.51378
0.52358 0.84229
0.42755 0.29359
0.71842 0.14428
0.86534 0.16363
0.38657 0.51951
0.10832 0.87745
0.64603 0.29240
0.76540 0.49524
0.77547 0.12621
0.41625 0.38550
0.16141 0.92414
0.87557 0.78608
0.16610 0.90529
0.94506 0.86461
0.58464 0.07220
0.89463 0.75954
0.95505 0.55619
0.42479 0.96103
0.82276 0.38863
0.70755 0.69531
0.97030 0.44213
0.60439 0.02387
0.46157 0.68317
0.71512 0.28086
0.02321 0.28358
0.59218 0.27357
0.16708 0.67003
0.80194 0.53739
0.40535 0.53724
0.98068 0.01266
0.02288 0.22203
0.95980 0.54519
0.45298 0.61092
0.70635 0.93257
0.08776 0.72536
0.73555 0.53311
0.99294 0.86373
0.76846 0.58194
0.91305 0.85938
0.24420 0.40534
0.67991 0.14626
0.44888 0.33835
0.84275 0.91701
0.17004 0.33157
0.11703 0.82913
0.43704 0.35027
0.36299 0.80603
0.84078 0.48333
0.71208 0.88717
0.73883 0.90012
0.18865 0.08287
0.66403 0.57769
0.23218 0.96041
0.96847 0.15214
0.28350 0.29756
0.26944 0.54471
0.06744 0.47202
0.76346 0.24314
0.11038 0.03802
0.95395 0.44409
0.40261 0.59900
0.84283 0.85696
0.22210 0.90149
0.66164 0.20523
0.15952 0.04038
0.90303 0.26409
0.62618 0.52789
0.96696 0.89746
0.64845 0.20488
0.61813 0.40514
0.71868 0.77576
0.07513 0.93947
0.09891 0.69152
0.88648 0.96235
0.78884 0.63408
0.87836 0.02640
0.96687 0.52567
0.17605 0.39523
0.18797 0.74841
0.30926 0.43855
0.21171 0.11749
0.56393 0.71365
0.31093 0.38502
0.68118 0.11856
0.79048 0.62473
0.55976 0.59891
0.50450 0.79509
0.23119 0.59659
0.62529 0.18587
0.66337 0.29446
0.12487 0.01580
0.12305 0.94610
0.75474 0.83147
0.14818 0.59138
0.83690 0.05455
0.87805 0.18318
0.30043 0.47887
0.01815 0.89434
0.07459 0.31265
0.82915 0.03017
0.58050 0.52684
0.17662 0.85134
0.75722 0.54277
0.71029 0.53952
0.33995 0.04692
0.15303 0.02145
0.98102 0.28712
0.52018 0.80172
0.72561 0.84735
0.14478 0.21962
0.93825 0.89880
0.52956 0.41200
0.24298 0.73838
0.44300 0.45997
0.53994 0.27324
0.78501 0.23108
0.00411 0.50002
0.45023 0.51545
0.72724 0.86313
0.93692 0.86595
0.79438 0.45232
0.65346 0.72635
0.85153 0.56361
0.97966 0.33680
0.89982 0.76313
0.09928 0.83447
0.39518 0.73447
0.16048 0.97393
0.74834 0.12003
0.75200 0.75346
0.51965 0.89231
0.84131 0.07936
0.49156 0.30599
0.82944 0.35489
0.59907 0.33855
0.50314 0.47911
0.60388 0.43839
0.76076 0.45726
