0.65183 0.49099
0.27485 0.21535
0.83855 0.87293
0.67328 0.64679
0.43644 0.18441
0.23695 0.76068
0.14697 0.34301
0.68676 0.68639
0.42176 0.49183
0.52412 0.77177
0.21323 0.73109
0.91025 0.28840
0.28748 0.12504
0.10646 0.96557
0.45839 0.25932
0.90831 0.63945
0.76879 0.10628
0.98102 0.25789
0.95598 0.39323
0.11605 0.08003
0.32048 0.71291
0.70341 0.81891
0.76939 0.48132
0.12579 0.12120
0.01719 0.66115
0.41215 0.29797
0.41801 0.58851
0.85089 0.56986
0.37306 0.95487
0.43909 0.36380
0.14415 0.60002
0.90671 0.71268
0.22600 0.84375
0.38768 0.13921
0.27047 0.09515
0.26134 0.20565
0.43666 0.09118
0.30906 0.43546
0.04399 0.34564
0.00040 0.73163
0.82156 0.56179
0.85090 0.10893
0.94999 0.14964
0.86355 0.16319
0.92125 0.26632
0.94562 0.68883
0.08646 0.06696
0.57945 0.08708
0.46521 0.69992
0.36100 0.73811
0.15470 0.19395
0.05586 0.86211
0.67666 0.82532
0.85298 0.62315
0.72478 0.97784
0.74613 0.16199
0.67434 0.81090
0.45896 0.47619
0.24723 0.63422
0.55569 0.13320
0.73008 0.83961
0.98993 0.12250
0.67548 0.54164
0.82025 0.13984
0.29026 0.70126
0.49239 0.84098
0.09445 0.41259
0.88936 0.82407
0.13507 0.07588
0.11045 0.34280
0.60403 0.04484
0.60616 0.43138
0.09881 0.16444
0.12615 0.83797
0.26787 0.83399
0.94370 0.11008
0.11095 0.89992
0.02025 0.91162
0.21395 0.84031
0.38248 0.23272
0.39150 0.53492
0.39014 0.62857
0.88786 0.21313
0.46776 0.98576
0.41864 0.20722
0.10301 0.45715
0.32779 0.34070
0.96624 0.78001
0.90750 0.94400
0.51980 0.59086
0.24983 0.41849
0.68300 0.53185
0.07865 0.59107
0.34715 0.67272
0.10014 0.35067
0.85777 0.98819
0.70270 0.82495
0.87930 0.21765
0.75705 0.15883
0.00383 0.42859
0.58921 0.13026
0.85841 0.82089
0.81739 0.98669
0.60081 0.29648
0.95533 0.95796
0.15884 0.38852
0.50932 0.48624
0.32947 0.40721
0.22369 0.12323
0.49122 0.36651
0.91841 0.36781
0.06573 0.09619
0.69419 0.30898
0.99495 0.13379
0.05293 0.80270
0.51155 0.00378
0.65704 0.79426
0.29959 0.55403
0.63986 0.68948
0.35898 0.84113
0.99586 0.88383
0.13387 0.89449
0.73320 0.51020
0.42345 0.68697
0.02598 0.17214
0.68667 0.51782
0.84229 0.82875
0.80718 0.88195
0.06423 0.37630
0.59643 0.43045
0.44389 0.80613
0.23171 0.00727
0.48066 0.49621
0.33853 0.61210
0.98491 0.61626
0.35367 0.22315
0.33098 0.53606
0.12177 0.28666
0.35692 0.95042
0.38058 0.43346
0.69761 0.90908
0.78527 0.53534
0.10128 0.18076
0.44755 0.92906
0.10074 0.72994
0.77835 0.83430
0.69353 0.32944
0.19951 0.77814
0.23071 0.65849
0.94735 0.70154
0.14783 0.59430
0.65430 0.18495
0.14424 0.33989
0.75085 0.02633
0.29898 0.94093
0.54853 0.99351
0.82072 0.68588
0.04255 0.73625
0.67798 0.03968
0.98399 0.54261
0.01626 0.54836
0.12705 0.34741
0.99005 0.90637
0.64520 0.53815
0.55624 0.86771
0.33505 0.15818
0.47628 0.52557
0.01082 0.04146
0.33654 0.85809
0.35715 0.72025
0.87570 0.70504
0.38307 0.04840
0.82108 0.18341
0.26870 0.18194
0.83324 0.55280
0.55405 0.88926
0.64798 0.57391
0.73481 0.91366
0.36183 0.85358
0.34204 0.83681
0.00526 0.77021
0.05922 0.20151
0.57196 0.35305
0.66653 0.81946
0.97716 0.70508
0.96420 0.26424
0.86803 0.69413
0.72571 0.96339
0.28101 0.26046
0.55123 0.27202
0.21319 0.02428
0.98822 0.12942
0.02628 0.41197
0.66844 0.01722
0.57572 0.39556
0.44351 0.18860
0.90684 0.72003
0.75944 0.53588
0.13471 0.92766
0.95396 0.02931
0.72117 0.78672
0.37291 0.18541
0.12678 0.89820
0.58826 0.73207
0.76484 0.90000
0.99149 0.84034
0.16379 0.38639
0.51315 0.43482
0.59690 0.82409
0.71478 0.39006
0.99396 0.48186
0.69630 0.11562
0.34798 0.69762
0.55238 0.05341
0.67714 0.30363
0.48127 0.39858
0.46172 0.91009
0.59311 0.19446
0.69904 0.67713
0.59986 0.67489
0.13625 0.75732
0.40475 0.97524
0.68446 0.06889
0.99436 0.67371
0.07163 0.63713
0.51453 0.24038
0.03617 0.97630
0.09674 0.68783
0.49403 0.13470
0.67019 0.76568
0.65633 0.09185
0.05320 0.01688
0.50200 0.94692
0.65090 0.27954
0.73078 0.66003
0.22978 0.71843
0.01512 0.26538
0.20864 0.65864
0.95917 0.14253
0.28468 0.89461
0.87545 0.77745
0.65012 0.45344
0.78570 0.85363
0.13525 0.87359
0.56645 0.58474
0.42105 0.70192
0.24407 0.62314
0.82197 0.68880
0.52744 0.92099
0.58489 0.71288
0.65799 0.44129
0.59762 0.19027
0.49241 0.84251
0.79416 0.97404
0.85581 0.51752
0.30239 0.68041
