0.72993 0.13763
0.54099 0.18589
0.57770 0.24497
0.02016 0.89328
0.81801 0.96244
0.56996 0.98741
0.78676 0.89348
0.96387 0.41165
0.35067 0.54124
0.39734 0.16316
0.31605 0.36183
0.64385 0.63116
0.30102 0.18045
0.50767 0.70462
0.87287 0.63181
0.33882 0.12583
0.32789 0.90742
0.54036 0.85109
0.57294 0.58788
0.59543 0.78488
0.30196 0.87608
0.46642 0.19423
0.46036 0.32597
0.52523 0.11665
0.36100 0.25379
0.92774 0.94292
0.26331 0.40259
0.15753 0.56511
0.89905 0.07916
0.56969 0.23067
0.48103 0.68116
0.92438 0.28548
0.67631 0.94034
0.57502 0.12013
0.34350 0.86633
0.96069 0.58880
0.39116 0.74630
0.35553 0.23461
0.94430 0.58508
0.93621 0.73104
0.07803 0.14893
0.72243 0.44621
0.30176 0.77832
0.30610 0.85911
0.54793 0.26759
0.10572 0.11456
0.99689 0.00325
0.97896 0.79025
0.73058 0.80530
0.75996 0.46641
0.00504 0.95433
0.95159 0.71137
0.81418 0.84413
0.24758 0.99114
0.02371 0.26237
0.66880 0.85948
0.45217 0.67331
0.87751 0.79206
0.45500 0.79929
0.09918 0.90091
0.55236 0.57164
0.02415 0.02893
0.50908 0.95199
0.30133 0.78310
0.73153 0.17839
0.24131 0.31736
0.70206 0.16282
0.82850 0.50107
0.05554 0.61209
0.75712 0.57203
0.18712 0.56470
0.18175 0.33932
0.44702 0.60223
0.75609 0.44847
0.32499 0.41699
0.41337 0.49543
0.32762 0.61914
0.19990 0.99266
0.45560 0.50257
0.41603 0.42931
0.79820 0.74208
0.72304 0.29984
0.68042 0.57714
0.05424 0.14126
0.08594 0.00166
0.87334 0.45671
0.75365 0.10082
0.43726 0.68249
0.28401 0.33592
0.49264 0.48263
0.23067 0.06370
0.72234 0.84220
0.27460 0.19759
0.97596 0.64428
0.75446 0.67871
0.30983 0.61263
0.24105 0.04091
0.07279 0.07652
0.02348 0.09879
0.04475 0.51258
0.50196 0.00584
0.69326 0.59450
0.97329 0.70349
0.23581 0.02251
0.38357 0.06982
0.17873 0.00338
0.00376 0.28282
0.08685 0.43685
0.78109 0.67349
0.39072 0.59844
0.32063 0.87873
0.11288 0.25486
0.26164 0.37210
0.33284 0.94201
0.72869 0.51714
0.43459 0.50935
0.05366 0.98693
0.74792 0.30747
0.22496 0.61258
0.02093 0.45411
0.66313 0.54312
0.61227 0.79830
0.30811 0.37496
0.61374 0.88289
0.47615 0.46755
0.08345 0.93355
0.12458 0.83817
0.02345 0.71480
0.23788 0.28517
0.64613 0.24239
0.88906 0.10208
0.00378 0.72770
0.07187 0.52401
0.60471 0.76261
0.20972 0.07462
0.56430 0.64143
0.87632 0.01558
0.15631 0.40795
0.23377 0.45983
0.33680 0.99385
0.40234 0.99419
0.72848 0.66980
0.17564 0.15741
0.58491 0.20895
0.61439 0.76998
0.93831 0.53023
0.43141 0.27916
0.71519 0.76902
0.65976 0.50954
0.32223 0.18713
0.49778 0.33578
0.70415 0.53435
0.03677 0.33205
0.75735 0.41573
0.14662 0.06654
0.10684 0.47929
0.65064 0.54592
0.85939 0.11203
0.49546 0.87807
0.46813 0.90929
0.13333 0.75586
0.45901 0.47669
0.21644 0.28801
0.26162 0.59805
0.53951 0.04263
0.28121 0.37343
0.02525 0.35755
0.11775 0.97285
0.85344 0.74015
0.50716 0.53861
0.66454 0.63799
0.72539 0.56469
0.31076 0.75918
0.63196 0.02019
0.07595 0.87541
0.82148 0.13912
0.81202 0.37698
0.97845 0.75671
0.47318 0.42837
0.88398 0.20148
0.97072 0.99045
0.81243 0.23681
0.83116 0.39247
0.40686 0.12997
0.08552 0.60514
0.54815 0.91211
0.98147 0.16938
0.85838 0.28230
0.10477 0.38089
0.78389 0.51904
0.26439 0.05773
0.12573 0.76826
0.42070 0.78769
0.47516 0.49985
0.74090 0.32341
0.18004 0.17812
0.57222 0.71001
0.28015 0.06217
0.61605 0.27245
0.20089 0.25233
0.46441 0.03480
0.74583 0.20835
0.31695 0.09816
0.95365 0.57751
0.86211 0.70102
0.29733 0.09531
0.97879 0.43494
0.95201 0.30801
0.25911 0.79836
0.91267 0.76468
0.46693 0.93054
0.68494 0.91731
0.49820 0.12830
0.32745 0.36037
0.36836 0.18951
0.08497 0.06436
0.76565 0.07735
0.85267 0.79921
0.77078 0.07099
0.60739 0.38593
0.71261 0.96221
0.48922 0.74207
0.64877 0.91738
0.34977 0.52144
0.53440 0.60359
0.28141 0.48212
0.16068 0.36602
0.76890 0.44902
0.27021 0.68016
0.13557 0.27917
0.94974 0.03591
0.82015 0.23704
0.67498 0.77396
0.69652 0.95396
0.65623 0.14162
0.36381 0.79681
0.40012 0.41559
0.87855 0.16870
0.02245 0.60929
0.29300 0.00616
0.98447 0.36199
0.23251 0.71628
0.95327 0.30863
0.15483 0.75800
0.15752 0.75830
0.49423 0.81871
0.46334 0.76771
0.32513 0.38727
0.80055 0.64203
0.88508 0.87847
0.94442 0.43939
0.56641 0.93747
0.16613 0.65138
0.19542 0.74555
0.13961 0.08232
0.98178 0.45732
