0.63115 0.30915
0.49622 0.22054
0.53350 0.10489
0.70431 0.86458
0.71827 0.68933
0.33628 0.92797
0.95567 0.04576
0.02080 0.55888
0.61919 0.08928
0.79805 0.47074
0.58221 0.27143
0.46623 0.49789
0.43435 0.26859
0.49109 0.46379
0.97178 0.96361
0.39112 0.73732
0.80023 0.82752
0.69195 0.61618
0.51982 0.00624
0.98496 0.63303
0.70730 0.09639
0.75752 0.91542
0.04509 0.97085
0.38627 0.25181
0.50185 0.74901
0.36731 0.04640
0.56169 0.58188
0.21424 0.67681
0.53888 0.26053
0.71012 0.88411
0.03675 0.49687
0.25079 0.03286
0.77485 0.08615
0.98801 0.18931
0.61454 0.78507
0.01798 0.65665
0.17920 0.65079
0.83472 0.72412
0.26632 0.85823
0.99772 0.45832
0.31223 0.66820
0.79421 0.47368
0.22643 0.90703
0.17684 0.45782
0.79126 0.48288
0.62304 0.52222
0.50367 0.96784
0.55779 0.81071
0.37996 0.80988
0.52226 0.41780
0.65904 0.76655
0.74562 0.40784
0.52131 0.37499
0.25659 0.38694
0.40714 0.66272
0.18898 0.69654
0.58246 0.98842
0.60237 0.74640
0.00536 0.53382
0.17520 0.11361
0.75228 0.57025
0.44621 0.89321
0.87102 0.78654
0.71564 0.48503
0.59314 0.05011
0.81065 0.66445
0.04336 0.59285
0.08834 0.52546
0.06128 0.31327
0.39771 0.15037
0.60972 0.40875
0.31843 0.18822
0.01250 0.68832
0.51029 0.56562
0.80181 0.78718
0.97029 0.59163
0.84513 0.77808
0.11645 0.60466
0.94864 0.45931
0.13495 0.61561
0.31768 0.60996
0.87946 0.52727
0.47343 0.46751
0.83809 0.85547
0.51138 0.66497
0.74104 0.78559
0.26622 0.93511
0.65189 0.65434
0.83612 0.97163
0.05438 0.26737
0.38128 0.58731
0.17149 0.12529
0.68473 0.69141
0.96868 0.72694
0.53069 0.15802
0.06684 0.21018
0.64304 0.81920
0.06340 0.65739
0.02916 0.78038
0.33336 0.04571
0.93729 0.30285
0.70799 0.32522
0.75212 0.57867
0.07371 0.81516
0.46362 0.85438
0.85182 0.42001
0.81990 0.15555
0.96411 0.73579
0.84506 0.24068
0.24423 0.12867
0.40481 0.99753
0.10831 0.47203
0.23908 0.58962
0.05275 0.46209
0.33620 0.11447
0.95551 0.72033
0.39391 0.27803
0.02224 0.56213
0.61367 0.81802
0.80426 0.13112
0.63927 0.66849
0.03123 0.73577
0.05934 0.62567
0.34570 0.61939
0.43785 0.60868
0.95517 0.67740
0.36455 0.01384
0.81782 0.16490
0.42992 0.83244
0.00854 0.50309
0.27243 0.98397
0.21539 0.81552
0.49054 0.45911
0.29102 0.80334
0.89614 0.43320
0.92384 0.31491
0.42637 0.76258
0.48604 0.44681
0.35682 0.01171
0.63664 0.46690
0.76950 0.78145
0.12570 0.61369
0.18331 0.70450
0.79231 0.04199
0.59131 0.96979
0.51354 0.71324
0.29050 0.90550
0.47226 0.86439
0.91076 0.83760
0.15150 0.07873
0.83469 0.37050
0.93182 0.96753
0.82568 0.63535
0.85851 0.26497
0.16992 0.20665
0.15327 0.58337
0.70205 0.82238
0.04069 0.79322
0.65250 0.08259
0.36572 0.59932
0.46127 0.18822
0.96813 0.25168
0.21991 0.24396
0.41610 0.79014
0.06530 0.64419
0.31371 0.43887
0.65380 0.39106
0.69279 0.38583
0.61808 0.68899
0.25896 0.75938
0.44619 0.55275
0.60597 0.91833
0.09433 0.98591
0.96377 0.37220
0.83234 0.76524
0.78835 0.96994
0.57786 0.37495
0.91626 0.13853
0.39073 0.36811
0.75032 0.61871
0.01418 0.98474
0.25424 0.29403
0.14489 0.21569
0.41392 0.66782
0.34031 0.56771
0.94114 0.53743
0.35532 0.68668
0.77610 0.64513
0.38259 0.27242
0.61000 0.14277
0.93661 0.42431
0.16081 0.98619
0.70351 0.01562
0.59026 0.17515
0.60752 0.37972
0.57499 0.45566
0.65837 0.60303
0.60866 0.18107
0.79715 0.93016
0.19586 0.73473
0.02738 0.80222
0.88511 0.07932
0.49306 0.23744
0.03905 0.79735
0.87843 0.31422
0.02257 0.77344
0.93343 0.86230
0.39179 0.89196
0.95977 0.11322
0.45069 0.22675
0.41959 0.69463
0.62577 0.86038
0.82091 0.37483
0.91450 0.79901
0.48636 0.39423
0.04633 0.54097
0.45514 0.97297
0.36308 0.79006
0.30896 0.75290
0.59525 0.10784
0.31115 0.81755
0.69411 0.75190
0.78941 0.02200
0.49886 0.26714
0.05513 0.58201
0.98768 0.21710
0.05446 0.41195
0.29704 0.41105
0.46310 0.66585
0.30274 0.47401
0.03157 0.01069
0.11051 0.01735
0.92354 0.53684
0.21254 0.30457
0.69707 0.65226
0.79092 0.74056
0.00283 0.78554
0.17034 0.81218
0.67942 0.78636
0.65331 0.32777
0.17489 0.09406
0.47502 0.54572
0.86712 0.86220
0.08252 0.37573
0.03611 0.03651
0.15383 0.96087
0.56764 0.58768
0.47217 0.08582
0.44227 0.38705
0.75797 0.60539
0.14671 0.59798
0.92851 0.35081
0.05219 0.08407
0.60836 0.40952
0.65213 0.45914
0.75703 0.30101
