0.34317 0.81042
0.46118 0.61059
0.31078 0.14288
0.22830 0.32015
0.05750 0.07243
0.83269 0.92668
0.73772 0.61128
0.06773 0.85212
0.29899 0.21462
0.58309 0.64658
0.21401 0.77981
0.82567 0.44607
0.14199 0.99300
0.55668 0.05151
0.90714 0.88242
0.70030 0.31378
0.81411 0.44202
0.95821 0.53208
0.91459 0.65258
0.59746 0.36550
0.36563 0.76590
0.45686 0.19789
0.46648 0.89337
0.57598 0.95703
0.42275 0.46845
0.15209 0.94819
0.40835 0.18768
0.99029 0.47859
0.84253 0.63305
0.73139 0.40762
0.19361 0.32752
0.96103 0.59270
0.78346 0.48348
0.91612 0.16451
0.32881 0.80595
0.26539 0.09667
0.32859 0.92400
0.41802 0.50997
0.56979 0.18457
0.30134 0.29009
0.83660 0.92275
0.76629 0.98073
0.97734 0.07938
0.63285 0.83104
0.05689 0.79145
0.44724 0.57297
0.80197 0.78348
0.82514 0.71814
0.78402 0.37709
0.26948 0.81847
0.03626 0.03095
0.80103 0.45845
0.01216 0.50943
0.62397 0.54055
0.41978 0.29451
0.54191 0.57772
0.07664 0.27949
0.02094 0.25126
0.60978 0.50314
0.41905 0.09585
0.51295 0.82452
0.31798 0.58649
0.46890 0.76462
0.41258 0.37299
0.80075 0.50172
0.88173 0.51900
0.71332 0.97028
0.38110 0.06664
0.88330 0.77962
0.26983 0.43280
0.80982 0.70349
0.68782 0.05621
0.62336 0.90924
0.79832 0.36186
0.99172 0.02371
0.56978 0.90706
0.45963 0.54313
0.59912 0.31788
0.66391 0.89285
0.19106 0.42552
0.48435 0.23523
0.90751 0.76741
0.54167 0.34645
0.37060 0.22116
0.19295 0.73834
0.95150 0.66211
0.36277 0.40579
0.27981 0.37763
0.26578 0.52747
0.75876 0.24492
0.53525 0.03318
0.55212 0.74354
0.23402 0.71882
0.43059 0.53067
0.89998 0.34617
0.08325 0.05921
0.29432 0.56052
0.19874 0.64223
0.11798 0.31138
0.10748 0.62777
0.44849 0.36546
0.57855 0.46293
0.14483 0.87402
0.38964 0.01645
0.02313 0.24501
0.95906 0.01393
0.25983 0.39197
0.93647 0.71316
0.89888 0.51074
0.17398 0.42754
0.33581 0.45039
0.77102 0.85256
0.50809 0.44153
0.07073 0.86987
0.25284 0.80180
0.11405 0.68654
0.60266 0.65519
0.46383 0.29104
0.05382 0.02585
0.54869 0.04738
0.82492 0.70435
0.81143 0.48674
0.06362 0.19420
0.61237 0.17240
0.43402 0.90360
0.94269 0.52982
0.72699 0.97996
0.60148 0.82629
0.91412 0.59593
0.25303 0.86464
0.89956 0.38565
0.82407 0.83959
0.58958 0.62601
0.13097 0.51774
0.57330 0.77568
0.75786 0.28179
0.56722 0.11706
0.08430 0.01752
0.70155 0.83468
0.27262 0.65451
0.01641 0.92295
0.91954 0.98044
0.05559 0.41739
0.85613 0.01791
0.25840 0.89942
0.87955 0.57319
0.73691 0.38038
0.44527 0.60707
0.44472 0.18274
0.41743 0.25084
0.02304 0.59172
0.27542 0.80670
0.21934 0.90853
0.61657 0.12901
0.21928 0.03343
0.72667 0.81139
0.19993 0.48810
0.59675 0.54282
0.56856 0.06791
0.36324 0.11525
0.24350 0.33523
0.76350 0.68041
0.47030 0.49283
0.25243 0.73184
0.16258 0.67617
0.20365 0.13703
0.63572 0.18452
0.53634 0.76410
0.01191 0.18577
0.73674 0.50563
0.90073 0.22313
0.17165 0.44631
0.10757 0.37879
0.36097 0.07829
0.40560 0.14941
0.11576 0.99279
0.54138 0.88390
0.13479 0.47538
0.21707 0.02428
0.67869 0.36342
0.57772 0.02691
0.13419 0.73551
0.86487 0.44107
0.34422 0.56847
0.63066 0.85880
0.56460 0.93281
0.23937 0.44035
0.16786 0.41723
0.12474 0.47574
0.29720 0.50182
0.05044 0.40685
0.09555 0.84437
0.48091 0.32996
0.07713 0.85644
0.61277 0.31914
0.72862 0.18166
0.46305 0.56232
0.59154 0.67777
0.78923 0.44043
0.44203 0.31829
0.07520 0.66130
0.52644 0.97158
0.59600 0.47607
0.57138 0.69276
0.16708 0.82009
0.63472 0.03214
0.44698 0.97852
0.45593 0.53870
0.92104 0.29117
0.47522 0.62739
0.39320 0.79150
0.67354 0.54699
0.91607 0.48081
0.60107 0.24131
0.34779 0.62789
0.56924 0.31185
0.03735 0.22380
0.17825 0.23973
0.44990 0.36473
0.80861 0.22963
0.41028 0.68923
0.35275 0.71433
0.14236 0.27418
0.42679 0.54013
0.27463 0.12070
0.49454 0.56763
0.00841 0.17793
0.70129 0.03250
0.50593 0.51505
0.11573 0.56629
0.65049 0.74536
0.78340 0.07807
0.69015 0.52036
0.18017 0.22826
0.49221 0.11824
0.77202 0.68987
0.13182 0.83918
0.23470 0.81609
0.42533 0.32823
0.40251 0.54040
0.01500 0.05633
0.25804 0.84738
0.43523 0.25758
0.47973 0.84582
0.40048 0.81035
0.85233 0.95829
0.78064 0.44892
0.96932 0.85558
0.59203 0.28183
0.68001 0.49079
0.56802 0.41102
0.46689 0.58545
0.36346 0.27325
0.99006 0.97668
0.19465 0.62682
0.41889 0.71974
