0.34393 0.81056
0.37242 0.88470
0.16811 0.35485
0.76892 0.91252
0.75550 0.74461
0.72935 0.11019
0.88363 0.54527
0.02939 0.29778
0.45416 0.20483
0.90897 0.44488
0.76986 0.84282
0.17714 0.84846
0.57481 0.19541
0.07172 0.80847
0.40987 0.35716
0.27808 0.43235
0.48279 0.49988
0.32226 0.80803
0.57547 0.03247
0.87889 0.85719
0.90645 0.59836
0.40974 0.44508
0.24693 0.66990
0.19129 0.20417
0.45206 0.18554
0.70878 0.69941
0.84428 0.52983
0.79064 0.31115
0.70924 0.06586
0.68346 0.53521
0.52694 0.85633
0.25181 0.11855
0.30981 0.99568
0.82566 0.27547
0.31005 0.09695
0.31416 0.91196
0.86035 0.19009
0.94395 0.58544
0.14790 0.93800
0.41805 0.59308
0.44085 0.92749
0.20709 0.93142
0.69110 0.20154
0.75875 0.52004
0.10769 0.33697
0.63158 0.39888
0.75628 0.79637
0.75425 0.56299
0.45556 0.02615
0.87187 0.95545
0.33506 0.70039
0.19440 0.57325
0.83996 0.69138
0.37918 0.09952
0.59725 0.35867
0.86134 0.66175
0.00907 0.28911
0.73447 0.13609
0.89719 0.91818
0.54388 0.39231
0.90112 0.56117
0.55321 0.61254
0.00770 0.19001
0.50176 0.80129
0.50117 0.37613
0.32642 0.00413
0.88601 0.23186
0.26526 0.04641
0.19889 0.93112
0.34730 0.89191
0.73652 0.14386
0.61416 0.36426
0.14714 0.00799
0.50268 0.96270
0.23164 0.05176
0.27260 0.46892
0.70113 0.01021
0.01496 0.28198
0.64287 0.21331
0.80376 0.21953
0.23445 0.01138
0.02861 0.81698
0.52986 0.55698
0.87730 0.85417
0.57906 0.36953
0.14724 0.19273
0.47563 0.19045
0.34927 0.64721
0.91235 0.38040
0.65060 0.90199
0.81843 0.99719
0.43673 0.70802
0.69781 0.76598
0.62406 0.04671
0.48704 0.98335
0.86524 0.37391
0.03939 0.69396
0.19894 0.53997
0.57401 0.59427
0.87673 0.31184
0.37231 0.21859
0.71566 0.97188
0.63339 0.70772
0.35020 0.09501
0.98725 0.67841
0.76156 0.66649
0.86784 0.25704
0.30125 0.16445
0.80662 0.59552
0.83540 0.95244
0.29176 0.71061
0.41576 0.02302
0.61498 0.66700
0.82337 0.06301
0.10055 0.80040
0.39960 0.13610
0.71861 0.27412
0.76361 0.55284
0.14775 0.53708
0.49235 0.63285
0.41570 0.89169
0.55497 0.78370
0.06013 0.10598
0.67776 0.07290
0.97835 0.16312
0.74107 0.24050
0.20108 0.03215
0.32044 0.45557
0.63663 0.50046
0.81784 0.67164
0.08384 0.91327
0.63899 0.01592
0.93543 0.54769
0.00784 0.00297
0.42560 0.39853
0.33301 0.08679
0.01130 0.78677
0.82400 0.00702
0.21686 0.99868
0.19622 0.67172
0.53166 0.01673
0.42936 0.41972
0.26102 0.09913
0.42356 0.93883
0.84915 0.28361
0.32999 0.04093
0.81584 0.32112
0.73463 0.02788
0.31017 0.31843
0.32749 0.31073
0.59680 0.72303
0.29033 0.24983
0.13318 0.76647
0.66557 0.19190
0.84672 0.18498
0.26420 0.18360
0.35736 0.76474
0.07319 0.29282
0.57456 0.63904
0.88468 0.57647
0.64746 0.72720
0.70688 0.57494
0.83201 0.16282
0.27722 0.36950
0.46908 0.19372
0.20718 0.53117
0.93607 0.96682
0.92517 0.43581
0.34637 0.83618
0.49469 0.37195
0.88574 0.81346
0.26803 0.00769
0.62951 0.21342
0.91849 0.20989
0.11749 0.85590
0.63261 0.96791
0.33671 0.53785
0.89763 0.30613
0.21147 0.61399
0.63821 0.10947
0.63265 0.95297
0.77398 0.12312
0.32294 0.06743
0.46192 0.41534
0.59448 0.26172
0.45470 0.89066
0.19203 0.24960
0.78090 0.07429
0.53100 0.57634
0.81917 0.29507
0.90355 0.50466
0.22050 0.89884
0.55942 0.04239
0.43418 0.71167
0.41602 0.09240
0.33312 0.39622
0.84708 0.54380
0.02244 0.89316
0.95621 0.97641
0.47952 0.77531
0.87672 0.87346
0.49443 0.37169
0.04514 0.68088
0.62049 0.12722
0.88981 0.00531
0.55689 0.99801
0.96977 0.36723
0.63854 0.12676
0.83785 0.03825
0.98044 0.95417
0.39553 0.55646
0.09857 0.32656
0.30149 0.45205
0.10836 0.69620
0.39083 0.74696
0.13531 0.82753
0.38087 0.93365
0.01572 0.55357
0.97885 0.46150
0.30212 0.94427
0.27251 0.11112
0.55063 0.97553
0.61460 0.44756
0.23409 0.94575
0.95787 0.20492
0.18529 0.89436
0.56879 0.01773
0.82354 0.77010
0.28527 0.77440
0.40723 0.85428
0.27864 0.62149
0.53307 0.75829
0.05251 0.63412
0.67739 0.30177
0.38791 0.13321
0.78524 0.93215
0.11920 0.63974
0.74439 0.62872
0.74987 0.98240
0.87077 0.86366
0.50759 0.73768
0.93871 0.37603
0.33669 0.14147
0.72704 0.89384
0.82870 0.80808
0.99965 0.17969
0.97427 0.70035
0.46384 0.46810
0.16265 0.13159
0.01116 0.69048
0.75142 0.02175
0.20600 0.45826
0.75490 0.70056
0.53057 0.35457
0.59077 0.45781
0.61036 0.54717
