0.59161 0.94935
0.31329 0.57466
0.02070 0.91605
0.76974 0.56901
0.40041 0.00801
0.13343 0.09303
0.82129 0.09904
0.12673 0.47896
0.10182 0.84151
0.34695 0.04320
0.26452 0.55260
0.53795 0.38491
0.67121 0.84995
0.90073 0.18193
0.82086 0.91546
0.26683 0.92516
0.61943 0.56732
0.00868 0.15211
0.83538 0.52866
0.08400 0.98315
0.42949 0.21499
0.06222 0.04346
0.41489 0.23459
0.61811 0.10272
0.96498 0.01140
0.94382 0.37185
0.67119 0.05333
0.96207 0.62840
0.29160 0.32098
0.48030 0.99327
0.13747 0.48245
0.13969 0.57918
0.64318 0.11771
0.78407 0.69314
0.17791 0.31550
0.93003 0.27850
0.11490 0.74015
0.77958 0.06600
0.28637 0.96436
0.10000 0.18779
0.69400 0.79848
0.39618 0.87821
0.10240 0.25150
0.51988 0.76831
0.09779 0.21972
0.93681 0.08649
0.69020 0.84259
0.72918 0.25731
0.18856 0.95194
0.88410 0.39191
0.67593 0.50879
0.46437 0.42582
0.05098 0.21675
0.33091 0.24661
0.09351 0.87087
0.53673 0.88070
0.60914 0.74908
0.85466 0.59016
0.74816 0.45966
0.71682 0.23411
0.78704 0.79531
0.47203 0.76929
0.02697 0.77966
0.78819 0.28862
0.18224 0.24510
0.85834 0.20641
0.60590 0.77826
0.13311 0.03049
0.98499 0.77933
0.36461 0.37940
0.31708 0.16159
0.23771 0.99160
0.90669 0.30689
0.59648 0.38722
0.01756 0.10541
0.58651 0.65695
0.87329 0.08187
0.33318 0.96517
0.80358 0.95675
0.96196 0.61515
0.64160 0.22236
0.99126 0.41559
0.14710 0.96963
0.24711 0.76178
0.45570 0.97823
0.88394 0.79743
0.77860 0.50943
0.24736 0.23797
0.71436 0.97813
0.87486 0.59175
0.45262 0.79359
0.56660 0.32296
0.79541 0.46885
0.95891 0.17184
0.85293 0.63505
0.59788 0.31553
0.75658 0.12563
0.00854 0.44754
0.20064 0.26427
0.07302 0.76290
0.71384 0.79148
0.15900 0.51456
0.42644 0.15882
0.36113 0.47407
0.75239 0.77851
0.32361 0.44904
0.17795 0.57453
0.16071 0.28397
0.84541 0.12559
0.18385 0.69164
0.33234 0.41976
0.13531 0.38358
0.16529 0.65010
0.86271 0.39772
0.24817 0.60943
0.35826 0.51146
0.15273 0.86758
0.51195 0.80613
0.00314 0.09909
0.12978 0.68199
0.97109 0.08247
0.16600 0.56089
0.83474 0.20677
0.71484 0.41806
0.47983 0.16119
0.95849 0.21837
0.34982 0.76267
0.80140 0.58162
0.62988 0.25045
0.17890 0.74163
0.32934 0.80961
0.89906 0.75429
0.95875 0.18015
0.84904 0.54506
0.61819 0.29901
0.02661 0.27935
0.50994 0.11340
0.20517 0.60477
0.88792 0.46397
0.14182 0.10801
0.26507 0.05394
0.71230 0.40924
0.82304 0.65276
0.33372 0.97348
0.52368 0.89745
0.23174 0.99226
0.99050 0.59198
0.19838 0.52237
0.11734 0.76573
0.92329 0.74165
0.55073 0.75635
0.42616 0.83631
0.85005 0.27899
0.52635 0.44111
0.42458 0.66593
0.03696 0.41272
0.51450 0.88433
0.15827 0.10078
0.43650 0.27653
0.60209 0.32280
0.54652 0.56096
0.44815 0.77755
0.93195 0.81433
0.23175 0.73194
0.78614 0.49621
0.41836 0.26764
0.77109 0.75903
0.86366 0.99802
0.59577 0.68453
0.35210 0.86682
0.42160 0.84484
0.44427 0.51392
0.37775 0.87610
0.47530 0.90506
0.27488 0.56177
0.02635 0.14455
0.29525 0.46247
0.00685 0.04863
0.26784 0.70468
0.09611 0.05931
0.60644 0.15224
0.61285 0.07733
0.38082 0.18203
0.76958 0.09205
0.08814 0.92547
0.90373 0.26345
0.99325 0.54766
0.64847 0.16266
0.86989 0.39469
0.49963 0.26769
0.68422 0.75103
0.88072 0.77505
0.82881 0.20597
0.61297 0.62042
0.31049 0.25182
0.92013 0.03532
0.64903 0.96165
0.60207 0.35049
0.96691 0.30082
0.75256 0.98239
0.90312 0.61117
0.68002 0.64669
0.49158 0.87696
0.71341 0.99655
0.72999 0.56809
0.59990 0.18713
0.54398 0.54167
0.04233 0.08211
0.53262 0.66688
0.64998 0.67380
0.75679 0.68418
0.07529 0.38304
0.56290 0.72080
0.42568 0.99853
0.10266 0.61970
0.44414 0.42578
0.10270 0.75767
0.84711 0.12506
0.10812 0.77090
0.11091 0.78582
0.17426 0.49159
0.28184 0.96100
0.55956 0.33999
0.26852 0.51788
0.96719 0.68065
0.52966 0.55963
0.45555 0.55021
0.09859 0.42758
0.20585 0.31173
0.73946 0.96233
0.11154 0.47954
0.05576 0.37980
0.69799 0.26113
0.13779 0.76869
0.29429 0.55305
0.08395 0.01703
0.51640 0.79335
0.59699 0.47588
0.13967 0.21988
0.07405 0.73224
0.95262 0.62464
0.66792 0.21995
0.06175 0.50495
0.33836 0.65795
0.67777 0.21662
0.24697 0.67803
0.04860 0.44771
0.80466 0.83944
0.08333 0.63841
0.30441 0.73668
0.05963 0.52250
0.18747 0.99654
0.96387 0.82447
0.02395 0.25611
0.57894 0.71733
0.09874 0.92920
