0.45456 0.03383
0.23390 0.41177
0.49594 0.73096
0.78874 0.09122
0.66148 0.37369
0.29510 0.08022
0.68978 0.99488
0.94560 0.28752
0.36506 0.18607
0.80016 0.30576
0.80432 0.56005
0.20793 0.67463
0.38914 0.47115
0.22549 0.95815
0.37034 0.54292
0.00036 0.36904
0.68253 0.25332
0.50872 0.74614
0.00292 0.41504
0.87631 0.90598
0.27964 0.94209
0.08566 0.00509
0.74475 0.01198
0.39886 0.31175
0.87598 0.29127
0.44385 0.21254
0.55898 0.53286
0.89146 0.23408
0.16692 0.45201
0.94244 0.25634
0.51287 0.06736
0.24301 0.18754
0.55043 0.17066
0.94854 0.57268
0.31433 0.80098
0.32271 0.76828
0.97676 0.29320
0.22324 0.61893
0.99877 0.20054
0.13930 0.21273
0.73548 0.52951
0.12560 0.42288
0.45759 0.86222
0.57217 0.29145
0.99259 0.96923
0.30925 0.72994
0.84119 0.02732
0.50888 0.57263
0.75183 0.14692
0.89411 0.08333
0.62872 0.10726
0.86019 0.29522
0.10837 0.36515
0.15775 0.51770
0.67498 0.77440
0.36111 0.09258
0.89235 0.50864
0.18170 0.67102
0.97535 0.31302
0.25908 0.31003
0.64876 0.79973
0.01727 0.85552
0.56247 0.65412
0.64871 0.64517
0.56065 0.66201
0.59850 0.74843
0.32010 0.32893
0.50392 0.75266
0.78883 0.72756
0.07639 0.82130
0.64497 0.64024
0.56060 0.65059
0.34725 0.76507
0.45439 0.58383
0.26678 0.03405
0.16117 0.10832
0.43257 0.90203
0.23003 0.32647
0.55307 0.90161
0.05803 0.33359
0.14400 0.78883
0.88332 0.47390
0.84750 0.59874
0.87206 0.76119
0.41984 0.62333
0.60475 0.16220
0.21907 0.89570
0.40931 0.81720
0.15456 0.65297
0.82954 0.14477
0.76823 0.42136
0.74390 0.83597
0.10524 0.70756
0.41297 0.04606
0.58701 0.36749
0.34124 0.82741
0.54054 0.28153
0.03949 0.98556
0.83765 0.98550
0.74779 0.71937
0.49134 0.18577
0.22321 0.34226
0.74059 0.05610
0.16308 0.39607
0.48213 0.47379
0.13125 0.97334
0.58881 0.95988
0.68328 0.11998
0.64629 0.47428
0.49199 0.05289
0.96724 0.36341
0.28393 0.19360
0.02674 0.49251
0.50958 0.43758
0.15088 0.23552
0.91341 0.76766
0.83514 0.74596
0.14504 0.18318
0.87921 0.71489
0.56909 0.60364
0.64663 0.48093
0.70710 0.41757
0.70490 0.55475
0.71425 0.28403
0.68893 0.33982
0.77821 0.38871
0.72673 0.44711
0.35778 0.66272
0.23215 0.20394
0.88085 0.89699
0.21931 0.08231
0.96398 0.32845
0.33623 0.45182
0.28697 0.96035
0.09305 0.75331
0.64805 0.83807
0.31025 0.76795
0.64313 0.91314
0.67850 0.54729
0.50750 0.95896
0.47101 0.80644
0.47606 0.03407
0.65361 0.89734
0.19878 0.35844
0.85127 0.26685
0.67225 0.15847
0.02846 0.02108
0.34306 0.06892
0.65224 0.31710
0.99016 0.72218
0.41216 0.49058
0.56673 0.35451
0.58800 0.83739
0.93697 0.91376
0.89238 0.38140
0.21451 0.95591
0.79112 0.65241
0.10965 0.78469
0.59429 0.38885
0.59741 0.16777
0.11570 0.72302
0.51638 0.59805
0.73967 0.84110
0.46922 0.56249
0.25010 0.70043
0.53431 0.16575
0.00950 0.11034
0.43402 0.61177
0.69533 0.48057
0.36868 0.28994
0.10085 0.79590
0.18371 0.81036
0.93247 0.07133
0.73283 0.02574
0.23231 0.75986
0.84806 0.18024
0.74766 0.60763
0.90205 0.30324
0.31051 0.53272
0.98886 0.39169
0.42823 0.91523
0.71984 0.05334
0.78478 0.64554
0.86143 0.03865
0.28978 0.02548
0.64588 0.28028
0.42091 0.65367
0.07128 0.19771
0.59705 0.16853
0.45793 0.78646
0.71383 0.97392
0.79871 0.06636
0.64937 0.82104
0.26887 0.68398
0.07662 0.89424
0.91409 0.30338
0.86195 0.09088
0.50204 0.96165
0.15375 0.55922
0.29479 0.92470
0.06014 0.12434
0.60604 0.08229
0.84592 0.17053
0.17714 0.74354
0.73775 0.52132
0.12478 0.34664
0.08988 0.62196
0.44068 0.60392
0.52700 0.87976
0.84740 0.48577
0.17445 0.73453
0.84587 0.56418
0.59480 0.47230
0.38891 0.96085
0.97757 0.63596
0.40491 0.61383
0.27946 0.76409
0.83120 0.05019
0.45208 0.19135
0.14757 0.31903
0.20923 0.84665
0.91024 0.64077
0.37449 0.53909
0.77425 0.61102
0.87191 0.78034
0.48620 0.82687
0.46775 0.08912
0.29310 0.92904
0.31930 0.02032
0.37665 0.56837
0.70493 0.56110
0.58337 0.54322
0.88977 0.46954
0.02426 0.01238
0.46434 0.88467
0.70561 0.34322
0.61607 0.99658
0.80192 0.96192
0.09120 0.64119
0.65978 0.12512
0.58881 0.35652
0.75665 0.03289
0.22908 0.98254
0.14968 0.93535
0.19750 0.87593
0.41473 0.48498
0.82269 0.54939
0.33426 0.50763
0.11115 0.29901
0.11304 0.34836
0.61767 0.93748
0.21854 0.03993
0.68332 0.48297
0.09872 0.46561
0.45908 0.97863
0.51739 0.99464
