0.58036 0.98444
0.27169 0.06888
0.28440 0.65950
0.81138 0.02183
0.09208 0.81772
0.43920 0.08127
0.15134 0.51230
0.69629 0.33784
0.60826 0.60771
0.50562 0.61930
0.41321 0.69971
0.94689 0.22075
0.98981 0.66924
0.31591 0.25993
0.09677 0.68197
0.13420 0.73765
0.31913 0.21360
0.89252 0.34939
0.66208 0.91816
0.86082 0.09966
0.75881 0.22366
0.59223 0.43324
0.68121 0.84150
0.49605 0.12929
0.46620 0.58726
0.57489 0.23822
0.17198 0.13526
0.51031 0.15962
0.14997 0.72411
0.82774 0.12573
0.52455 0.85145
0.89818 0.15359
0.67718 0.82151
0.39900 0.71039
0.19529 0.96343
0.99101 0.29024
0.67010 0.73286
0.52440 0.09324
0.45119 0.18939
0.75096 0.03952
0.68029 0.69574
0.50012 0.33859
0.90062 0.90982
0.90452 0.24839
0.90997 0.63245
0.55215 0.95219
0.74524 0.88373
0.69534 0.44653
0.22386 0.94577
0.59681 0.47456
0.79513 0.12294
0.93464 0.41544
0.24147 0.16587
0.82850 0.08669
0.42799 0.92734
0.40280 0.79911
0.61240 0.00475
0.09389 0.19716
0.88410 0.55129
0.16892 0.36516
0.75445 0.01844
0.57899 0.26874
0.19908 0.36751
0.82597 0.44857
0.13342 0.31642
0.31910 0.18979
0.67881 0.95427
0.75660 0.92737
0.07051 0.77952
0.82620 0.06737
0.64498 0.72930
0.76902 0.56415
0.50497 0.09100
0.12475 0.58411
0.65974 0.39552
0.66264 0.07523
0.46126 0.60310
0.76316 0.68469
0.67184 0.47350
0.41173 0.28874
0.41385 0.93641
0.95412 0.36933
0.73476 0.14881
0.34321 0.59374
0.08609 0.98102
0.62543 0.39602
0.36681 0.48180
0.18820 0.11881
0.53224 0.84725
0.26099 0.23472
0.59712 0.49678
0.08385 0.14150
0.63764 0.57872
0.08995 0.49293
0.26092 0.19959
0.80554 0.15207
0.68416 0.08224
0.91273 0.68734
0.73420 0.46584
0.80080 0.69308
0.23232 0.71865
0.33405 0.55879
0.28284 0.00298
0.74536 0.05988
0.88603 0.91153
0.13432 0.01404
0.71025 0.26142
0.27560 0.39842
0.47922 0.76340
0.41517 0.24219
0.10328 0.57392
0.10848 0.73945
0.05481 0.37945
0.81152 0.73485
0.93675 0.61413
0.29670 0.75506
0.07492 0.30698
0.23204 0.33364
0.70947 0.00397
0.67803 0.88224
0.72567 0.17315
0.31944 0.98450
0.07327 0.65409
0.50115 0.09320
0.86805 0.28936
0.77746 0.51073
0.85277 0.27321
0.91611 0.49022
0.03525 0.68293
0.45518 0.05311
0.04499 0.97977
0.78744 0.53608
0.99938 0.00866
0.36020 0.52618
0.48540 0.65208
0.01848 0.55678
0.72000 0.61220
0.23370 0.92142
0.97629 0.93912
0.63482 0.21647
0.94718 0.30548
0.39981 0.69680
0.09269 0.68160
0.03943 0.29533
0.70218 0.73608
0.33111 0.25974
0.72382 0.32454
0.09229 0.38984
0.70078 0.78891
0.45034 0.11201
0.39234 0.56852
0.88094 0.82290
0.59945 0.27131
0.39675 0.95623
0.48066 0.70436
0.52322 0.71533
0.13428 0.62547
0.27818 0.42674
0.11741 0.81954
0.30138 0.31992
0.20254 0.65974
0.53235 0.01563
0.52041 0.36197
0.11564 0.87625
0.08875 0.78144
0.94861 0.63079
0.52187 0.13848
0.02292 0.97605
0.85064 0.09386
0.36506 0.97033
0.99397 0.86084
0.11922 0.40865
0.75828 0.28385
0.01932 0.89760
0.65473 0.97965
0.16319 0.02647
0.32827 0.17232
0.91894 0.01642
0.46951 0.19126
0.21285 0.52032
0.48619 0.58253
0.09856 0.20725
0.77846 0.16031
0.83634 0.59035
0.20215 0.96261
0.78659 0.60255
0.08410 0.06661
0.64371 0.80978
0.56869 0.22189
0.53775 0.58049
0.75694 0.43597
0.68840 0.98432
0.40065 0.10085
0.96896 0.86946
0.57654 0.56980
0.07172 0.48797
0.85918 0.49909
0.73283 0.75623
0.19122 0.30425
0.30697 0.79181
0.30796 0.79493
0.79703 0.16915
0.56982 0.76172
0.86800 0.36906
0.74326 0.60783
0.83628 0.41646
0.05482 0.39429
0.35363 0.79796
0.00981 0.89332
0.20482 0.74331
0.99825 0.54461
0.25011 0.54397
0.89862 0.29913
0.23386 0.93401
0.72902 0.34042
0.82678 0.89815
0.46196 0.30275
0.50333 0.55792
0.17320 0.66254
0.03172 0.12726
0.68863 0.94841
0.15363 0.97734
0.68681 0.06677
0.99714 0.42040
0.79218 0.03712
0.57036 0.71259
0.20967 0.22362
0.28634 0.21194
0.82419 0.73498
0.70286 0.77674
0.80495 0.46571
0.20715 0.13678
0.18975 0.67700
0.80800 0.97356
0.74745 0.35645
0.69028 0.86083
0.52088 0.76879
0.51760 0.27712
0.43554 0.17021
0.29478 0.73879
0.94890 0.74612
0.08602 0.58471
0.98228 0.73667
0.08829 0.91916
0.16718 0.74911
0.89750 0.69859
0.60352 0.01704
0.81705 0.92345
0.74252 0.00935
0.14258 0.36261
0.20629 0.21784
0.36315 0.20058
0.53819 0.02304
0.80503 0.13165
0.02232 0.62707
0.35836 0.22392
