0.33039 0.92254
0.34645 0.74553
0.85960 0.06330
0.39862 0.00574
0.96800 0.32615
0.87962 0.73451
0.75901 0.35992
0.42421 0.20517
0.11973 0.98201
0.95270 0.81327
0.76057 0.58603
0.66435 0.28916
0.45436 0.74845
0.11360 0.80297
0.49178 0.99341
0.08512 0.92631
0.03308 0.21971
0.12402 0.46441
0.66974 0.91078
0.02725 0.88751
0.94250 0.99032
0.41327 0.21819
0.46378 0.14114
0.62972 0.32301
0.08418 0.71896
0.86071 0.75689
0.54942 0.08223
0.47202 0.86222
0.33962 0.10972
0.48339 0.30639
0.58690 0.87208
0.73618 0.39628
0.20343 0.15465
0.79031 0.37581
0.23775 0.83003
0.38864 0.83215
0.99492 0.39367
0.32758 0.86455
0.02842 0.45923
0.19631 0.77671
0.78748 0.59693
0.51118 0.64122
0.80307 0.06313
0.68923 0.38161
0.49714 0.11947
0.06853 0.53097
0.69421 0.34537
0.72216 0.62340
0.33307 0.01640
0.26028 0.16743
0.34574 0.16446
0.93048 0.16297
0.24005 0.19921
0.50643 0.11234
0.64309 0.60749
0.87224 0.21236
0.63867 0.69772
0.33497 0.13154
0.88907 0.26580
0.72876 0.72337
0.51513 0.84680
0.27254 0.65449
0.98259 0.12967
0.80270 0.30161
0.32068 0.69370
0.84036 0.51307
0.04151 0.62829
0.33289 0.27287
0.64700 0.51604
0.57015 0.94592
0.24726 0.08360
0.81355 0.02772
0.50266 0.30099
0.32235 0.85831
0.76385 0.36909
0.53795 0.56325
0.23967 0.12115
0.43677 0.74427
0.03609 0.96211
0.25997 0.37389
0.89193 0.32250
0.48636 0.61285
0.95343 0.25143
0.36106 0.74950
0.27604 0.40192
0.94612 0.36011
0.94340 0.38983
0.40135 0.70239
0.36999 0.94120
0.13126 0.95605
0.77974 0.90399
0.62604 0.12954
0.66499 0.33205
0.26504 0.96771
0.53756 0.43966
0.55981 0.91193
0.58408 0.65978
0.55721 0.65525
0.24571 0.89390
0.93303 0.80832
0.39223 0.53003
0.98328 0.69415
0.22127 0.59615
0.90929 0.15977
0.90776 0.17173
0.82714 0.22438
0.76253 0.08003
0.47363 0.20709
0.64361 0.44050
0.02774 0.18460
0.53229 0.75549
0.99049 0.09313
0.83540 0.11199
0.05836 0.49154
0.68674 0.85150
0.14054 0.26416
0.91480 0.13832
0.05256 0.80131
0.32093 0.57224
0.82260 0.91885
0.49840 0.11181
0.55063 0.28210
0.64752 0.54593
0.13106 0.98042
0.85759 0.54038
0.67123 0.08822
0.72950 0.34696
0.39412 0.36863
0.93727 0.48096
0.87582 0.10658
0.26622 0.73962
0.35707 0.26891
0.84049 0.99394
0.91724 0.45771
0.01946 0.70013
0.66307 0.95727
0.81762 0.96519
0.40625 0.76157
0.44501 0.98787
0.80043 0.12426
0.84697 0.75753
0.72895 0.65648
0.41309 0.74075
0.15740 0.43516
0.76062 0.19575
0.91740 0.93561
0.93249 0.95085
0.71486 0.71320
0.42682 0.29939
0.38427 0.19387
0.04257 0.11709
0.51040 0.88911
0.96723 0.41709
0.48230 0.02705
0.29465 0.55331
0.62962 0.63740
0.06128 0.89472
0.90205 0.39311
0.82726 0.56712
0.69179 0.21792
0.47861 0.28812
0.71592 0.27383
0.59812 0.82476
0.27710 0.72454
0.92530 0.68048
0.43921 0.16345
0.75278 0.75599
0.29038 0.41092
0.93603 0.48925
0.93841 0.30245
0.10602 0.95707
0.10429 0.40018
0.97221 0.13821
0.08924 0.04845
0.69901 0.48787
0.50041 0.78170
0.74059 0.23469
0.43838 0.10509
0.62839 0.17545
0.34002 0.13902
0.68341 0.30347
0.05056 0.77841
0.01447 0.52773
0.53886 0.79736
0.69647 0.97569
0.46144 0.12185
0.14453 0.95876
0.74103 0.20681
0.88420 0.98410
0.53859 0.44526
0.13856 0.89563
0.91173 0.19506
0.23702 0.38458
0.92745 0.37388
0.37155 0.93056
0.11034 0.80172
0.98868 0.14634
0.94013 0.73014
0.35140 0.91772
0.76964 0.81279
0.91639 0.62594
0.81864 0.42271
0.04198 0.92359
0.57773 0.39100
0.00046 0.29447
0.31937 0.74721
0.53187 0.11763
0.03746 0.87163
0.34329 0.23258
0.30951 0.71048
0.60924 0.65076
0.54106 0.93410
0.98426 0.39048
0.83956 0.09439
0.82950 0.42961
0.27810 0.80400
0.11837 0.96945
0.41735 0.94961
0.53605 0.72129
0.87936 0.99988
0.02655 0.74354
0.93616 0.74322
0.28039 0.84516
0.23506 0.61430
0.74259 0.86871
0.14491 0.19901
0.82712 0.96006
0.37488 0.10085
0.25737 0.16914
0.06463 0.02822
0.39993 0.14751
0.54633 0.14974
0.27368 0.25785
0.91099 0.51132
0.89553 0.87278
0.97860 0.70945
0.51748 0.67622
0.76762 0.51861
0.80091 0.49966
0.92932 0.67991
0.41463 0.84721
0.69351 0.46104
0.50040 0.49218
0.65351 0.73940
0.73153 0.34209
0.59907 0.58975
0.40017 0.37869
0.51475 0.11128
0.14378 0.25394
0.58581 0.61513
0.24408 0.47519
0.78301 0.90878
0.42136 0.58865
0.67534 0.58850
0.77197 0.79824
0.44845 0.83621
