0.99296 0.69162
0.76639 0.67606
0.62639 0.50412
0.31372 0.70558
0.59370 0.93893
0.28760 0.28285
0.18089 0.82759
0.25246 0.08830
0.56731 0.28627
0.57048 0.95118
0.68413 0.14172
0.58067 0.09993
0.32887 0.61234
0.08634 0.81114
0.79921 0.27337
0.24410 0.16382
0.44437 0.03200
0.72374 0.01379
0.82470 0.03198
0.44418 0.14840
0.34800 0.89720
0.88868 0.17472
0.72989 0.03019
0.52441 0.50236
0.94534 0.77616
0.64784 0.11323
0.93567 0.47765
0.81753 0.93924
0.74199 0.97751
0.31328 0.16746
0.09068 0.66444
0.61331 0.51849
0.54804 0.44570
0.65661 0.19899
0.93712 0.29668
0.23593 0.65959
0.22065 0.30486
0.83015 0.50037
0.31846 0.94797
0.07812 0.63258
0.90145 0.29057
0.57775 0.17158
0.47229 0.89404
0.64900 0.80517
0.14290 0.24298
0.27519 0.95681
0.11512 0.52479
0.52312 0.19361
0.25941 0.22265
0.29156 0.90772
0.96749 0.07433
0.85405 0.08333
0.02004 0.44694
0.95912 0.47499
0.46011 0.99250
0.96320 0.87105
0.98433 0.18417
0.20757 0.37169
0.99878 0.98159
0.20922 0.37412
0.02368 0.87085
0.90583 0.76449
0.18190 0.79922
0.72410 0.95466
0.91426 0.91126
0.87548 0.05905
0.47474 0.38326
0.92217 0.31586
0.57196 0.20614
0.08608 0.18456
0.87667 0.35018
0.29657 0.32134
0.58776 0.84729
0.95773 0.58441
0.49055 0.06106
0.77661 0.48173
0.51617 0.17817
0.43663 0.49798
0.24419 0.87908
0.83499 0.54959
0.73425 0.45709
0.50131 0.81419
0.20704 0.49947
0.17956 0.62065
0.17244 0.17797
0.93622 0.34212
0.97238 0.76582
0.37934 0.96257
0.55395 0.96430
0.72027 0.82218
0.95549 0.89330
0.74255 0.23489
0.15297 0.59132
0.75084 0.50657
0.94533 0.04552
0.26200 0.55135
0.01373 0.92292
0.08897 0.83554
0.92086 0.12638
0.77534 0.78126
0.43959 0.78731
0.46197 0.40787
0.57854 0.64417
0.55015 0.47583
0.30702 0.11485
0.65415 0.43548
0.53748 0.49212
0.51409 0.29707
0.24952 0.10019
0.41272 0.72771
0.77743 0.26993
0.68533 0.16528
0.93606 0.73103
0.22224 0.89030
0.13729 0.45938
0.11227 0.44921
0.63136 0.01360
0.19639 0.58298
0.35154 0.41208
0.14062 0.80649
0.92162 0.74277
0.16923 0.80078
0.92324 0.07954
0.02066 0.23786
0.41983 0.31393
0.58908 0.87652
0.51976 0.50967
0.54101 0.97580
0.45518 0.40035
0.29208 0.05483
0.72633 0.01277
0.55201 0.01273
0.94457 0.01639
0.05624 0.33985
0.26103 0.20617
0.12005 0.98114
0.74293 0.55973
0.66051 0.29670
0.39527 0.64519
0.96261 0.06637
0.54980 0.60247
0.11941 0.42458
0.81357 0.69113
0.85019 0.29350
0.40169 0.21446
0.88842 0.28783
0.29169 0.21936
0.55633 0.94254
0.93673 0.03937
0.42436 0.44844
0.40335 0.61945
0.60461 0.38184
0.32423 0.07955
0.49370 0.42504
0.29067 0.44255
0.20136 0.95103
0.73336 0.17773
0.19783 0.74504
0.21104 0.52694
0.47469 0.69115
0.06775 0.16646
0.16097 0.14448
0.85170 0.84148
0.25256 0.39200
0.56449 0.59633
0.40225 0.05917
0.28494 0.86598
0.35381 0.74768
0.42786 0.84757
0.51330 0.08575
0.85247 0.68048
0.68791 0.24840
0.82232 0.41658
0.74708 0.66318
0.30635 0.70605
0.99580 0.67990
0.43039 0.15509
0.05069 0.41590
0.60358 0.37494
0.70761 0.02562
0.45082 0.23299
0.18907 0.98524
0.72810 0.33512
0.07511 0.82900
0.21973 0.81982
0.96735 0.85431
0.11607 0.03267
0.00072 0.61868
0.32472 0.22543
0.30670 0.85302
0.01923 0.86867
0.76931 0.95767
0.84845 0.60311
0.77186 0.90854
0.91865 0.46255
0.09114 0.36377
0.03601 0.64967
0.89527 0.04808
0.66957 0.32678
0.04651 0.34603
0.30890 0.72885
0.42378 0.95755
0.75734 0.92931
0.32319 0.53203
0.18292 0.65311
0.93777 0.99068
0.87925 0.90063
0.89555 0.05659
0.36713 0.96185
0.16445 0.38479
0.32534 0.84754
0.73386 0.44017
0.18322 0.63652
0.22084 0.51961
0.15489 0.29614
0.66582 0.47674
0.09425 0.44064
0.18366 0.96788
0.47772 0.89250
0.51605 0.11994
0.15108 0.36210
0.52832 0.89988
0.00754 0.56097
0.89784 0.20370
0.78883 0.05929
0.76157 0.17440
0.24153 0.02298
0.51553 0.09441
0.49963 0.78203
0.13561 0.87348
0.67842 0.98048
0.82083 0.71367
0.96749 0.28781
0.12044 0.62688
0.14641 0.35588
0.16412 0.96854
0.34166 0.49212
0.87496 0.38146
0.40626 0.34420
0.52989 0.10723
0.50795 0.55964
0.44196 0.31320
0.50937 0.57580
0.45238 0.66574
0.49265 0.35564
0.13261 0.26065
0.36127 0.97541
0.88444 0.19332
0.33088 0.17665
0.16853 0.81741
0.15682 0.75774
0.35135 0.00819
0.07866 0.85846
0.31092 0.98960
0.36776 0.31504
0.21534 0.80826
