0.47089 0.93429
0.46932 0.56141
0.73526 0.28158
0.15791 0.95090
0.10316 0.77381
0.87272 0.30876
0.37110 0.55189
0.90145 0.31123
0.62624 0.85074
0.81111 0.05208
0.61942 0.40785
0.35735 0.32724
0.71253 0.71632
0.24700 0.82447
0.52042 0.78824
0.28026 0.90300
0.26816 0.40929
0.36123 0.69893
0.11924 0.66709
0.05898 0.42866
0.66380 0.81259
0.35836 0.85066
0.55766 0.01335
0.36951 0.10823
0.63757 0.14667
0.46038 0.18188
0.51100 0.12735
0.15642 0.43148
0.86702 0.41087
0.21031 0.78581
0.64306 0.67268
0.69842 0.65958
0.00687 0.14479
0.76601 0.43551
0.19202 0.07010
0.71143 0.54763
0.79505 0.25642
0.48400 0.58126
0.47142 0.34329
0.84188 0.91658
0.14736 0.89836
0.00252 0.93283
0.61984 0.67448
0.30964 0.45401
0.55640 0.10702
0.23535 0.46991
0.51510 0.38446
0.27995 0.69493
0.54271 0.28814
0.85388 0.39555
0.92272 0.95656
0.48312 0.68300
0.32344 0.24798
0.93940 0.68075
0.57401 0.32142
0.83503 0.17021
0.14144 0.12057
0.75244 0.72997
0.52114 0.79032
0.47741 0.25855
0.62019 0.83115
0.01422 0.97959
0.32848 0.23650
0.72019 0.13952
0.81469 0.70291
0.44666 0.96761
0.31748 0.21482
0.87128 0.25628
0.80138 0.51409
0.23187 0.49626
0.70150 0.07891
0.50760 0.09109
0.06722 0.69978
0.55108 0.91906
0.12082 0.06000
0.79438 0.59084
0.03777 0.85135
0.90222 0.37806
0.39622 0.63530
0.44961 0.14856
0.23174 0.30938
0.60168 0.50738
0.54862 0.83361
0.83870 0.51719
0.94619 0.76988
0.64960 0.96633
0.58150 0.20619
0.41553 0.62458
0.48687 0.15824
0.32465 0.97826
0.11082 0.09418
0.41477 0.71972
0.55685 0.81123
0.74368 0.80777
0.95864 0.92473
0.62320 0.24400
0.83744 0.47584
0.79882 0.81924
0.77606 0.47486
0.05916 0.63632
0.05155 0.22260
0.66560 0.96126
0.45936 0.74182
0.13555 0.80009
0.47881 0.55937
0.10328 0.82358
0.22913 0.89061
0.45157 0.52553
0.55184 0.86048
0.07945 0.72355
0.60534 0.62955
0.78029 0.91241
0.90789 0.29298
0.06751 0.34053
0.05330 0.37730
0.35229 0.15160
0.80716 0.32996
0.90138 0.17595
0.75880 0.45998
0.61076 0.69476
0.26133 0.63609
0.04864 0.07695
0.03798 0.21182
0.37427 0.94000
0.11258 0.43593
0.68074 0.03264
0.32423 0.28417
0.01933 0.59295
0.31119 0.56608
0.86813 0.47438
0.77465 0.17700
0.51692 0.85524
0.32612 0.32948
0.72270 0.44600
0.41683 0.83516
0.95985 0.22889
0.52767 0.14453
0.43062 0.09722
0.33345 0.22958
0.36466 0.02441
0.32121 0.30972
0.55121 0.04823
0.50332 0.85760
0.50351 0.52367
0.94323 0.13608
0.44469 0.51610
0.83278 0.27682
0.27620 0.42620
0.11874 0.86277
0.58244 0.69736
0.32908 0.02905
0.81516 0.55017
0.65347 0.04374
0.72014 0.62309
0.96896 0.68719
0.96867 0.46614
0.33238 0.48531
0.14910 0.26677
0.48297 0.43628
0.64474 0.62402
0.38051 0.22230
0.99677 0.32847
0.56840 0.55917
0.11382 0.47045
0.05671 0.02538
0.07939 0.19502
0.54576 0.38060
0.73268 0.10926
0.28723 0.64226
0.77276 0.96864
0.04430 0.06870
0.37346 0.96174
0.31079 0.59852
0.16713 0.89964
0.05552 0.98032
0.85422 0.44372
0.27241 0.47321
0.37640 0.62100
0.41457 0.55998
0.14745 0.24781
0.99019 0.44267
0.28157 0.33557
0.59260 0.31044
0.16222 0.52761
0.60575 0.61314
0.19947 0.83285
0.71045 0.61668
0.97444 0.47718
0.75188 0.48898
0.03529 0.97676
0.36289 0.95742
0.29274 0.98705
0.62527 0.37947
0.31224 0.76402
0.04691 0.97325
0.29367 0.00647
0.76412 0.02885
0.10378 0.22474
0.96264 0.15951
0.98672 0.42666
0.85797 0.54587
0.23297 0.48538
0.29502 0.93025
0.78059 0.11093
0.49836 0.74782
0.97769 0.11271
0.06114 0.10214
0.69435 0.72450
0.65423 0.05592
0.10267 0.61383
0.59367 0.99567
0.98834 0.07921
0.27665 0.80626
0.80523 0.41122
0.44459 0.98986
0.47755 0.27184
0.84882 0.94715
0.91123 0.06676
0.25317 0.42506
0.56563 0.19348
0.36181 0.22444
0.58422 0.30975
0.28653 0.52454
0.12770 0.96185
0.74936 0.43452
0.89293 0.52568
0.42857 0.89442
0.84823 0.08160
0.52271 0.44839
0.08509 0.59515
0.39487 0.83421
0.91300 0.64650
0.94527 0.63823
0.33829 0.82837
0.62326 0.10966
0.80838 0.37340
0.11912 0.66352
0.29327 0.22098
0.13868 0.65471
0.29927 0.17695
0.81088 0.71770
0.31239 0.28290
0.65211 0.38617
0.46012 0.41881
0.62174 0.48327
0.67700 0.40737
0.38554 0.33374
0.57848 0.97457
0.54789 0.63559
0.17772 0.49291
0.21587 0.50551
0.38429 0.67550
0.31246 0.57376
0.99988 0.90267
0.71193 0.91291
0.41378 0.53226
