0.31146 0.45249
0.70133 0.59695
0.16503 0.36799
0.89659 0.95765
0.94704 0.30307
0.09430 0.98146
0.23245 0.93420
0.61477 0.01570
0.66966 0.89021
0.28409 0.18217
0.30554 0.95710
0.42691 0.66166
0.69715 0.66800
0.80736 0.14046
0.80794 0.92768
0.19212 0.61677
0.44258 0.38532
0.20192 0.93210
0.21236 0.20448
0.20507 0.08700
0.37839 0.00944
0.66198 0.42936
0.19319 0.70185
0.54753 0.44570
0.33844 0.23056
0.52878 0.83111
0.20729 0.38380
0.51500 0.66597
0.16556 0.80238
0.08039 0.60298
0.01271 0.18499
0.72055 0.70521
0.49541 0.86212
0.99918 0.64045
0.36217 0.43964
0.20559 0.10175
0.80916 0.77729
0.17450 0.93842
0.80143 0.36015
0.26526 0.93771
0.36611 0.40142
0.87886 0.39620
0.64060 0.84160
0.60690 0.92756
0.56897 0.30048
0.83957 0.15687
0.63687 0.80527
0.37316 0.62650
0.39740 0.66474
0.14621 0.11274
0.48403 0.09890
0.52384 0.67741
0.52883 0.01280
0.56436 0.33204
0.22892 0.84371
0.94603 0.08066
0.66961 0.24822
0.41408 0.50082
0.57347 0.61540
0.40769 0.19961
0.90693 0.97406
0.74860 0.30753
0.93775 0.52719
0.16237 0.27606
0.41814 0.14435
0.08406 0.63051
0.56363 0.85765
0.85466 0.80820
0.73153 0.58437
0.87895 0.34229
0.80566 0.72434
0.64157 0.39782
0.08677 0.08512
0.10417 0.89507
0.15595 0.84398
0.34176 0.44979
0.83990 0.92031
0.19958 0.74765
0.80398 0.12913
0.03506 0.23428
0.44299 0.76355
0.59609 0.22714
0.90315 0.52712
0.11482 0.88847
0.28164 0.55497
0.04418 0.54075
0.32071 0.73653
0.23958 0.01830
0.36803 0.02636
0.54591 0.47044
0.11888 0.55580
0.98331 0.21783
0.30302 0.83873
0.41369 0.00009
0.69063 0.77440
0.74610 0.00144
0.21625 0.51691
0.73433 0.27756
0.17314 0.13983
0.94338 0.99281
0.63128 0.03908
0.49447 0.94910
0.97834 0.86444
0.41068 0.22546
0.50814 0.98804
0.66981 0.43093
0.68768 0.39288
0.71098 0.95334
0.02023 0.81634
0.08335 0.75692
0.03658 0.32715
0.03089 0.44946
0.27705 0.61564
0.42775 0.80393
0.41288 0.58661
0.35357 0.94764
0.99404 0.66116
0.78557 0.11422
0.23129 0.99624
0.92233 0.58555
0.13535 0.21906
0.56612 0.76441
0.00042 0.71098
0.78689 0.63699
0.93744 0.71170
0.60373 0.57113
0.71137 0.45640
0.61726 0.30784
0.10677 0.90929
0.89461 0.46419
0.86875 0.89068
0.67044 0.74191
0.49382 0.21494
0.61309 0.93252
0.03964 0.94055
0.47714 0.94710
0.38184 0.87011
0.93299 0.72108
0.17735 0.91952
0.61419 0.37135
0.95977 0.19079
0.06207 0.69680
0.74633 0.74323
0.97771 0.62745
0.74655 0.32816
0.05880 0.22856
0.68139 0.29207
0.44746 0.95960
0.59274 0.71517
0.83875 0.72133
0.50668 0.04729
0.73684 0.23613
0.13311 0.32915
0.40836 0.72443
0.10680 0.61582
0.32490 0.21022
0.48235 0.89207
0.50463 0.77013
0.57851 0.48812
0.98801 0.10316
0.85148 0.05440
0.84961 0.59751
0.42850 0.00663
0.66030 0.94977
0.89984 0.36505
0.27003 0.63468
0.51314 0.39930
0.50957 0.27375
0.98745 0.82374
0.46010 0.48963
0.72807 0.46954
0.12647 0.34299
0.31522 0.27070
0.03140 0.40976
0.57410 0.61746
0.70817 0.67074
0.32409 0.03136
0.76167 0.15072
0.44747 0.80239
0.64891 0.46325
0.52094 0.27529
0.16566 0.78478
0.17512 0.30870
0.56474 0.21706
0.01478 0.39449
0.18778 0.22719
0.41945 0.19501
0.85293 0.54907
0.14071 0.80774
0.46375 0.64344
0.65717 0.48078
0.41906 0.66763
0.69359 0.04107
0.31298 0.74942
0.01954 0.76959
0.82254 0.50121
0.78264 0.62578
0.85542 0.01695
0.07698 0.74505
0.30035 0.61311
0.92078 0.22049
0.80186 0.65199
0.65047 0.31603
0.33321 0.04174
0.44056 0.51001
0.61513 0.00568
0.50355 0.26010
0.11739 0.14670
0.86604 0.09065
0.94460 0.22207
0.91661 0.84521
0.71250 0.02699
0.30498 0.68425
0.54984 0.93237
0.15955 0.03388
0.26716 0.07452
0.00478 0.09413
0.90986 0.60192
0.93295 0.07276
0.62837 0.93282
0.82516 0.35637
0.47544 0.26512
0.79184 0.98654
0.95285 0.58006
0.74193 0.83664
0.68225 0.37250
0.60234 0.45577
0.34909 0.52395
0.67015 0.52217
0.58774 0.16532
0.76679 0.48638
0.94556 0.39168
0.02979 0.77898
0.19576 0.45891
0.95465 0.96321
0.50907 0.07193
0.15295 0.05986
0.40137 0.02202
0.62918 0.47792
0.29882 0.27512
0.08289 0.58364
0.73142 0.18341
0.58977 0.50446
0.23838 0.41349
0.13382 0.90907
0.79334 0.92320
0.49783 0.31835
0.36099 0.64047
0.02823 0.00788
0.95498 0.89870
0.30055 0.43754
0.42696 0.86311
0.83667 0.24875
0.05137 0.59417
0.34821 0.99684
0.23061 0.87669
