0.14826 0.55770
0.15248 0.31851
0.70892 0.17619
0.42088 0.98616
0.56823 0.90596
0.34336 0.91680
0.50737 0.88530
0.23777 0.32782
0.58196 0.18633
0.35794 0.63045
0.25620 0.77208
0.58746 0.23545
0.63573 0.85760
0.00363 0.33536
0.32673 0.50588
0.44922 0.96104
0.73270 0.79809
0.18783 0.77589
0.07743 0.35529
0.45247 0.00563
0.60491 0.45126
0.42231 0.92734
0.06131 0.68722
0.24747 0.67609
0.81034 0.81334
0.18953 0.45642
0.55514 0.59422
0.66813 0.98142
0.69340 0.09552
0.33222 0.14977
0.80613 0.93835
0.75876 0.20839
0.62862 0.00688
0.75032 0.96409
0.06135 0.19400
0.73265 0.17644
0.22376 0.49436
0.00063 0.23592
0.22832 0.90872
0.79032 0.90973
0.80480 0.16515
0.29359 0.38660
0.83018 0.09653
0.80087 0.53813
0.78184 0.39419
0.05484 0.48448
0.73201 0.35608
0.39257 0.47441
0.08778 0.08912
0.90648 0.04538
0.79020 0.13618
0.38325 0.38324
0.93820 0.90375
0.76388 0.28816
0.33644 0.56228
0.68318 0.50065
0.76977 0.75188
0.57280 0.32824
0.85225 0.58889
0.76642 0.96713
0.25145 0.96732
0.54033 0.68502
0.95543 0.12256
0.62315 0.51743
0.47520 0.70875
0.69760 0.40606
0.04442 0.92972
0.41809 0.02109
0.87682 0.53810
0.05084 0.08477
0.71594 0.01826
0.36829 0.29290
0.35852 0.17780
0.55562 0.76114
0.64803 0.78923
0.75957 0.34231
0.80160 0.68112
0.47116 0.21800
0.75417 0.62453
0.46836 0.68003
0.38356 0.67159
0.36723 0.39693
0.60658 0.91196
0.18485 0.28028
0.23911 0.33191
0.65164 0.01120
0.22776 0.11636
0.15407 0.23229
0.83098 0.31125
0.79376 0.47204
0.37546 0.46356
0.81309 0.11065
0.47648 0.85326
0.18528 0.18761
0.59259 0.94959
0.54508 0.31430
0.61966 0.92976
0.85951 0.11439
0.52680 0.35256
0.52585 0.19315
0.58284 0.39993
0.49836 0.22478
0.44619 0.10233
0.37248 0.52976
0.16122 0.52676
0.04444 0.81435
0.18425 0.38531
0.51384 0.48028
0.09809 0.67053
0.81743 0.83296
0.33494 0.53801
0.61703 0.40138
0.47479 0.98675
0.98410 0.60658
0.58237 0.29939
0.30059 0.21790
0.72949 0.01278
0.98600 0.08770
0.50994 0.09193
0.60624 0.11853
0.34496 0.51227
0.42991 0.85996
0.43859 0.64493
0.07036 0.75825
0.90583 0.47811
0.90647 0.29932
0.55628 0.29198
0.99048 0.70997
0.83358 0.28545
0.61902 0.14147
0.73606 0.51558
0.11466 0.25323
0.85712 0.63637
0.42471 0.14146
0.55801 0.54564
0.18066 0.24945
0.18353 0.35291
0.17254 0.27450
0.04596 0.18810
0.67077 0.88284
0.76556 0.10256
0.55245 0.44824
0.01823 0.69080
0.05603 0.25635
0.66174 0.04443
0.74624 0.13612
0.74055 0.46514
0.08784 0.46445
0.38239 0.44387
0.65001 0.33312
0.48322 0.45591
0.97137 0.67094
0.05388 0.51942
0.86892 0.39901
0.66125 0.20729
0.23792 0.94213
0.80011 0.50653
0.75922 0.00572
0.34709 0.84718
0.38265 0.32875
0.25279 0.49198
0.14871 0.29197
0.52949 0.52725
0.61898 0.85084
0.94537 0.62850
0.80101 0.74594
0.22146 0.27610
0.13836 0.09711
0.13661 0.64326
0.04479 0.49705
0.75689 0.16933
0.20257 0.33301
0.72107 0.38333
0.11926 0.88409
0.87609 0.95749
0.81564 0.17551
0.66348 0.15147
0.61927 0.59721
0.67366 0.91976
0.10015 0.40487
0.57727 0.76899
0.02803 0.55501
0.94969 0.93546
0.34046 0.78885
0.56919 0.17155
0.66346 0.01875
0.78468 0.01548
0.70795 0.73762
0.80078 0.79953
0.39397 0.57717
0.99648 0.35664
0.54797 0.80118
0.90485 0.92256
0.95307 0.51316
0.24645 0.23856
0.03919 0.15693
0.39093 0.64118
0.92728 0.38861
0.55149 0.22964
0.50320 0.93164
0.93366 0.06047
0.66796 0.69390
0.70181 0.47979
0.89009 0.15932
0.91290 0.50634
0.28461 0.37937
0.02117 0.04229
0.76266 0.28677
0.17154 0.52138
0.82595 0.78110
0.62599 0.00101
0.02928 0.30030
0.88244 0.97892
0.52060 0.08742
0.63985 0.36122
0.59368 0.81367
0.53887 0.70709
0.34730 0.36599
0.78158 0.42401
0.08805 0.37532
0.44092 0.11928
0.39758 0.61960
0.40641 0.61521
0.93334 0.41966
0.66968 0.09127
0.32397 0.05579
0.86861 0.96952
0.12868 0.86092
0.87288 0.98135
0.11512 0.01043
0.39324 0.44339
0.23188 0.27416
0.09746 0.26741
0.86189 0.84717
0.24416 0.31446
0.52061 0.49677
0.04301 0.46244
0.67820 0.49317
0.52390 0.58636
0.02332 0.50565
0.47261 0.39014
0.32927 0.10399
0.35962 0.14571
0.41206 0.52228
0.70820 0.51549
0.27024 0.91330
0.07292 0.27089
0.24845 0.90931
0.35835 0.93026
0.22019 0.49094
0.69835 0.71339
0.28982 0.00553
0.81904 0.03016
0.46224 0.40651
0.99403 0.46064
0.35820 0.14839
