0.63393 0.48701
0.24971 0.11803
0.76107 0.95751
0.20109 0.29372
0.51814 0.64027
0.91039 0.62044
0.07570 0.72918
0.34561 0.21231
0.63981 0.89542
0.69593 0.62996
0.78174 0.43023
0.16352 0.34662
0.75672 0.56758
0.00601 0.22319
0.46587 0.21627
0.89212 0.42197
0.82430 0.90974
0.82113 0.57519
0.83858 0.69032
0.00666 0.11572
0.96598 0.87036
0.80722 0.17464
0.66279 0.95793
0.49206 0.04080
0.03626 0.22761
0.88741 0.51066
0.08774 0.69350
0.74822 0.01903
0.14744 0.34789
0.22456 0.33974
0.45161 0.31848
0.63230 0.55154
0.13498 0.35025
0.77347 0.58221
0.20635 0.32039
0.90144 0.94523
0.87931 0.73752
0.92849 0.17740
0.79429 0.24816
0.69059 0.27419
0.13877 0.10144
0.68293 0.96249
0.34249 0.31703
0.52232 0.40694
0.22340 0.14315
0.40246 0.77385
0.71036 0.55959
0.43386 0.79045
0.27670 0.94675
0.34005 0.34554
0.19760 0.43781
0.60516 0.71317
0.96628 0.70909
0.72758 0.24731
0.22244 0.77343
0.97178 0.29378
0.46253 0.73822
0.81651 0.17741
0.10911 0.54908
0.88288 0.67043
0.68493 0.90181
0.79088 0.48605
0.39442 0.34684
0.08254 0.13523
0.35791 0.31423
0.09654 0.30537
0.03754 0.31265
0.23253 0.45794
0.41621 0.03140
0.73667 0.37646
0.03406 0.77791
0.82374 0.66859
0.07444 0.33860
0.37920 0.88267
0.62814 0.59547
0.47122 0.60406
0.05679 0.71896
0.22823 0.12159
0.56257 0.83116
0.26217 0.86591
0.24313 0.47254
0.04298 0.36531
0.26405 0.28540
0.52553 0.84377
0.37170 0.90628
0.58650 0.90554
0.97318 0.23192
0.78004 0.42431
0.29457 0.25606
0.09816 0.91143
0.98261 0.67634
0.38172 0.53372
0.46137 0.29470
0.74972 0.44430
0.99921 0.49307
0.32810 0.40856
0.72677 0.09399
0.01667 0.56726
0.21437 0.20755
0.23343 0.70361
0.71852 0.50739
0.92548 0.36836
0.83681 0.23979
0.22737 0.76445
0.80371 0.73793
0.63497 0.61975
0.89512 0.36705
0.03714 0.53661
0.86588 0.02534
0.58356 0.18611
0.18138 0.58570
0.48067 0.32362
0.94497 0.28070
0.52824 0.53819
0.15945 0.19778
0.67806 0.15946
0.02017 0.11421
0.45226 0.43426
0.86367 0.17522
0.60642 0.63939
0.12201 0.66985
0.78615 0.41309
0.74578 0.99370
0.94816 0.55389
0.00385 0.11894
0.12736 0.19299
0.73721 0.67559
0.55173 0.16882
0.29115 0.28358
0.88530 0.12088
0.30867 0.54897
0.13954 0.87895
0.70490 0.61279
0.68571 0.33528
0.13889 0.24466
0.77804 0.92679
0.43987 0.02602
0.62174 0.10705
0.21923 0.95852
0.67354 0.67112
0.98863 0.28710
0.25881 0.59457
0.37964 0.36511
0.96040 0.01107
0.89985 0.44503
0.02072 0.64294
0.33708 0.39270
0.26410 0.55513
0.23950 0.82247
0.61830 0.99012
0.94251 0.28561
0.76887 0.51891
0.92889 0.67242
0.48094 0.97307
0.09975 0.21902
0.52971 0.30569
0.57528 0.35955
0.90282 0.82587
0.80483 0.55546
0.31371 0.19870
0.08417 0.25870
0.35040 0.46042
0.08183 0.11552
0.83521 0.26437
0.54669 0.91788
0.29167 0.26324
0.17592 0.99633
0.44396 0.00312
0.09926 0.84732
0.67078 0.81913
0.68535 0.93023
0.44045 0.53259
0.81733 0.44867
0.02794 0.41251
0.76364 0.15478
0.11622 0.37667
0.08644 0.25734
0.64979 0.21299
0.43153 0.53238
0.12195 0.77840
0.39671 0.29440
0.54619 0.72143
0.53844 0.34319
0.31231 0.64643
0.73076 0.53991
0.37116 0.73541
0.62604 0.30824
0.95812 0.98228
0.90101 0.68833
0.10397 0.57919
0.32851 0.78918
0.26772 0.82496
0.92337 0.10692
0.25304 0.70253
0.16111 0.23712
0.00105 0.43949
0.99294 0.81160
0.42008 0.59673
0.50558 0.65337
0.84879 0.36535
0.25009 0.76587
0.90404 0.15306
0.30369 0.91489
0.96183 0.85813
0.62445 0.46854
0.87385 0.20063
0.76614 0.83384
0.69686 0.75726
0.07994 0.81391
0.06682 0.51008
0.05690 0.10747
0.53230 0.38984
0.02025 0.87693
0.30702 0.11290
0.99208 0.99659
0.39110 0.87227
0.20060 0.88744
0.11861 0.79111
0.57956 0.26873
0.68419 0.66444
0.10472 0.20107
0.00724 0.26004
0.84464 0.01187
0.72462 0.25402
0.84163 0.96843
0.97483 0.86727
0.91629 0.36004
0.74209 0.05145
0.95499 0.78218
0.99451 0.15478
0.00371 0.27517
0.53048 0.30027
0.25095 0.31171
0.95092 0.95118
0.16482 0.78092
0.30780 0.88190
0.87365 0.73476
0.06514 0.01364
0.83258 0.31270
0.10686 0.81139
0.65275 0.49275
0.12531 0.59473
0.29646 0.18109
0.39553 0.46193
0.33438 0.32837
0.20584 0.20712
0.36354 0.19894
0.39082 0.41973
0.38928 0.43734
0.88138 0.93239
0.84959 0.79389
0.34734 0.38368
0.14158 0.64657
0.57152 0.18280
0.65627 0.95193
0.75766 0.75961
