0.14671 0.84257
0.01194 0.09043
0.96831 0.77389
0.17325 0.61473
0.97344 0.16012
0.62952 0.47198
0.58935 0.36507
0.17916 0.26699
0.11000 0.84424
0.35795 0.32852
0.11790 0.98443
0.18483 0.44859
0.52696 0.59579
0.28733 0.79561
0.55781 0.33447
0.04712 0.43185
0.92996 0.70236
0.95866 0.78014
0.83153 0.02166
0.37706 0.63441
0.52724 0.73666
0.87481 0.12091
0.36123 0.41717
0.52246 0.45734
0.36495 0.05347
0.76044 0.52684
0.46234 0.05419
0.40838 0.38692
0.82896 0.85872
0.52587 0.44356
0.93056 0.67287
0.57291 0.35850
0.44869 0.60837
0.21771 0.90080
0.20064 0.49935
0.47096 0.49214
0.30806 0.41541
0.41865 0.88118
0.69164 0.98877
0.94422 0.46279
0.68688 0.71002
0.08161 0.59893
0.97325 0.49659
0.54930 0.72658
0.25236 0.29326
0.96053 0.87090
0.17392 0.05084
0.75452 0.88069
0.25242 0.22561
0.59191 0.06102
0.52893 0.07196
0.44320 0.68605
0.40869 0.76648
0.48055 0.39328
0.52655 0.15043
0.89285 0.02752
0.68362 0.96878
0.22382 0.93003
0.56320 0.86163
0.65966 0.46552
0.53313 0.63179
0.00772 0.37486
0.01603 0.80226
0.82671 0.88243
0.94740 0.90272
0.52866 0.06626
0.30400 0.68287
0.21851 0.02799
0.72738 0.74571
0.90407 0.30818
0.00205 0.14881
0.48926 0.38046
0.58913 0.74605
0.50905 0.78207
0.43982 0.40059
0.32995 0.09335
0.88470 0.68970
0.16441 0.54767
0.54957 0.00053
0.29082 0.45476
0.00705 0.81594
0.63644 0.09022
0.95876 0.45067
0.32735 0.15591
0.43896 0.28045
0.67578 0.68533
0.46483 0.14303
0.74639 0.89169
0.14528 0.19139
0.24446 0.02015
0.42191 0.51427
0.86888 0.70554
0.28297 0.82649
0.43325 0.20736
0.73330 0.62654
0.95894 0.54893
0.29378 0.81844
0.32906 0.24399
0.21020 0.94341
0.77115 0.15808
0.88963 0.48219
0.94347 0.79704
0.70548 0.02363
0.20179 0.69153
0.30581 0.24648
0.52858 0.77863
0.33410 0.89605
0.94534 0.48106
0.78734 0.00937
0.81681 0.04424
0.99464 0.69002
0.93667 0.73917
0.35880 0.66370
0.41923 0.62454
0.22353 0.59624
0.86887 0.17886
0.86319 0.67341
0.46911 0.96863
0.38060 0.86308
0.38975 0.43570
0.83934 0.75264
0.59732 0.55625
0.77661 0.56520
0.97385 0.00829
0.95072 0.91291
0.18605 0.65156
0.22148 0.15545
0.36136 0.45087
0.55174 0.56912
0.46951 0.32925
0.19117 0.47306
0.74246 0.59496
0.22168 0.26384
0.26107 0.57166
0.50643 0.38653
0.66735 0.63831
0.86880 0.97968
0.69619 0.27268
0.28618 0.69850
0.53399 0.51618
0.42852 0.36919
0.82853 0.76439
0.55886 0.24073
0.55921 0.11851
0.76835 0.89379
0.40264 0.52855
0.95039 0.73686
0.29577 0.23595
0.83580 0.52653
0.69934 0.11860
0.96523 0.99437
0.48601 0.87210
0.93223 0.14671
0.20816 0.87714
0.04110 0.11202
0.21917 0.45004
0.42925 0.61719
0.89148 0.14836
0.92342 0.40102
0.51350 0.33327
0.19719 0.02437
0.62967 0.20246
0.26186 0.28461
0.32573 0.25648
0.28726 0.31549
0.89749 0.65964
0.24251 0.77697
0.48383 0.92612
0.96444 0.96874
0.14208 0.61903
0.70079 0.66522
0.37256 0.98519
0.44835 0.04749
0.99924 0.45591
0.71361 0.35620
0.32266 0.21433
0.88686 0.57265
0.30585 0.12337
0.33043 0.46760
0.44317 0.86772
0.45932 0.30589
0.26113 0.64938
0.99240 0.04483
0.64001 0.81052
0.66020 0.32447
0.65046 0.07461
0.80683 0.16895
0.07768 0.03465
0.46456 0.98148
0.11919 0.17987
0.94352 0.23588
0.05076 0.17568
0.42317 0.95406
0.93442 0.43338
0.92094 0.41512
0.47836 0.94052
0.39956 0.62020
0.13741 0.34342
0.97242 0.35221
0.60258 0.74453
0.93884 0.61964
0.50567 0.39373
0.93073 0.01870
0.57449 0.86248
0.21872 0.57865
0.39362 0.61009
0.17554 0.17705
0.45258 0.09776
0.66401 0.49165
0.35428 0.95976
0.76104 0.02413
0.01768 0.11836
0.73411 0.20330
0.12002 0.70078
0.67526 0.65956
0.63823 0.35968
0.72953 0.61873
0.57466 0.05836
0.11655 0.19740
0.23946 0.93837
0.30671 0.72425
0.18924 0.18177
0.43305 0.53136
0.68093 0.90998
0.18586 0.74823
0.72040 0.37014
0.85960 0.93139
0.79173 0.24027
0.94277 0.46482
0.55384 0.53944
0.90849 0.44875
0.64107 0.56787
0.85513 0.05468
0.43776 0.27434
0.89681 0.89581
0.40208 0.29082
0.06611 0.25865
0.20698 0.88659
0.41446 0.44548
0.78955 0.35679
0.87132 0.53808
0.95123 0.84434
0.53618 0.61115
0.89830 0.36735
0.60324 0.01466
0.84386 0.70646
0.04043 0.00859
0.04494 0.50134
0.40203 0.44456
0.25941 0.97158
0.67127 0.96960
0.99542 0.58496
0.63859 0.11532
0.22022 0.44678
0.47756 0.39170
0.27102 0.83720
