0.01704 0.02833
0.11844 0.20395
0.14599 0.77448
0.51743 0.02641
0.00109 0.91615
0.64652 0.87209
0.66468 0.99322
0.97248 0.75985
0.47989 0.95405
0.12963 0.18381
0.12909 0.71198
0.40936 0.47974
0.53166 0.08861
0.04197 0.37399
0.91488 0.55191
0.70825 0.63394
0.87955 0.90025
0.85835 0.95445
0.96700 0.64348
0.22479 0.94650
0.35822 0.34368
0.03147 0.26027
0.63796 0.59042
0.43611 0.45293
0.77734 0.76909
0.75533 0.60891
0.78275 0.19576
0.30244 0.87831
0.46001 0.36626
0.26783 0.81980
0.62631 0.27233
0.78267 0.23376
0.39417 0.61898
0.05093 0.57429
0.16236 0.40788
0.49845 0.41755
0.60605 0.83563
0.72343 0.16117
0.75069 0.59416
0.54238 0.45501
0.11007 0.29063
0.57081 0.31812
0.54047 0.88003
0.77464 0.13456
0.58898 0.15318
0.86640 0.46897
0.44800 0.61731
0.32149 0.19484
0.42976 0.22889
0.04741 0.06557
0.97324 0.26065
0.81658 0.44705
0.18610 0.80499
0.20126 0.12797
0.15010 0.16631
0.10490 0.15332
0.27942 0.68203
0.45531 0.35807
0.92680 0.37165
0.87962 0.49524
0.52561 0.69947
0.80290 0.65386
0.31473 0.52988
0.08455 0.03103
0.59325 0.22389
0.78784 0.40360
0.72956 0.24791
0.79945 0.97579
0.84296 0.36863
0.96585 0.85946
0.67258 0.31333
0.28597 0.98380
0.80069 0.81997
0.38382 0.35166
0.61310 0.45158
0.13891 0.88111
0.74066 0.21858
0.85118 0.08593
0.44607 0.36581
0.25531 0.90602
0.95748 0.08261
0.65725 0.74065
0.28504 0.16714
0.67399 0.67333
0.29258 0.79093
0.48556 0.93203
0.84537 0.94285
0.41628 0.51117
0.68402 0.65975
0.10263 0.15469
0.41855 0.06822
0.88660 0.65669
0.84212 0.15032
0.58109 0.22566
0.87248 0.54448
0.86634 0.70998
0.77063 0.31620
0.97876 0.30603
0.87686 0.86267
0.30207 0.50240
0.05878 0.05773
0.32106 0.27627
0.01666 0.75275
0.02009 0.77316
0.20949 0.89322
0.54874 0.68363
0.44327 0.69192
0.99038 0.26555
0.07218 0.81404
0.59412 0.76640
0.53368 0.05864
0.47036 0.10243
0.67672 0.37766
0.06990 0.41144
0.34055 0.23832
0.69590 0.16480
0.91721 0.22840
0.49652 0.90446
0.22117 0.58674
0.54697 0.18315
0.93649 0.98629
0.63936 0.84553
0.74243 0.82514
0.15701 0.27398
0.00810 0.26148
0.31770 0.81044
0.59289 0.71831
0.07865 0.53181
0.76218 0.48156
0.29969 0.92311
0.97372 0.50204
0.43244 0.31277
0.75343 0.92544
0.28898 0.31221
0.75212 0.97283
0.95632 0.77720
0.85348 0.14396
0.37705 0.30058
0.29847 0.30260
0.08763 0.99776
0.81664 0.87191
0.74110 0.83336
0.19133 0.51535
0.63431 0.74677
0.43232 0.22138
0.65328 0.00394
0.96958 0.60899
0.65892 0.10323
0.95372 0.02820
0.87904 0.07866
0.71850 0.64886
0.40974 0.64106
0.77631 0.83790
0.11113 0.32770
0.25579 0.28736
0.20786 0.02727
0.98578 0.00234
0.45110 0.72342
0.15202 0.67053
0.59477 0.99164
0.98451 0.20586
0.75105 0.81948
0.65848 0.33521
0.25766 0.73693
0.87149 0.65295
0.99784 0.24435
0.19224 0.79528
0.42898 0.82652
0.00169 0.15061
0.07623 0.86353
0.44748 0.89589
0.82015 0.12324
0.75913 0.47676
0.33415 0.04028
0.96687 0.17725
0.14744 0.23693
0.88401 0.64656
0.16381 0.43344
0.28938 0.12246
0.30526 0.29780
0.33857 0.11329
0.89886 0.90381
0.94267 0.87743
0.14072 0.62940
0.65066 0.63011
0.54417 0.62761
0.28779 0.97046
0.67304 0.97717
0.27647 0.89730
0.93348 0.72541
0.10774 0.71982
0.57988 0.76181
0.19709 0.75703
0.44650 0.00432
0.27391 0.76319
0.19590 0.01765
0.51785 0.50325
0.78761 0.78342
0.94872 0.12915
0.28833 0.86448
0.76467 0.64054
0.62720 0.99142
0.91412 0.17413
0.57105 0.04244
0.20872 0.07781
0.07707 0.00873
0.52569 0.98157
0.06888 0.53407
0.00044 0.93781
0.59258 0.46525
0.39455 0.43488
0.42719 0.26376
0.10100 0.05194
0.71839 0.39150
0.30048 0.94982
0.42231 0.02029
0.40619 0.39192
0.90395 0.16863
0.34577 0.76465
0.50338 0.77334
0.69826 0.62478
0.35679 0.43771
0.87158 0.82221
0.67339 0.36096
0.96422 0.73127
0.70856 0.57459
0.79988 0.25658
0.35423 0.61803
0.21729 0.70842
0.81565 0.00655
0.28099 0.10849
0.19026 0.26618
0.65644 0.15962
0.76280 0.02584
0.81942 0.56708
0.88181 0.93749
0.10792 0.29365
0.62064 0.78062
0.70408 0.59287
0.80342 0.92227
0.81041 0.49269
0.31721 0.42213
0.28505 0.11187
0.67769 0.24273
0.85811 0.72791
0.07137 0.03309
0.97103 0.95136
0.07008 0.01251
0.36311 0.17166
0.47670 0.84191
0.55853 0.83570
0.05393 0.36707
0.27668 0.93670
0.33081 0.99116
0.34092 0.78810
0.01944 0.24252
