0.07597 0.61497
0.08894 0.98536
0.91487 0.16937
0.23886 0.43679
0.77844 0.81291
0.02367 0.39446
0.94269 0.68461
0.65052 0.92296
0.58329 0.75595
0.97505 0.53856
0.50286 0.91274
0.42253 0.24194
0.15078 0.26839
0.57669 0.02949
0.60039 0.00756
0.52621 0.49287
0.12177 0.36485
0.62671 0.19208
0.12378 0.73481
0.69445 0.52427
0.13012 0.79064
0.94795 0.06214
0.83877 0.66583
0.58482 0.89907
0.67867 0.70662
0.78829 0.24862
0.14893 0.27466
0.84202 0.53793
0.70539 0.10386
0.04128 0.46837
0.20279 0.06024
0.89041 0.10554
0.48980 0.81276
0.43950 0.97320
0.62052 0.99979
0.97001 0.17706
0.04639 0.51513
0.70022 0.04125
0.25113 0.99574
0.09748 0.60306
0.09006 0.83869
0.20477 0.60462
0.07410 0.02009
0.91734 0.00526
0.91638 0.94972
0.36041 0.62402
0.14106 0.00959
0.94162 0.17858
0.35745 0.48529
0.00304 0.03833
0.24100 0.55940
0.16460 0.74940
0.72597 0.26924
0.80935 0.15375
0.91353 0.00888
0.20889 0.68629
0.75844 0.01695
0.57569 0.17087
0.61102 0.22515
0.37255 0.43907
0.65596 0.98753
0.81706 0.02513
0.94363 0.36975
0.82873 0.62139
0.30210 0.84818
0.78445 0.32202
0.10968 0.89941
0.33757 0.06256
0.16335 0.11318
0.88811 0.31556
0.20296 0.31816
0.66039 0.25612
0.21045 0.92816
0.96724 0.83897
0.03603 0.89856
0.53135 0.45003
0.48844 0.58409
0.98986 0.08119
0.45464 0.58738
0.61333 0.91478
0.65531 0.01778
0.69945 0.41464
0.80658 0.03045
0.63585 0.76717
0.04339 0.40136
0.88773 0.69857
0.75875 0.55406
0.61497 0.59284
0.36291 0.92662
0.94273 0.37615
0.47006 0.59974
0.89307 0.63615
0.52405 0.34600
0.06017 0.62127
0.42065 0.06508
0.87052 0.17213
0.68821 0.44171
0.03104 0.53358
0.50835 0.00086
0.59250 0.30562
0.41747 0.85351
0.79955 0.93398
0.36374 0.48798
0.85347 0.47153
0.83838 0.94709
0.30077 0.74166
0.68046 0.81699
0.51862 0.04416
0.51574 0.69741
0.41186 0.00386
0.65177 0.69124
0.12991 0.89419
0.58885 0.44868
0.47513 0.45836
0.24953 0.41737
0.28112 0.60247
0.96131 0.14227
0.96264 0.47816
0.05710 0.78949
0.18450 0.37808
0.76115 0.33821
0.32769 0.58875
0.01520 0.12499
0.70511 0.73065
0.21787 0.11299
0.13083 0.56949
0.21164 0.37623
0.33175 0.66919
0.55220 0.25037
0.61759 0.59705
0.37069 0.79112
0.63800 0.92416
0.16349 0.00404
0.61015 0.10824
0.54525 0.09504
0.50691 0.50608
0.69365 0.12782
0.18650 0.90216
0.19511 0.67664
0.07693 0.11353
0.07488 0.28562
0.30738 0.23219
0.08341 0.74315
0.23336 0.38468
0.35811 0.06846
0.16042 0.29013
0.56318 0.56729
0.66740 0.16275
0.53672 0.37131
0.40722 0.70997
0.13097 0.68213
0.63327 0.20181
0.00479 0.69134
0.48700 0.27970
0.46104 0.59661
0.49408 0.64694
0.29538 0.56440
0.80413 0.81706
0.23346 0.99325
0.75490 0.20726
0.54670 0.42699
0.95521 0.79451
0.66878 0.19146
0.54453 0.21173
0.37914 0.68636
0.72573 0.11427
0.50699 0.56071
0.80344 0.14107
0.95037 0.39119
0.25106 0.36886
0.72635 0.51839
0.26980 0.94272
0.46191 0.19041
0.42122 0.27978
0.83123 0.45071
0.86279 0.70379
0.75427 0.41278
0.25395 0.33097
0.60141 0.02646
0.44184 0.44553
0.71247 0.47435
0.55471 0.91729
0.83352 0.84337
0.20827 0.92713
0.53348 0.28487
0.51825 0.13983
0.99740 0.93103
0.70527 0.69849
0.00233 0.20404
0.57642 0.12085
0.54953 0.87460
0.49973 0.76624
0.46812 0.86762
0.14304 0.41140
0.24062 0.56530
0.25697 0.86162
0.77494 0.26137
0.24782 0.84999
0.62740 0.71203
0.48518 0.38007
0.31709 0.16012
0.33010 0.54318
0.86489 0.56349
0.99064 0.96349
0.34373 0.32649
0.27165 0.14097
0.60974 0.46306
0.27765 0.36611
0.86762 0.12970
0.64529 0.38319
0.49453 0.78177
0.78663 0.39259
0.62716 0.80031
0.12321 0.67040
0.38412 0.21939
0.24087 0.97317
0.07472 0.20945
0.41573 0.47593
0.03049 0.39210
0.10839 0.98846
0.90908 0.82350
0.32563 0.57642
0.13949 0.46780
0.67967 0.32307
0.50509 0.30123
0.65274 0.18733
0.32017 0.00968
0.91042 0.87041
0.24773 0.98328
0.13406 0.76050
0.16912 0.78111
0.16366 0.15399
0.44807 0.09303
0.81350 0.23898
0.15075 0.84778
0.33381 0.89699
0.21108 0.22780
0.53977 0.90399
0.13817 0.97616
0.56332 0.94834
0.87338 0.82307
0.39353 0.91795
0.82671 0.44428
0.48315 0.70314
0.65110 0.59851
0.29765 0.18367
0.15823 0.74924
0.01480 0.19006
0.79938 0.79949
0.44224 0.97244
0.14548 0.48243
0.72899 0.37149
0.75248 0.56059
0.55377 0.44330
0.84718 0.02328
0.70429 0.99519
