0.83163 0.82940
0.98540 0.07805
0.91946 0.11528
0.23947 0.94817
0.02917 0.03790
0.65879 0.47430
0.40687 0.40155
0.91870 0.33754
0.70390 0.02437
0.64390 0.16161
0.24241 0.54956
0.37019 0.07902
0.35587 0.69160
0.95779 0.33634
0.33209 0.20046
0.55002 0.08186
0.85919 0.10246
0.99330 0.96905
0.20203 0.42946
0.70243 0.32512
0.65078 0.87281
0.52945 0.77872
0.36843 0.20850
0.07853 0.49205
0.33182 0.99192
0.53442 0.45740
0.13678 0.93636
0.78561 0.00529
0.49743 0.82878
0.92410 0.83959
0.38860 0.53691
0.11278 0.28854
0.36922 0.59842
0.50861 0.17060
0.95580 0.01389
0.55974 0.04219
0.08955 0.35503
0.38480 0.31608
0.46432 0.12248
0.95926 0.35374
0.40183 0.04188
0.16348 0.56222
0.98290 0.56659
0.65429 0.76789
0.00807 0.39548
0.76608 0.65537
0.77144 0.94486
0.27313 0.12697
0.79784 0.70645
0.58525 0.51563
0.46807 0.52482
0.78797 0.85082
0.05860 0.18003
0.30932 0.91474
0.81554 0.24720
0.97845 0.52029
0.89712 0.92619
0.22178 0.56457
0.51615 0.14556
0.08312 0.73111
0.38252 0.31661
0.55695 0.53384
0.72923 0.00866
0.55188 0.30421
0.45917 0.87257
0.59683 0.47416
0.40303 0.75170
0.97128 0.29094
0.89000 0.89686
0.04126 0.96896
0.57093 0.15837
0.95292 0.31232
0.35063 0.55824
0.88708 0.00606
0.31946 0.21826
0.39041 0.11966
0.30825 0.54471
0.31615 0.08637
0.70065 0.08925
0.67582 0.74506
0.63378 0.29368
0.52242 0.12626
0.93309 0.65410
0.94647 0.71753
0.87785 0.90350
0.33761 0.98397
0.98774 0.67144
0.60176 0.55397
0.98601 0.16148
0.17750 0.94953
0.28238 0.84321
0.83770 0.40943
0.69476 0.68946
0.91308 0.72105
0.61766 0.23565
0.62485 0.05877
0.54166 0.53391
0.68178 0.36339
0.06264 0.13549
0.52013 0.63935
0.29879 0.50776
0.07826 0.69246
0.96731 0.87813
0.91024 0.56095
0.60037 0.37322
0.71504 0.68856
0.16336 0.64850
0.34140 0.67355
0.09189 0.00695
0.43761 0.70455
0.44958 0.62233
0.90813 0.54609
0.07190 0.33685
0.53911 0.34836
0.71002 0.80930
0.75168 0.94542
0.47920 0.40321
0.60135 0.70612
0.81612 0.99496
0.32021 0.69388
0.12457 0.30991
0.56415 0.48110
0.06718 0.91498
0.78201 0.60176
0.77669 0.89717
0.14671 0.37770
0.43032 0.53616
0.96224 0.88139
0.65262 0.52361
0.12360 0.59728
0.34669 0.54309
0.84467 0.71741
0.08064 0.45579
0.03786 0.02544
0.26392 0.15751
0.66365 0.18933
0.39447 0.68422
0.34197 0.37122
0.76312 0.34289
0.60804 0.71556
0.74903 0.48986
0.52834 0.91007
0.50786 0.36964
0.38187 0.68371
0.04726 0.88642
0.56597 0.29601
0.22907 0.04962
0.93041 0.26607
0.74303 0.76977
0.91942 0.55670
0.25610 0.98181
0.87119 0.86763
0.10609 0.14604
0.75007 0.87368
0.12117 0.54476
0.80071 0.38481
0.00559 0.46138
0.28468 0.59376
0.31037 0.15232
0.75142 0.56307
0.52798 0.47417
0.53688 0.67989
0.23119 0.01449
0.54367 0.33319
0.51190 0.67388
0.78944 0.50204
0.47616 0.91322
0.54287 0.75767
0.16726 0.86080
0.08323 0.97518
0.98123 0.61984
0.87625 0.54228
0.21724 0.72655
0.17201 0.15737
0.34519 0.17055
0.82317 0.71232
0.29760 0.10140
0.52708 0.89246
0.25706 0.17451
0.72008 0.77051
0.42170 0.60903
0.08365 0.98869
0.17796 0.58120
0.54345 0.81327
0.37159 0.26894
0.21946 0.46523
0.55930 0.08542
0.80900 0.74379
0.69953 0.54769
0.03774 0.59939
0.18040 0.73573
0.82734 0.67451
0.47933 0.24230
0.74509 0.67156
0.75071 0.24875
0.13342 0.76853
0.92832 0.80728
0.16407 0.39529
0.22751 0.09582
0.79386 0.52924
0.15568 0.87863
0.27839 0.60524
0.21218 0.14454
0.94773 0.90619
0.54512 0.69627
0.15910 0.19311
0.69210 0.31917
0.28766 0.71661
0.14038 0.50409
0.66464 0.05812
0.92809 0.70035
0.80397 0.06825
0.71360 0.95006
0.57308 0.97707
0.32975 0.70528
0.28793 0.89568
0.71860 0.34498
0.25789 0.02084
0.39521 0.57295
0.67778 0.49003
0.43230 0.18776
0.68441 0.29518
0.83824 0.09423
0.29804 0.01814
0.69306 0.32212
0.36988 0.21833
0.89152 0.14758
0.36050 0.31644
0.20769 0.59749
0.01250 0.21881
0.95570 0.59853
0.08493 0.54333
0.88560 0.42828
0.79954 0.89610
0.69975 0.45690
0.57543 0.62263
0.76717 0.02548
0.20725 0.24922
0.95885 0.58301
0.35772 0.63498
0.26706 0.37326
0.60736 0.26213
0.13582 0.01034
0.38022 0.54969
0.11091 0.90146
0.17684 0.61851
0.20992 0.35024
0.17570 0.61341
0.81217 0.68807
0.72426 0.88522
0.65019 0.00695
0.19703 0.02033
0.06223 0.18016
0.28949 0.10108
0.48247 0.73222
0.05560 0.31957
