0.60296 0.70783
0.26825 0.77937
0.02322 0.82359
0.10831 0.95008
0.26188 0.46569
0.24941 0.19224
0.12997 0.62250
0.80135 0.57205
0.18105 0.81357
0.39834 0.84144
0.11963 0.27605
0.24900 0.14731
0.23174 0.63365
0.25830 0.87393
0.73574 0.89048
0.77300 0.07924
0.69651 0.49256
0.49605 0.09663
0.78199 0.66206
0.91626 0.73798
0.65601 0.19714
0.68430 0.30381
0.10899 0.10765
0.13298 0.77243
0.82345 0.01572
0.99079 0.81310
0.08567 0.57593
0.17129 0.43296
0.16838 0.19056
0.89493 0.84159
0.68197 0.08990
0.23778 0.31650
0.00270 0.98572
0.04249 0.88043
0.01698 0.03962
0.36856 0.98665
0.13302 0.56172
0.05200 0.91939
0.78723 0.22420
0.23935 0.69214
0.35277 0.53322
0.92034 0.68293
0.97934 0.56252
0.27441 0.18872
0.97589 0.80445
0.18427 0.87496
0.57768 0.21045
0.54048 0.86999
0.18263 0.63778
0.90857 0.36101
0.16920 0.86090
0.20688 0.43865
0.49802 0.77517
0.39081 0.26892
0.87191 0.98333
0.13162 0.26969
0.36736 0.66066
0.39502 0.30770
0.64939 0.17233
0.95596 0.53702
0.23565 0.36485
0.16527 0.85903
0.93550 0.82249
0.46725 0.35191
0.58682 0.08949
0.93340 0.00269
0.93573 0.97072
0.29704 0.84685
0.31927 0.29138
0.98701 0.10133
0.78835 0.67045
0.79540 0.43500
0.09570 0.02135
0.63935 0.47415
0.04898 0.42671
0.77397 0.96507
0.96670 0.63202
0.49767 0.46874
0.47632 0.99522
0.45741 0.37293
0.99765 0.07415
0.00364 0.45862
0.36611 0.39498
0.85357 0.85224
0.09847 0.49903
0.65891 0.19924
0.13078 0.41533
0.77365 0.54141
0.01220 0.48866
0.49956 0.06888
0.59990 0.73156
0.61864 0.54079
0.04333 0.58457
0.69140 0.10079
0.08913 0.89190
0.13195 0.28211
0.38085 0.69658
0.37374 0.96245
0.66295 0.69393
0.29146 0.38543
0.13941 0.88598
0.93790 0.25129
0.45542 0.13544
0.87677 0.03751
0.48949 0.02083
0.18162 0.28617
0.14515 0.55327
0.64151 0.32036
0.84053 0.53633
0.13351 0.16582
0.71279 0.20639
0.90640 0.06062
0.73106 0.76210
0.23111 0.66902
0.54166 0.82146
0.13637 0.47495
0.11848 0.06649
0.68317 0.79596
0.94968 0.27026
0.30944 0.12086
0.21325 0.84714
0.03914 0.98057
0.90872 0.91075
0.41800 0.71928
0.25654 0.27055
0.77618 0.06947
0.50884 0.19652
0.19880 0.38867
0.26989 0.01197
0.71257 0.99834
0.72637 0.70219
0.19484 0.75544
0.02733 0.84578
0.21870 0.90296
0.55619 0.72858
0.59422 0.75530
0.64783 0.15267
0.63082 0.45711
0.22321 0.77348
0.34608 0.28013
0.75511 0.22150
0.48541 0.72298
0.04916 0.04817
0.81990 0.49526
0.42568 0.10824
0.18379 0.77635
0.77004 0.30008
0.08218 0.50629
0.67372 0.89071
0.56255 0.28837
0.37425 0.15090
0.16298 0.10646
0.42581 0.93402
0.19706 0.10674
0.74015 0.99628
0.15814 0.80280
0.23206 0.04069
0.89652 0.75588
0.99636 0.48981
0.82945 0.41205
0.61761 0.98572
0.47932 0.45111
0.78023 0.21344
0.51396 0.02141
0.81894 0.64138
0.99090 0.34492
0.38339 0.69680
0.38030 0.59379
0.54181 0.51009
0.19665 0.93586
0.14224 0.29691
0.23798 0.70100
0.41615 0.23336
0.95396 0.79134
0.24550 0.39413
0.19335 0.65446
0.25766 0.78752
0.32285 0.50369
0.45987 0.31127
0.28904 0.85448
0.64895 0.05259
0.53987 0.00115
0.93881 0.14505
0.24487 0.35171
0.92127 0.92797
0.27705 0.27237
0.94598 0.46970
0.66667 0.46630
0.33042 0.37500
0.31697 0.97054
0.30527 0.41834
0.50466 0.21179
0.93835 0.89554
0.64164 0.29772
0.68705 0.30628
0.80347 0.00225
0.05218 0.61365
0.20816 0.44382
0.74031 0.03253
0.88718 0.71443
0.42658 0.19106
0.36718 0.87633
0.41808 0.39220
0.24892 0.66819
0.44204 0.12066
0.78723 0.49173
0.66529 0.19261
0.06898 0.33845
0.83155 0.98681
0.50945 0.58894
0.75667 0.93028
0.45704 0.40396
0.55116 0.33101
0.75082 0.34878
0.39857 0.95052
0.36274 0.91741
0.35791 0.82013
0.61372 0.03705
0.36986 0.06862
0.55555 0.01288
0.74124 0.52007
0.33051 0.78414
0.56018 0.55405
0.58530 0.94030
0.63000 0.33831
0.58072 0.21878
0.62654 0.28432
0.54061 0.30906
0.47256 0.71928
0.98787 0.68954
0.52277 0.16903
0.72572 0.98297
0.85448 0.88763
0.22890 0.95939
0.35758 0.19411
0.31040 0.70577
0.69844 0.88755
0.71869 0.19238
0.80369 0.00193
0.51087 0.60710
0.13065 0.21437
0.71149 0.14541
0.03810 0.26378
0.23501 0.55756
0.04642 0.74388
0.49368 0.84280
0.71550 0.96809
0.46334 0.37357
0.64967 0.07172
0.68709 0.54409
0.78581 0.67144
0.07133 0.80313
0.47829 0.96352
0.67296 0.85801
0.29530 0.41952
0.60288 0.39065
