0.55053 0.65995
0.32958 0.48860
0.00750 0.57812
0.93254 0.99183
0.36508 0.52268
0.84955 0.61130
0.73482 0.21489
0.35677 0.89411
0.76753 0.50043
0.35226 0.32639
0.97144 0.78265
0.03658 0.65126
0.00515 0.01437
0.02284 0.09464
0.20885 0.49108
0.49675 0.29691
0.22008 0.13311
0.93350 0.24124
0.75199 0.32611
0.31682 0.92533
0.04651 0.73219
0.70182 0.52097
0.26628 0.79331
0.69707 0.37249
0.56850 0.34697
0.98327 0.56577
0.92710 0.44159
0.29095 0.23385
0.17837 0.18620
0.91381 0.13801
0.10544 0.87830
0.70890 0.46494
0.90718 0.15512
0.98757 0.90480
0.43585 0.91039
0.73252 0.32149
0.36003 0.87650
0.20654 0.46472
0.67725 0.89098
0.99858 0.17227
0.43599 0.26312
0.20488 0.79775
0.41854 0.26907
0.13382 0.07323
0.17920 0.77389
0.33466 0.29748
0.57845 0.02173
0.58086 0.13362
0.35657 0.03712
0.01740 0.28167
0.43450 0.64897
0.76402 0.91020
0.19734 0.27533
0.84624 0.43608
0.61810 0.88998
0.51263 0.45019
0.73398 0.67444
0.79178 0.02747
0.55984 0.21663
0.95965 0.41620
0.82930 0.89478
0.54738 0.49581
0.87642 0.01079
0.58340 0.50867
0.88799 0.21623
0.46906 0.96863
0.76127 0.89012
0.53501 0.04091
0.92153 0.92362
0.77868 0.00732
0.15507 0.06011
0.35164 0.70568
0.92890 0.23430
0.22084 0.64965
0.75146 0.74924
0.53118 0.74473
0.22438 0.96410
0.56753 0.07840
0.17731 0.24501
0.54244 0.14072
0.07889 0.94499
0.75596 0.67265
0.25020 0.52606
0.44450 0.60654
0.79229 0.68663
0.51364 0.27927
0.57305 0.22671
0.73669 0.95568
0.50351 0.32297
0.05589 0.39545
0.28933 0.10402
0.60634 0.68635
0.68024 0.53184
0.77534 0.99439
0.34171 0.73350
0.59042 0.22073
0.82083 0.96755
0.00890 0.82355
0.69877 0.84692
0.20701 0.25277
0.60086 0.40306
0.92181 0.45608
0.03497 0.58506
0.50781 0.97714
0.75207 0.44327
0.14604 0.83259
0.89334 0.20538
0.90666 0.49485
0.16232 0.05519
0.70822 0.16243
0.70991 0.49358
0.82735 0.72549
0.66942 0.97363
0.47058 0.74362
0.38357 0.21430
0.08214 0.90086
0.01809 0.28138
0.60027 0.32768
0.28147 0.76054
0.99479 0.35620
0.30088 0.23249
0.18903 0.45833
0.64997 0.01744
0.86631 0.48816
0.29770 0.64151
0.40846 0.35884
0.79202 0.37037
0.18743 0.62790
0.79152 0.04977
0.71675 0.36801
0.26555 0.91432
0.25180 0.68597
0.81309 0.97141
0.13247 0.59746
0.17123 0.52134
0.68832 0.33198
0.16352 0.26754
0.07377 0.27987
0.75592 0.23196
0.02637 0.02384
0.64482 0.00777
0.63334 0.50093
0.11121 0.38851
0.17263 0.95205
0.10485 0.12045
0.97407 0.05945
0.81354 0.09764
0.00577 0.14163
0.81326 0.55493
0.86818 0.74241
0.42692 0.40264
0.03456 0.79884
0.88517 0.81645
0.24274 0.59612
0.35307 0.68356
0.17759 0.41246
0.22734 0.01842
0.35184 0.70407
0.58005 0.60720
0.95005 0.30855
0.73341 0.83074
0.91610 0.81863
0.22882 0.00945
0.07790 0.26188
0.33043 0.88338
0.29752 0.27846
0.12387 0.71717
0.73816 0.39598
0.87440 0.85789
0.69667 0.70994
0.32857 0.37035
0.90723 0.17094
0.43487 0.71803
0.06470 0.26443
0.75219 0.27078
0.99423 0.26388
0.54095 0.56628
0.57549 0.43064
0.54291 0.27051
0.28791 0.29794
0.84480 0.69792
0.95455 0.81946
0.59101 0.06506
0.68716 0.13340
0.26959 0.12856
0.85718 0.85881
0.03981 0.84869
0.19444 0.38693
0.54659 0.83739
0.92822 0.52616
0.88161 0.88277
0.90409 0.21785
0.35780 0.23554
0.09151 0.96157
0.28334 0.98358
0.63183 0.87773
0.93156 0.68731
0.01477 0.28799
0.92212 0.28278
0.79464 0.86483
0.87017 0.75127
0.68667 0.51052
0.28820 0.70783
0.81377 0.82234
0.58362 0.61281
0.90474 0.39472
0.63078 0.59967
0.17759 0.92479
0.22761 0.10259
0.42812 0.21601
0.80133 0.56178
0.40078 0.30277
0.63937 0.75608
0.61203 0.06865
0.50581 0.40200
0.51370 0.78485
0.66375 0.50065
0.76085 0.41477
0.09798 0.53598
0.29056 0.61043
0.06452 0.16532
0.89470 0.91780
0.62547 0.26098
0.40645 0.34682
0.80645 0.13804
0.31435 0.12233
0.05190 0.64692
0.15331 0.80658
0.10739 0.53410
0.79459 0.96132
0.67068 0.41521
0.48883 0.04716
0.56310 0.04698
0.91128 0.07661
0.48948 0.48211
0.67839 0.43985
0.43709 0.52604
0.88741 0.14347
0.79889 0.74442
0.76895 0.32834
0.07778 0.04855
0.67750 0.81686
0.41097 0.61884
0.92721 0.98015
0.75818 0.39660
0.59144 0.91089
0.12646 0.16070
0.70070 0.07356
0.56343 0.26614
0.06482 0.07525
0.17579 0.07583
0.47583 0.51247
0.04113 0.82915
0.60248 0.92557
0.66504 0.52913
0.93547 0.56329
