0.66872 0.49252
0.48160 0.38482
0.96340 0.49881
0.25080 0.79111
0.70471 0.05280
0.66203 0.92371
0.27866 0.44316
0.10442 0.09905
0.84842 0.50086
0.65851 0.60537
0.83417 0.23088
0.42932 0.30527
0.84981 0.36272
0.03734 0.25614
0.90368 0.95319
0.71596 0.10096
0.58256 0.33142
0.61847 0.51754
0.52083 0.22931
0.08104 0.83423
0.55289 0.58003
0.57886 0.96315
0.38129 0.89520
0.70840 0.40815
0.93470 0.56062
0.83395 0.13970
0.76109 0.25824
0.86447 0.40345
0.62782 0.89585
0.02551 0.67994
0.96661 0.47333
0.78536 0.77117
0.57739 0.14709
0.65739 0.67132
0.86196 0.19845
0.04322 0.43601
0.16888 0.39646
0.66538 0.12888
0.49855 0.05659
0.36144 0.00301
0.08154 0.90363
0.98651 0.23407
0.64631 0.00762
0.06410 0.35531
0.01770 0.38778
0.02511 0.53430
0.38527 0.29210
0.15580 0.74911
0.51139 0.55482
0.07003 0.29987
0.95830 0.59131
0.72513 0.21550
0.38640 0.22792
0.88104 0.31762
0.00904 0.35601
0.97110 0.74864
0.68478 0.28287
0.80259 0.71082
0.96249 0.11698
0.25407 0.20160
0.72024 0.93932
0.95752 0.34490
0.01064 0.14749
0.98751 0.92531
0.16599 0.63204
0.57456 0.11996
0.78084 0.27895
0.95260 0.38631
0.37821 0.49611
0.84418 0.71976
0.38494 0.17436
0.94202 0.17476
0.03442 0.42297
0.10011 0.75556
0.68054 0.87392
0.64218 0.26809
0.23466 0.49271
0.59792 0.39002
0.03564 0.32445
0.12758 0.05706
0.77859 0.65643
0.54909 0.10881
0.10710 0.46510
0.13820 0.24550
0.96178 0.52777
0.05736 0.17393
0.37780 0.01036
0.05558 0.46643
0.15657 0.73017
0.84892 0.56602
0.81648 0.81326
0.28131 0.47378
0.64395 0.79989
0.11997 0.06158
0.91394 0.90833
0.78578 0.61719
0.10141 0.70156
0.93636 0.22562
0.42994 0.91425
0.07699 0.73813
0.06369 0.82709
0.86145 0.91187
0.54275 0.54083
0.02071 0.61699
0.36453 0.10328
0.30923 0.66979
0.55971 0.62377
0.25964 0.83123
0.60636 0.85979
0.24529 0.66695
0.80602 0.31451
0.98987 0.70304
0.48789 0.92483
0.30841 0.05425
0.74356 0.54825
0.53179 0.31369
0.20228 0.34285
0.67590 0.27699
0.64245 0.72653
0.19173 0.43517
0.69779 0.77868
0.35520 0.49225
0.33173 0.61461
0.11619 0.10835
0.80147 0.36259
0.22954 0.55875
0.37802 0.41909
0.80072 0.23155
0.04204 0.71503
0.20435 0.06412
0.16840 0.48065
0.96809 0.18816
0.45965 0.17959
0.09390 0.60039
0.00435 0.37568
0.54010 0.89076
0.85084 0.93441
0.58173 0.66653
0.14855 0.01294
0.96387 0.25332
0.07714 0.35761
0.18987 0.17729
0.18170 0.78430
0.06641 0.95527
0.80513 0.31593
0.31334 0.64198
0.60828 0.68628
0.37743 0.73232
0.53823 0.27343
0.49241 0.16615
0.58473 0.26628
0.78690 0.98970
0.37117 0.21520
0.38253 0.40455
0.56068 0.03752
0.79963 0.72586
0.10255 0.10909
0.28733 0.64204
0.67395 0.93648
0.75132 0.63596
0.69971 0.80413
0.03891 0.74335
0.44065 0.09781
0.00086 0.49488
0.99899 0.77182
0.93302 0.24220
0.30081 0.36999
0.83571 0.06856
0.68991 0.03440
0.47598 0.38096
0.91717 0.62862
0.15028 0.24556
0.39954 0.17879
0.29626 0.13382
0.35338 0.44055
0.65292 0.20123
0.70973 0.56832
0.57064 0.46919
0.96657 0.50739
0.24891 0.60876
0.84353 0.52037
0.82069 0.80074
0.69477 0.43912
0.70024 0.25673
0.65483 0.09082
0.30153 0.73122
0.79124 0.18406
0.77330 0.16549
0.10925 0.04670
0.68248 0.76372
0.78139 0.63334
0.73234 0.75570
0.32648 0.00422
0.37935 0.94192
0.88904 0.15198
0.86806 0.19573
0.72459 0.62640
0.58408 0.65068
0.38890 0.92423
0.67555 0.38074
0.17660 0.30192
0.45005 0.07089
0.20112 0.23734
0.41615 0.23490
0.19316 0.09085
0.71211 0.64552
0.29695 0.19006
0.16193 0.24773
0.98117 0.24841
0.24626 0.76588
0.52168 0.83794
0.96527 0.90576
0.80803 0.22085
0.72602 0.65166
0.32478 0.85897
0.44399 0.14642
0.07250 0.12706
0.29928 0.73651
0.32842 0.18694
0.37791 0.73966
0.04521 0.05721
0.03257 0.77543
0.13047 0.53213
0.18353 0.46530
0.65136 0.84982
0.67436 0.85621
0.70889 0.36413
0.82179 0.24419
0.02870 0.58433
0.38110 0.52393
0.66558 0.90339
0.11549 0.86001
0.94556 0.47237
0.79095 0.39658
0.12028 0.44934
0.19248 0.89878
0.41426 0.21518
0.51258 0.72970
0.88377 0.25932
0.54737 0.39231
0.48372 0.32751
0.92517 0.38458
0.38878 0.31536
0.45896 0.52698
0.08509 0.37620
0.60245 0.01523
0.69448 0.78718
0.42121 0.20281
0.44777 0.75667
0.87321 0.18569
0.07890 0.39325
0.29946 0.55530
0.30362 0.58407
0.03017 0.97925
0.99678 0.22483
0.00037 0.65726
