0.77886 0.06795
0.02455 0.50133
0.16652 0.47816
0.14555 0.91977
0.14616 0.05378
0.97101 0.69995
0.62444 0.82313
0.10838 0.58237
0.50252 0.76808
0.32914 0.00466
0.48269 0.39257
0.31842 0.66602
0.06248 0.94142
0.45284 0.43922
0.29308 0.30799
0.85724 0.86893
0.20509 0.61370
0.34217 0.33882
0.99262 0.47716
0.39113 0.54101
0.54855 0.52266
0.48749 0.34675
0.32775 0.41888
0.86644 0.18267
0.73253 0.27837
0.17652 0.74448
0.78271 0.30597
0.64928 0.60450
0.15038 0.92563
0.28548 0.34082
0.19870 0.36802
0.38008 0.55804
0.16339 0.57345
0.76583 0.28189
0.06384 0.24265
0.82208 0.15025
0.92102 0.98732
0.37212 0.68353
0.48892 0.47010
0.09818 0.63281
0.70291 0.46237
0.08956 0.37764
0.71048 0.41395
0.22166 0.93353
0.44570 0.11418
0.01033 0.62664
0.45675 0.00466
0.61254 0.48379
0.56429 0.11637
0.64788 0.23770
0.38419 0.69782
0.22265 0.57767
0.41492 0.31782
0.56869 0.22695
0.40037 0.38416
0.54352 0.17788
0.14463 0.28091
0.44634 0.67557
0.89894 0.46467
0.48734 0.29618
0.69898 0.28211
0.77744 0.61533
0.43406 0.69759
0.79347 0.72500
0.19997 0.89366
0.08099 0.64098
0.96773 0.16961
0.00905 0.85827
0.16494 0.36185
0.16023 0.46379
0.58272 0.54254
0.81900 0.85374
0.24215 0.68147
0.16750 0.62094
0.87282 0.12604
0.71958 0.49735
0.02947 0.26369
0.05513 0.26057
0.64339 0.59052
0.13245 0.68152
0.38315 0.61680
0.36971 0.52329
0.93076 0.70677
0.90903 0.49738
0.81844 0.01024
0.58290 0.49973
0.49972 0.79498
0.11893 0.73500
0.35321 0.91307
0.37221 0.78153
0.99818 0.36988
0.81607 0.42985
0.53826 0.47551
0.69820 0.73710
0.82459 0.15513
0.27641 0.90186
0.29480 0.75883
0.10587 0.50104
0.59176 0.59408
0.71014 0.69128
0.41664 0.67213
0.62753 0.33049
0.03889 0.58396
0.48153 0.58811
0.91541 0.27836
0.06559 0.29953
0.22836 0.09618
0.53961 0.82013
0.57403 0.46999
0.57386 0.77488
0.66156 0.24943
0.32819 0.55181
0.03642 0.59461
0.80563 0.92941
0.30933 0.68628
0.67456 0.32593
0.76482 0.14746
0.36558 0.69271
0.67604 0.27002
0.00232 0.09118
0.52558 0.09375
0.59343 0.09770
0.95596 0.63183
0.80533 0.07659
0.04598 0.64291
0.80687 0.73326
0.61530 0.77333
0.87216 0.10240
0.43412 0.60159
0.95706 0.52010
0.99591 0.07824
0.75315 0.46596
0.19384 0.53794
0.76082 0.05667
0.49585 0.62377
0.22502 0.66262
0.20018 0.07419
0.95761 0.21457
0.44114 0.86529
0.15106 0.00653
0.31751 0.34201
0.55431 0.29782
0.50150 0.06052
0.78723 0.75501
0.47865 0.99640
0.56096 0.61037
0.25545 0.15761
0.63198 0.94237
0.84366 0.33485
0.52906 0.93858
0.63789 0.43164
0.28016 0.74062
0.53634 0.38630
0.70738 0.35247
0.81714 0.67681
0.83384 0.98477
0.96449 0.90500
0.17207 0.51516
0.42010 0.68259
0.70118 0.23103
0.74652 0.52464
0.88326 0.26266
0.28204 0.30597
0.99656 0.54806
0.94672 0.71604
0.74930 0.14767
0.81351 0.49238
0.12554 0.03652
0.18024 0.38639
0.13699 0.93224
0.36982 0.76447
0.15480 0.93538
0.16083 0.02744
0.20604 0.25215
0.52459 0.92594
0.44328 0.50522
0.51481 0.97120
0.13060 0.07808
0.09349 0.59330
0.81881 0.68923
0.29558 0.47116
0.53686 0.75038
0.87333 0.35005
0.33094 0.93752
0.59264 0.04414
0.06700 0.45614
0.61417 0.22846
0.26505 0.45157
0.17014 0.30262
0.01521 0.01327
0.57694 0.65424
0.29998 0.90841
0.55556 0.77692
0.72257 0.79065
0.82715 0.15053
0.55221 0.06136
0.83848 0.02386
0.58131 0.14591
0.08828 0.69393
0.55463 0.72682
0.49522 0.23229
0.56807 0.03227
0.46724 0.49536
0.72403 0.31790
0.86940 0.05029
0.59735 0.56931
0.93067 0.96499
0.44080 0.45669
0.37243 0.63059
0.18524 0.38568
0.19455 0.77333
0.71238 0.20456
0.94072 0.67880
0.18883 0.56635
0.53848 0.00271
0.69682 0.48750
0.83167 0.63701
0.56019 0.83751
0.33746 0.16080
0.04840 0.00419
0.31178 0.43584
0.48571 0.67276
0.61912 0.90493
0.01943 0.50643
0.33260 0.79206
0.54184 0.86284
0.35608 0.50037
0.17053 0.69304
0.67107 0.91712
0.07145 0.81137
0.74174 0.69906
0.41559 0.09063
0.97302 0.62560
0.78559 0.55238
0.88727 0.77237
0.81757 0.33857
0.78878 0.93366
0.69531 0.43540
0.67525 0.91398
0.60244 0.81483
0.26788 0.61633
0.78150 0.73394
0.48751 0.56016
0.89392 0.74771
0.95061 0.75824
0.02349 0.26042
0.54337 0.38026
0.67207 0.75043
0.21082 0.67716
0.79059 0.70725
0.06086 0.55674
0.65362 0.58273
0.86980 0.80343
0.47566 0.57131
0.30980 0.01185
0.77975 0.59147
