0.55392 0.94781
0.84586 0.75814
0.42383 0.08426
0.65761 0.76124
0.62648 0.93530
0.27266 0.95505
0.98091 0.51476
0.40994 0.94904
0.51737 0.59542
0.36460 0.68869
0.89314 0.21236
0.00757 0.04512
0.67202 0.26800
0.09169 0.77137
0.77040 0.49570
0.41980 0.92793
0.33879 0.47703
0.59272 0.04566
0.30137 0.43187
0.03060 0.70549
0.37066 0.58018
0.45606 0.70309
0.84646 0.80768
0.49180 0.56282
0.19127 0.57295
0.27887 0.10169
0.33803 0.51271
0.54806 0.17771
0.18528 0.43459
0.90855 0.84005
0.56391 0.67894
0.19355 0.15975
0.14572 0.01662
0.26896 0.70761
0.07927 0.99914
0.02400 0.83841
0.51254 0.30430
0.67215 0.15876
0.24752 0.76691
0.95548 0.59122
0.58842 0.26875
0.26391 0.29480
0.46066 0.03686
0.59652 0.02487
0.47895 0.69246
0.71925 0.99731
0.92312 0.42672
0.53953 0.54113
0.28416 0.06929
0.94705 0.34791
0.34268 0.15240
0.24650 0.94131
0.08121 0.92313
0.78723 0.95370
0.24715 0.95675
0.31175 0.66486
0.25230 0.06791
0.16305 0.88693
0.03303 0.98302
0.62443 0.05112
0.79981 0.64977
0.26071 0.29788
0.35053 0.39392
0.10361 0.12285
0.81840 0.38295
0.29507 0.32169
0.07942 0.87696
0.69480 0.40393
0.71418 0.25304
0.84956 0.05693
0.57871 0.26246
0.63231 0.85834
0.25396 0.19582
0.15045 0.65615
0.35314 0.00692
0.21053 0.40722
0.49039 0.51883
0.02007 0.28102
0.05842 0.14442
0.28050 0.53435
0.30527 0.53313
0.52704 0.36581
0.15709 0.92787
0.30905 0.93215
0.08430 0.25577
0.11911 0.41886
0.66232 0.71106
0.72204 0.85215
0.02066 0.56255
0.29610 0.64269
0.73274 0.16509
0.36663 0.09468
0.50303 0.27678
0.47218 0.70729
0.76813 0.93967
0.40698 0.85597
0.31016 0.45456
0.12586 0.91561
0.37488 0.12241
0.75697 0.52094
0.82032 0.70734
0.04000 0.38256
0.07953 0.91418
0.85483 0.95782
0.10377 0.78541
0.05689 0.01609
0.68233 0.20577
0.62879 0.04743
0.24478 0.64327
0.80954 0.49090
0.52090 0.95063
0.45137 0.38844
0.27214 0.32835
0.40678 0.62671
0.83817 0.07772
0.18701 0.19194
0.36760 0.11121
0.30790 0.21365
0.33102 0.55173
0.38280 0.77620
0.64258 0.60017
0.14960 0.29287
0.05461 0.95576
0.64799 0.18008
0.22772 0.87719
0.19916 0.37278
0.90752 0.63185
0.37687 0.74049
0.78645 0.05926
0.12369 0.56301
0.26859 0.99556
0.35588 0.40133
0.61016 0.14220
0.99158 0.89683
0.60073 0.97100
0.52242 0.48452
0.76061 0.49753
0.60793 0.68912
0.37111 0.77297
0.49222 0.47326
0.73451 0.88210
0.81097 0.34302
0.36092 0.83095
0.67393 0.12693
0.49599 0.12529
0.30003 0.10751
0.50965 0.38688
0.12521 0.31791
0.39786 0.47600
0.54154 0.16954
0.06077 0.93243
0.21868 0.74522
0.60802 0.23817
0.68517 0.50250
0.47859 0.38505
0.76096 0.15810
0.57150 0.44881
0.48413 0.97830
0.76054 0.94938
0.51775 0.63400
0.31425 0.36787
0.00504 0.86335
0.90965 0.81201
0.59425 0.49459
0.53471 0.72401
0.50382 0.16402
0.47194 0.80739
0.38694 0.70598
0.90868 0.68527
0.32744 0.17975
0.77489 0.34165
0.61929 0.44497
0.83245 0.11520
0.65827 0.23037
0.56935 0.81326
0.32845 0.34263
0.09985 0.73327
0.19477 0.68125
0.94017 0.13513
0.82159 0.19635
0.93446 0.07209
0.78130 0.43289
0.16905 0.08892
0.22399 0.50333
0.98383 0.23455
0.95551 0.27226
0.28043 0.70241
0.97093 0.15249
0.72993 0.87849
0.35534 0.62722
0.20267 0.81325
0.36330 0.60346
0.07429 0.06904
0.46865 0.76659
0.53583 0.43965
0.58388 0.18728
0.38800 0.42300
0.41786 0.65572
0.54097 0.60378
0.16477 0.22642
0.94290 0.64173
0.36704 0.12941
0.77130 0.92341
0.66836 0.44026
0.14943 0.51876
0.62328 0.46609
0.66382 0.95378
0.34475 0.83452
0.76635 0.02794
0.61406 0.14585
0.37087 0.20778
0.63104 0.68271
0.96502 0.06836
0.01461 0.71643
0.58265 0.14079
0.29908 0.34773
0.88089 0.37665
0.69881 0.92857
0.47476 0.38934
0.03203 0.56308
0.26824 0.50483
0.96253 0.05283
0.92262 0.88366
0.22612 0.74881
0.61170 0.69463
0.91822 0.84907
0.74724 0.77014
0.26947 0.47081
0.64576 0.10724
0.24397 0.91572
0.58107 0.11069
0.07542 0.33006
0.39906 0.64196
0.72857 0.60511
0.22213 0.61915
0.36929 0.42079
0.33862 0.88421
0.95868 0.71859
0.06963 0.66360
0.55794 0.47728
0.75839 0.53427
0.43341 0.82352
0.75600 0.07235
0.05809 0.20462
0.87314 0.92704
0.06196 0.48410
0.77749 0.91746
0.02314 0.55110
0.63412 0.60391
0.74677 0.36869
0.96780 0.73445
0.05192 0.95219
0.02495 0.21515
0.82391 0.59408
0.27873 0.53215
0.98326 0.19343
