0.18602 0.27554
0.91439 0.93554
0.26175 0.19324
0.74048 0.08165
0.57895 0.76995
0.76224 0.23263
0.62589 0.99638
0.58499 0.65829
0.30878 0.98004
0.93104 0.43007
0.64364 0.21193
0.04072 0.17257
0.31246 0.57158
0.21152 0.01884
0.12239 0.74799
0.18544 0.27581
0.34772 0.60462
0.29490 0.48177
0.27488 0.52029
0.79129 0.96855
0.11252 0.62039
0.77485 0.36951
0.25919 0.55688
0.11596 0.76645
0.66573 0.95807
0.58701 0.76728
0.86828 0.79628
0.89804 0.81900
0.36077 0.11220
0.59088 0.27027
0.90293 0.99933
0.39365 0.55397
0.22712 0.63807
0.80917 0.07535
0.05921 0.67624
0.20744 0.12917
0.75662 0.26533
0.92902 0.94413
0.47227 0.08088
0.71497 0.17038
0.05145 0.04496
0.24551 0.38331
0.56346 0.05379
0.97454 0.48787
0.92989 0.40860
0.89578 0.82925
0.67485 0.75767
0.91115 0.03893
0.92357 0.91488
0.24458 0.60660
0.67188 0.63443
0.13049 0.12011
0.40252 0.50797
0.34295 0.23623
0.55220 0.28464
0.53694 0.74323
0.99798 0.53520
0.16905 0.98190
0.62921 0.10445
0.19507 0.15959
0.91156 0.06498
0.12996 0.67810
0.79950 0.80751
0.29177 0.17641
0.55462 0.24482
0.52654 0.41338
0.07623 0.98998
0.04330 0.93128
0.27717 0.46354
0.19633 0.74857
0.95371 0.62280
0.97194 0.43090
0.99605 0.66060
0.41496 0.86425
0.36526 0.29321
0.19654 0.42609
0.65340 0.48256
0.85129 0.12496
0.45790 0.40370
0.91113 0.66639
0.86089 0.10130
0.39042 0.23323
0.62054 0.29841
0.61592 0.79046
0.13136 0.68626
0.59082 0.26096
0.08420 0.17374
0.43778 0.16796
0.88814 0.32297
0.36221 0.54637
0.86531 0.29681
0.98535 0.39927
0.85717 0.91734
0.69523 0.34219
0.98136 0.63663
0.12898 0.00120
0.82053 0.20510
0.22536 0.32517
0.30616 0.80310
0.76646 0.39954
0.63682 0.01172
0.36241 0.40804
0.29757 0.11591
0.09076 0.48646
0.42750 0.60139
0.71161 0.32099
0.91526 0.74080
0.27801 0.91724
0.21060 0.69924
0.20088 0.37466
0.57900 0.93615
0.33573 0.06018
0.99124 0.11672
0.55689 0.19418
0.93496 0.01404
0.65156 0.64871
0.33816 0.81300
0.95262 0.36345
0.65123 0.49090
0.70278 0.02646
0.01806 0.41222
0.25269 0.58566
0.71425 0.20489
0.45737 0.74834
0.66298 0.95739
0.64576 0.12914
0.05682 0.29251
0.70043 0.37883
0.68063 0.82085
0.95328 0.27516
0.06793 0.00191
0.26072 0.77847
0.28709 0.20578
0.39771 0.55520
0.11247 0.41940
0.28429 0.35705
0.96453 0.98836
0.45854 0.16833
0.27131 0.24982
0.31081 0.05234
0.93542 0.94791
0.08426 0.26848
0.73487 0.07942
0.63859 0.36117
0.73771 0.79867
0.07451 0.33357
0.96182 0.87105
0.69111 0.73635
0.95088 0.16081
0.85286 0.57468
0.46933 0.67191
0.30570 0.38407
0.40440 0.28524
0.86152 0.05261
0.80199 0.69256
0.55608 0.70324
0.37147 0.84023
0.80494 0.75134
0.26866 0.50425
0.04374 0.74313
0.78887 0.43096
0.09164 0.21580
0.56439 0.83615
0.13154 0.45031
0.91852 0.41028
0.69026 0.90406
0.78097 0.88989
0.04800 0.60393
0.34958 0.38284
0.41196 0.47141
0.09449 0.36071
0.76877 0.47106
0.87338 0.03534
0.08689 0.93729
0.40775 0.45586
0.87620 0.98265
0.32073 0.20062
0.48711 0.58908
0.21757 0.43953
0.67695 0.17799
0.59325 0.00324
0.08621 0.99437
0.75540 0.58289
0.87698 0.02301
0.14104 0.08668
0.79036 0.32730
0.61944 0.72962
0.17872 0.50719
0.86514 0.21678
0.46684 0.41675
0.32333 0.32839
0.14870 0.81376
0.51941 0.44856
0.18544 0.18064
0.53463 0.16255
0.96187 0.82886
0.28840 0.79501
0.10118 0.56312
0.08995 0.22697
0.77647 0.59456
0.24521 0.24709
0.99585 0.55952
0.77379 0.75121
0.39284 0.26791
0.98473 0.77645
0.57888 0.75203
0.35131 0.45905
0.28325 0.97263
0.00929 0.71913
0.52238 0.47845
0.31486 0.87046
0.26752 0.11580
0.73396 0.79498
0.86061 0.46932
0.15438 0.79235
0.47251 0.01838
0.46373 0.23162
0.94720 0.86539
0.02088 0.85065
0.77326 0.26585
0.40025 0.28701
0.33740 0.54933
0.39498 0.69077
0.31675 0.74606
0.87787 0.18016
0.01075 0.99368
0.04750 0.05905
0.78840 0.88537
0.47395 0.68117
0.93494 0.21930
0.12121 0.27159
0.37524 0.73410
0.50279 0.75826
0.37685 0.14624
0.97727 0.88527
0.81594 0.31495
0.73265 0.14514
0.66801 0.09013
0.59744 0.43638
0.67024 0.68132
0.03894 0.73877
0.68493 0.01696
0.47847 0.87243
0.00732 0.48617
0.20197 0.94284
0.25568 0.11849
0.68901 0.68641
0.82607 0.81725
0.25339 0.89935
0.29841 0.68703
0.15702 0.77107
0.08812 0.25125
0.38883 0.91884
0.00521 0.32148
0.89639 0.17825
0.87085 0.98779
