0.71850 0.39412
0.58805 0.40705
0.90153 0.92896
0.20339 0.24183
0.03361 0.92860
0.91251 0.56657
0.27243 0.68855
0.24226 0.34544
0.53567 0.06766
0.70104 0.80795
0.34115 0.62865
0.05465 0.05131
0.44179 0.48536
0.53371 0.49937
0.66526 0.89188
0.20507 0.05917
0.60883 0.54848
0.46269 0.13354
0.21916 0.19692
0.22847 0.45187
0.52681 0.65230
0.47573 0.83361
0.33247 0.53976
0.40275 0.23471
0.64352 0.72831
0.67700 0.39130
0.47292 0.12271
0.76499 0.47928
0.64796 0.12026
0.37802 0.31912
0.21371 0.46468
0.36843 0.37627
0.78719 0.32023
0.09059 0.16565
0.59114 0.20863
0.67016 0.40897
0.97383 0.16967
0.25735 0.85690
0.26864 0.03778
0.74387 0.51746
0.76072 0.34555
0.37940 0.57485
0.51634 0.92363
0.17194 0.41631
0.83512 0.55986
0.29626 0.53531
0.72457 0.83052
0.26337 0.47196
0.34558 0.64148
0.92363 0.13785
0.31532 0.53251
0.17937 0.29997
0.72299 0.81536
0.51039 0.71654
0.47594 0.93800
0.88658 0.17838
0.10702 0.85288
0.69476 0.11800
0.90878 0.45013
0.84876 0.04523
0.10031 0.57370
0.50870 0.69805
0.23757 0.06507
0.75109 0.99201
0.47411 0.95366
0.08210 0.75875
0.19100 0.68300
0.15983 0.88875
0.53286 0.17065
0.41623 0.76473
0.37480 0.67810
0.67412 0.85303
0.02125 0.58271
0.82448 0.48943
0.89208 0.21942
0.32942 0.99022
0.05514 0.91709
0.16469 0.39330
0.14182 0.82676
0.51980 0.33120
0.63610 0.57207
0.73474 0.50309
0.28005 0.57500
0.62335 0.02565
0.80701 0.00499
0.84032 0.58449
0.92533 0.42256
0.47533 0.70731
0.19154 0.97169
0.72502 0.68763
0.00396 0.47031
0.10011 0.94902
0.04589 0.31638
0.79524 0.73182
0.48261 0.70364
0.89626 0.98041
0.14999 0.95364
0.43990 0.14839
0.67416 0.04877
0.38480 0.71171
0.85182 0.03783
0.71434 0.02670
0.54765 0.58822
0.74401 0.57134
0.38790 0.00581
0.74920 0.13680
0.87085 0.90543
0.47918 0.43426
0.57704 0.07147
0.49776 0.78874
0.22542 0.79210
0.22358 0.03062
0.92972 0.67097
0.49918 0.89212
0.92682 0.50013
0.95090 0.60014
0.80753 0.99201
0.06173 0.71075
0.60212 0.93617
0.11023 0.00372
0.32598 0.38165
0.12558 0.01073
0.89460 0.59044
0.59900 0.29089
0.78427 0.45494
0.54512 0.40830
0.15117 0.10360
0.89785 0.61293
0.04216 0.97627
0.30186 0.34328
0.91727 0.06782
0.78445 0.44978
0.89997 0.40592
0.87060 0.50176
0.78747 0.80811
0.97704 0.25952
0.84954 0.79217
0.07950 0.51818
0.45342 0.71219
0.08042 0.77327
0.54107 0.53342
0.30589 0.11384
0.62394 0.61306
0.60466 0.23373
0.75240 0.31826
0.43942 0.18979
0.75416 0.51833
0.27338 0.05977
0.07615 0.00613
0.24317 0.62606
0.49617 0.39819
0.97166 0.88609
0.97055 0.09198
0.11064 0.18721
0.43542 0.16260
0.26112 0.96552
0.13825 0.37382
0.08267 0.28795
0.08106 0.19166
0.19612 0.90016
0.21551 0.66843
0.87913 0.40022
0.39115 0.38600
0.67561 0.10049
0.74138 0.82402
0.63931 0.36279
0.95369 0.30350
0.16940 0.66491
0.82487 0.79628
0.46087 0.10716
0.91251 0.07804
0.00053 0.97515
0.14077 0.61655
0.69550 0.75554
0.00395 0.89360
0.16008 0.28168
0.40106 0.98880
0.65560 0.21415
0.66455 0.39993
0.82400 0.17177
0.38841 0.07799
0.38443 0.39883
0.29053 0.03466
0.33713 0.10137
0.44403 0.57122
0.59120 0.95953
0.76409 0.41586
0.32396 0.82906
0.58270 0.03560
0.67383 0.88341
0.98639 0.48724
0.08562 0.35224
0.84523 0.34578
0.79467 0.80749
0.70493 0.47024
0.52507 0.74454
0.03402 0.09923
0.13179 0.02888
0.34275 0.31788
0.67753 0.42532
0.80065 0.20036
0.68531 0.18231
0.87437 0.15101
0.09606 0.61637
0.42330 0.94816
0.62232 0.60260
0.22066 0.01117
0.73144 0.03185
0.19485 0.00610
0.03959 0.30795
0.70171 0.89459
0.82330 0.99059
0.81400 0.02180
0.26645 0.02176
0.45468 0.99080
0.35837 0.78026
0.21632 0.15786
0.70444 0.40751
0.72330 0.58277
0.66933 0.67291
0.86691 0.24714
0.72059 0.91278
0.97076 0.07406
0.89848 0.51811
0.08846 0.18815
0.06079 0.16062
0.57044 0.21859
0.20591 0.60733
0.85241 0.24134
0.18845 0.81414
0.65425 0.39471
0.51496 0.40431
0.83733 0.98617
0.33204 0.65418
0.45995 0.66001
0.58699 0.94123
0.88048 0.48657
0.43379 0.35738
0.82637 0.31521
0.96754 0.65484
0.93261 0.19222
0.65910 0.31378
0.20715 0.18912
0.46558 0.24600
0.45347 0.29975
0.93647 0.48167
0.72322 0.58499
0.35798 0.15348
0.75371 0.44028
0.72262 0.34889
0.45101 0.50225
0.32492 0.26372
0.61776 0.67387
0.24916 0.72536
0.90780 0.60485
0.97436 0.28755
