0.79259 0.33910
0.66269 0.06574
0.18902 0.25756
0.19388 0.61651
0.38902 0.10697
0.25039 0.92748
0.70972 0.85759
0.89940 0.21601
0.61440 0.54993
0.32982 0.67157
0.64243 0.70847
0.76819 0.89597
0.12269 0.94151
0.10285 0.09095
0.50165 0.76803
0.35299 0.86134
0.73761 0.57025
0.59448 0.96455
0.68471 0.10430
0.44629 0.74481
0.20806 0.23347
0.13092 0.43521
0.65870 0.18013
0.57063 0.39929
0.81163 0.92994
0.56809 0.16168
0.21583 0.06300
0.78585 0.48746
0.70109 0.89188
0.16583 0.56323
0.20577 0.94329
0.62017 0.06586
0.01247 0.94008
0.99666 0.01087
0.37750 0.00087
0.57321 0.92521
0.43281 0.03693
0.53622 0.96132
0.41672 0.29697
0.47474 0.21581
0.82415 0.47813
0.53982 0.62622
0.93447 0.31190
0.82984 0.40614
0.10352 0.60262
0.94174 0.07226
0.97398 0.32548
0.90219 0.50406
0.15479 0.15173
0.75218 0.43236
0.75514 0.39508
0.96549 0.88509
0.99517 0.23791
0.21133 0.95326
0.16136 0.85423
0.90346 0.95291
0.26880 0.14619
0.71522 0.09815
0.11967 0.91979
0.08276 0.18732
0.55720 0.50972
0.91812 0.66661
0.94185 0.52456
0.05453 0.27618
0.09666 0.88776
0.71836 0.93410
0.45208 0.47025
0.43450 0.16771
0.85398 0.84163
0.77136 0.64632
0.28886 0.63690
0.22234 0.54122
0.87744 0.45792
0.61994 0.33692
0.39591 0.85880
0.36618 0.98710
0.64964 0.45148
0.02409 0.73256
0.93888 0.20383
0.56424 0.14383
0.51502 0.21155
0.55277 0.25158
0.35106 0.43702
0.69668 0.21173
0.85378 0.49594
0.97775 0.69676
0.18164 0.35059
0.55434 0.52442
0.50775 0.36220
0.61538 0.11177
0.75681 0.04884
0.35342 0.20701
0.84267 0.37978
0.92278 0.46871
0.08788 0.66395
0.49921 0.45829
0.10041 0.19331
0.96274 0.92082
0.23290 0.00287
0.65064 0.38873
0.51515 0.78334
0.66579 0.69760
0.19398 0.40447
0.50949 0.38468
0.86692 0.93350
0.46877 0.74721
0.13141 0.61125
0.91587 0.93908
0.90708 0.03409
0.37940 0.34053
0.57873 0.74785
0.92041 0.72707
0.39075 0.35491
0.12403 0.77591
0.64499 0.64574
0.54715 0.15112
0.79813 0.05792
0.16858 0.06439
0.14298 0.19923
0.72136 0.40291
0.77402 0.22932
0.37715 0.43208
0.67342 0.27983
0.84690 0.40857
0.63452 0.00575
0.34192 0.87617
0.86778 0.06265
0.30051 0.78761
0.46086 0.51738
0.17923 0.68093
0.47156 0.97826
0.88985 0.27376
0.70142 0.53310
0.26626 0.74442
0.94442 0.11464
0.62010 0.07837
0.39792 0.55315
0.13788 0.17192
0.69472 0.51615
0.57641 0.48246
0.76792 0.84621
0.62927 0.25552
0.34165 0.42365
0.04639 0.07825
0.85346 0.12898
0.27000 0.59239
0.39650 0.88032
0.19628 0.54044
0.97027 0.77576
0.59319 0.53792
0.65569 0.44954
0.29152 0.64976
0.85289 0.88822
0.74124 0.55466
0.22328 0.13555
0.31984 0.43988
0.04174 0.09552
0.26779 0.46737
0.34049 0.58741
0.47785 0.94838
0.80184 0.98517
0.12811 0.74298
0.03857 0.71446
0.64379 0.05055
0.55174 0.36258
0.27551 0.33109
0.91562 0.82333
0.07103 0.37939
0.42010 0.98852
0.53823 0.67346
0.29212 0.93993
0.38969 0.67056
0.62417 0.47083
0.68301 0.35788
0.81489 0.42082
0.93252 0.55619
0.77453 0.04177
0.24740 0.54042
0.16979 0.28539
0.94827 0.72182
0.17384 0.84971
0.57020 0.18621
0.17468 0.29308
0.30598 0.78351
0.10527 0.38207
0.85918 0.25755
0.82485 0.35902
0.72889 0.96387
0.62074 0.31068
0.16677 0.78658
0.80777 0.55431
0.56986 0.38489
0.52739 0.67588
0.38852 0.14927
0.73711 0.24125
0.73002 0.63365
0.79834 0.35096
0.17513 0.50047
0.03580 0.29913
0.17413 0.27890
0.59322 0.57957
0.28504 0.50778
0.89358 0.75119
0.10369 0.18647
0.76862 0.39742
0.03491 0.47809
0.05963 0.76284
0.46047 0.28852
0.69928 0.99031
0.43239 0.43176
0.72481 0.56385
0.65672 0.57254
0.78280 0.72369
0.37008 0.69209
0.43998 0.62061
0.55056 0.86514
0.04460 0.19869
0.16918 0.88972
0.45592 0.63010
0.97704 0.37901
0.41333 0.94462
0.04964 0.83066
0.97037 0.45961
0.74917 0.08556
0.29377 0.82821
0.43152 0.86841
0.37051 0.50228
0.82644 0.53453
0.82086 0.66463
0.43710 0.11142
0.07749 0.85279
0.15618 0.67855
0.47768 0.90135
0.67895 0.39915
0.67866 0.06388
0.87052 0.41491
0.01555 0.96451
0.05576 0.54805
0.90214 0.97544
0.99559 0.76341
0.71771 0.05891
0.66010 0.89689
0.56806 0.54509
0.65547 0.69211
0.53835 0.57726
0.10646 0.90573
0.72762 0.79806
0.31931 0.72753
0.67436 0.97985
0.00378 0.20588
0.61254 0.26605
0.54571 0.80726
0.26530 0.68878
0.88360 0.27360
0.48517 0.33142
0.49781 0.43469
