0.14379 0.15637
0.78596 0.33293
0.31692 0.21766
0.32664 0.54381
0.32072 0.37306
0.04964 0.90489
0.10536 0.91371
0.17398 0.31266
0.01124 0.32312
0.65581 0.33086
0.42965 0.96287
0.17238 0.19006
0.57351 0.72735
0.68412 0.80381
0.66434 0.61653
0.13488 0.14284
0.96349 0.72292
0.02869 0.47829
0.51308 0.96598
0.91676 0.77501
0.55213 0.10304
0.45182 0.72308
0.32724 0.74937
0.77149 0.36841
0.95983 0.85776
0.30132 0.44572
0.83323 0.84332
0.88079 0.66682
0.67459 0.93440
0.27281 0.05334
0.91779 0.82933
0.23895 0.53353
0.84602 0.85333
0.28745 0.54637
0.50068 0.55944
0.92801 0.37968
0.00861 0.95074
0.76782 0.42909
0.76819 0.36076
0.31383 0.01830
0.64494 0.54663
0.19701 0.18388
0.59831 0.25284
0.46760 0.24875
0.58891 0.15810
0.28706 0.90361
0.50711 0.92631
0.16803 0.63112
0.38565 0.67488
0.04110 0.08572
0.15448 0.00687
0.92267 0.54581
0.56274 0.54280
0.27179 0.98888
0.16528 0.46528
0.87480 0.98009
0.95633 0.49382
0.00987 0.45253
0.62495 0.86082
0.29635 0.56636
0.55423 0.99603
0.04058 0.61978
0.23565 0.55846
0.46811 0.63830
0.82643 0.74948
0.10117 0.19867
0.01351 0.08279
0.20443 0.66439
0.26666 0.90144
0.63776 0.71475
0.38693 0.56926
0.07082 0.78817
0.10656 0.70636
0.52553 0.49352
0.72179 0.71263
0.17126 0.61017
0.45043 0.53783
0.20157 0.43959
0.48564 0.42938
0.92023 0.67259
0.05650 0.83182
0.96705 0.47597
0.30022 0.17315
0.65125 0.59109
0.95057 0.08711
0.90122 0.25482
0.02053 0.93176
0.50570 0.02658
0.16628 0.76719
0.58514 0.50191
0.26599 0.24464
0.52153 0.43996
0.63211 0.46052
0.95051 0.00527
0.53700 0.56428
0.04192 0.98148
0.51219 0.53584
0.22498 0.29153
0.44845 0.07086
0.87404 0.69381
0.02839 0.73794
0.13803 0.91183
0.52750 0.14286
0.51705 0.83233
0.66082 0.17133
0.52721 0.93865
0.40783 0.91251
0.16551 0.49724
0.10057 0.33060
0.93134 0.73443
0.60200 0.67255
0.27611 0.98175
0.15416 0.88076
0.43072 0.65947
0.52842 0.93248
0.85487 0.21211
0.79771 0.83250
0.47211 0.45749
0.89439 0.48591
0.01012 0.52235
0.50650 0.15067
0.60153 0.08449
0.38327 0.67161
0.94589 0.54027
0.38332 0.74714
0.52926 0.88340
0.34687 0.89458
0.92126 0.25165
0.17508 0.82517
0.75556 0.25259
0.03232 0.09917
0.01565 0.71904
0.41262 0.97719
0.08065 0.55688
0.90697 0.89100
0.27664 0.66436
0.47722 0.35665
0.14296 0.35575
0.42670 0.85502
0.14455 0.26529
0.13433 0.17272
0.69342 0.09696
0.03329 0.67317
0.21799 0.48032
0.06554 0.98303
0.63320 0.77917
0.26112 0.92178
0.02065 0.66206
0.50548 0.85691
0.54995 0.50428
0.34832 0.61365
0.61819 0.70819
0.53317 0.70507
0.46823 0.47955
0.90017 0.91451
0.15540 0.01967
0.88299 0.98772
0.25766 0.58943
0.64175 0.81909
0.01225 0.50140
0.11565 0.64985
0.58126 0.78206
0.70581 0.48980
0.79814 0.19380
0.68058 0.74384
0.19502 0.93473
0.11867 0.59232
0.52769 0.05773
0.45785 0.00422
0.19385 0.20674
0.70935 0.04605
0.22045 0.18479
0.44114 0.40808
0.93250 0.73000
0.02934 0.48461
0.62380 0.91114
0.43998 0.00538
0.47037 0.92788
0.38994 0.00196
0.84445 0.03238
0.08899 0.34670
0.76748 0.45835
0.30384 0.24119
0.33617 0.15388
0.56418 0.50635
0.88739 0.01724
0.94947 0.13193
0.47061 0.97162
0.02472 0.90031
0.00795 0.33681
0.51411 0.78759
0.19776 0.83729
0.98767 0.11544
0.65015 0.36200
0.15931 0.52760
0.21992 0.94308
0.48289 0.83847
0.72416 0.68161
0.16401 0.10219
0.33496 0.54737
0.12831 0.64754
0.03879 0.95806
0.12512 0.15323
0.71888 0.71891
0.98900 0.81968
0.42449 0.51242
0.43917 0.47402
0.86570 0.78053
0.73106 0.93998
0.14639 0.49422
0.80304 0.72041
0.86021 0.12123
0.18259 0.06210
0.95752 0.36158
0.62701 0.10033
0.50982 0.59727
0.56684 0.67722
0.55883 0.47738
0.99154 0.73172
0.62737 0.86248
0.32510 0.59328
0.84579 0.21886
0.45560 0.05017
0.58033 0.56824
0.29085 0.88366
0.42115 0.75282
0.82695 0.72394
0.07438 0.06150
0.91456 0.24482
0.68032 0.87969
0.83642 0.40236
0.79695 0.93280
0.45626 0.95374
0.55385 0.53090
0.22371 0.76584
0.43129 0.69740
0.55015 0.06728
0.31522 0.43070
0.71726 0.60408
0.37774 0.24952
0.60273 0.75345
0.66187 0.97045
0.60652 0.17988
0.87665 0.31943
0.05941 0.53607
0.20422 0.91969
0.97152 0.08325
0.74009 0.20099
0.63748 0.80297
0.68397 0.68453
0.16861 0.14085
0.24757 0.12336
0.17515 0.36037
0.70419 0.90311
0.29536 0.51053
0.20921 0.36008
