0.14592 0.57993
0.24038 0.43860
0.54991 0.20872
0.76152 0.00352
0.86203 0.50625
0.50639 0.17885
0.37140 0.90664
0.05894 0.22470
0.20003 0.33823
0.84997 0.21104
0.86244 0.02892
0.46638 0.33366
0.20720 0.88274
0.55932 0.91825
0.18288 0.67624
0.25101 0.70116
0.38018 0.12305
0.90345 0.36860
0.47967 0.31799
0.05895 0.36417
0.38984 0.87664
0.38531 0.52050
0.10804 0.19968
0.86127 0.36417
0.68265 0.75023
0.96442 0.66508
0.56246 0.46414
0.96523 0.98737
0.15793 0.58596
0.12966 0.92611
0.41371 0.66370
0.95743 0.24506
0.58509 0.57730
0.01224 0.55667
0.17565 0.88753
0.40615 0.22170
0.55036 0.03852
0.57160 0.05168
0.31192 0.42663
0.92195 0.03860
0.14941 0.70380
0.19709 0.28755
0.92556 0.33058
0.00103 0.94978
0.45676 0.17827
0.87541 0.22059
0.82363 0.00704
0.33335 0.71228
0.37353 0.10307
0.28277 0.68391
0.51207 0.97820
0.68493 0.83056
0.66296 0.31604
0.15195 0.81673
0.57452 0.76817
0.89153 0.70831
0.36117 0.00240
0.93042 0.61405
0.06545 0.42274
0.00017 0.52792
0.79058 0.98448
0.66370 0.68108
0.44880 0.52068
0.33767 0.05020
0.08214 0.63409
0.15168 0.13996
0.22045 0.99818
0.18514 0.69212
0.26657 0.03303
0.31195 0.82946
0.04379 0.93681
0.92992 0.73894
0.35717 0.36717
0.97777 0.15457
0.70411 0.24786
0.97475 0.81639
0.69566 0.87972
0.83799 0.79245
0.14995 0.05200
0.57287 0.25703
0.25689 0.02862
0.48940 0.01478
0.24285 0.22199
0.30184 0.38836
0.25845 0.03834
0.30034 0.73637
0.36895 0.69327
0.34520 0.07327
0.56412 0.78142
0.60181 0.09755
0.82263 0.08143
0.03221 0.66632
0.62696 0.32791
0.84622 0.14265
0.58309 0.15199
0.91027 0.14291
0.44325 0.10518
0.61935 0.71135
0.96334 0.48922
0.60262 0.87743
0.64397 0.34058
0.73985 0.09437
0.53674 0.13171
0.32690 0.13348
0.22524 0.75283
0.97368 0.52048
0.49686 0.28813
0.45319 0.45103
0.88225 0.94730
0.14784 0.37941
0.88865 0.98571
0.14762 0.24204
0.57012 0.39870
0.34341 0.74723
0.08640 0.39075
0.48207 0.69729
0.77084 0.83552
0.90526 0.56376
0.85030 0.22583
0.25309 0.50147
0.07000 0.23999
0.93507 0.93415
0.42751 0.64006
0.55814 0.13908
0.79019 0.34312
0.55426 0.94964
0.49918 0.23351
0.00124 0.54676
0.28334 0.08219
0.68294 0.85040
0.99988 0.76406
0.78423 0.88230
0.28606 0.31777
0.58002 0.99441
0.07905 0.02828
0.44236 0.54317
0.61909 0.10118
0.42214 0.40349
0.81842 0.20627
0.86857 0.64687
0.87949 0.34865
0.54944 0.79280
0.15604 0.12627
0.88493 0.42838
0.83411 0.62737
0.37052 0.88242
0.56660 0.13164
0.01028 0.34697
0.92447 0.07502
0.57509 0.73421
0.85322 0.26390
0.90553 0.13733
0.89219 0.56938
0.43205 0.13397
0.81144 0.80726
0.72520 0.80273
0.12140 0.05922
0.67532 0.95091
0.84818 0.12681
0.72436 0.58359
0.47746 0.19047
0.18922 0.67231
0.66651 0.09877
0.57585 0.58635
0.32148 0.82567
0.96720 0.51722
0.28640 0.95955
0.47668 0.20301
0.57378 0.24001
0.81884 0.92344
0.62103 0.59577
0.95390 0.33823
0.98054 0.14625
0.45277 0.65948
0.72484 0.14107
0.49975 0.22980
0.58032 0.11980
0.70175 0.98300
0.84303 0.98330
0.98972 0.34487
0.58684 0.51777
0.39025 0.17894
0.88876 0.10037
0.54961 0.34816
0.28345 0.54007
0.14459 0.55299
0.06346 0.63416
0.11672 0.87928
0.10642 0.43417
0.10616 0.92319
0.83942 0.80586
0.11326 0.03162
0.09208 0.67998
0.28005 0.14986
0.85421 0.26958
0.47266 0.19388
0.62666 0.36948
0.56532 0.25847
0.61682 0.99062
0.45831 0.34508
0.89666 0.17121
0.74037 0.60009
0.58389 0.92983
0.24444 0.55353
0.14052 0.94628
0.58912 0.75751
0.23117 0.54592
0.84692 0.47935
0.82707 0.07524
0.46418 0.95840
0.47472 0.92214
0.18914 0.16753
0.41237 0.55927
0.06975 0.85669
0.42933 0.81587
0.08898 0.69338
0.69033 0.19230
0.90477 0.38414
0.26242 0.00600
0.55278 0.48406
0.97405 0.05118
0.89721 0.05324
0.94055 0.44034
0.54198 0.44768
0.46526 0.95562
0.27976 0.25315
0.73016 0.14557
0.78319 0.27491
0.32036 0.92477
0.46269 0.27885
0.77263 0.82658
0.59694 0.22670
0.45368 0.51991
0.11041 0.74124
0.78410 0.67029
0.48216 0.65314
0.34071 0.87508
0.89102 0.20800
0.10365 0.25951
0.15384 0.91156
0.68676 0.58169
0.27365 0.04795
0.51640 0.30684
0.08515 0.30789
0.87342 0.02428
0.74958 0.92957
0.31822 0.13955
0.04903 0.48250
0.30480 0.70677
0.53903 0.15237
0.51412 0.69747
0.63524 0.27632
0.21174 0.30862
0.48642 0.53461
0.29781 0.19961
0.13095 0.95080
