0.08165 0.06315
0.93522 0.52738
0.55763 0.61177
0.20854 0.84103
0.21811 0.60802
0.35784 0.28106
0.90411 0.88656
0.79971 0.06596
0.31565 0.44057
0.60084 0.93632
0.61603 0.16608
0.05104 0.43012
0.92440 0.60478
0.88214 0.81245
0.49316 0.84873
0.59833 0.84849
0.33203 0.58299
0.19196 0.74406
0.03447 0.78282
0.55841 0.69813
0.06557 0.81946
0.66153 0.99458
0.70179 0.59970
0.40834 0.38652
0.61778 0.72714
0.80119 0.71233
0.61753 0.54917
0.10426 0.81015
0.52669 0.71497
0.16815 0.63062
0.05043 0.31136
0.12207 0.20403
0.31624 0.29149
0.64202 0.20499
0.93608 0.36474
0.47836 0.87503
0.40890 0.09300
0.64617 0.66851
0.79556 0.55267
0.31463 0.92199
0.96073 0.83149
0.33210 0.35664
0.91836 0.71600
0.41129 0.52519
0.33985 0.95382
0.02664 0.13543
0.96125 0.88818
0.88086 0.57173
0.57145 0.85331
0.68681 0.78646
0.44030 0.41036
0.18267 0.33138
0.87496 0.13079
0.53570 0.68580
0.85504 0.49170
0.54842 0.92972
0.93371 0.72365
0.88878 0.94934
0.10955 0.48379
0.12011 0.04230
0.88840 0.29116
0.92193 0.82992
0.27382 0.89222
0.77530 0.96456
0.99498 0.37210
0.69477 0.69074
0.15453 0.51663
0.04086 0.58745
0.33890 0.80461
0.56365 0.28051
0.85149 0.15759
0.77989 0.90742
0.57400 0.16257
0.87312 0.37118
0.65701 0.57630
0.48537 0.02661
0.28279 0.76904
0.16926 0.17217
0.69531 0.09888
0.77117 0.02624
0.59287 0.25086
0.42697 0.01499
0.70179 0.33739
0.51135 0.46861
0.92290 0.18926
0.41671 0.58565
0.03295 0.82853
0.17062 0.08888
0.15075 0.70841
0.19271 0.87015
0.94831 0.89311
0.95970 0.26731
0.82409 0.85489
0.36433 0.20246
0.90591 0.92594
0.56941 0.91620
0.90585 0.85605
0.19075 0.76713
0.96225 0.85480
0.18655 0.04590
0.52750 0.99123
0.94690 0.71942
0.97779 0.90991
0.44292 0.71456
0.16066 0.80287
0.34558 0.90326
0.89323 0.71037
0.55728 0.90728
0.96394 0.63011
0.84420 0.76335
0.10731 0.13562
0.40579 0.01997
0.17034 0.49912
0.10651 0.84190
0.90397 0.48700
0.26165 0.66700
0.80073 0.60082
0.25556 0.32117
0.15424 0.37672
0.93486 0.17118
0.01213 0.15983
0.89051 0.27116
0.24581 0.05322
0.33933 0.42270
0.14631 0.72501
0.44515 0.79146
0.89748 0.28137
0.49626 0.26987
0.28618 0.27068
0.64541 0.74906
0.77272 0.02972
0.51754 0.03659
0.42531 0.59518
0.34475 0.80088
0.25583 0.30906
0.82503 0.76278
0.05485 0.23638
0.81537 0.86164
0.86226 0.34405
0.38849 0.04260
0.44984 0.33461
0.31358 0.18285
0.32667 0.69200
0.96835 0.50530
0.99103 0.00621
0.18494 0.31904
0.64138 0.78553
0.77348 0.66587
0.55996 0.45108
0.18054 0.57819
0.02307 0.02719
0.64251 0.98216
0.09675 0.87742
0.76276 0.11688
0.03684 0.25828
0.47999 0.66729
0.03485 0.77625
0.79471 0.50531
0.15975 0.08491
0.30775 0.33464
0.71662 0.11872
0.11169 0.97292
0.77847 0.08815
0.50850 0.82015
0.11733 0.63856
0.47118 0.45793
0.68205 0.87100
0.45232 0.22420
0.14694 0.10315
0.73372 0.50336
0.81417 0.92301
0.20265 0.18444
0.28847 0.86717
0.46440 0.36356
0.32179 0.75295
0.86472 0.08318
0.28812 0.32976
0.86608 0.18268
0.38753 0.45839
0.50251 0.90090
0.53221 0.59176
0.87784 0.76532
0.11094 0.90242
0.92785 0.31231
0.79538 0.89984
0.67100 0.09810
0.58231 0.40523
0.01200 0.32224
0.23817 0.34470
0.56714 0.44492
0.10081 0.84861
0.58730 0.34849
0.46854 0.65481
0.19014 0.43390
0.69007 0.28135
0.57836 0.94992
0.71793 0.25697
0.22956 0.85385
0.91939 0.89707
0.88626 0.95947
0.27199 0.14346
0.97971 0.75394
0.30184 0.83096
0.90592 0.07290
0.27370 0.47290
0.71831 0.66608
0.93583 0.20965
0.18088 0.39060
0.52282 0.20103
0.36869 0.73391
0.52739 0.73802
0.84366 0.12592
0.24429 0.93175
0.90667 0.97996
0.84726 0.22618
0.17939 0.34936
0.45307 0.79318
0.61470 0.33808
0.50684 0.39345
0.77023 0.77514
0.95660 0.14248
0.01933 0.65313
0.78010 0.00004
0.00410 0.30504
0.48008 0.11715
0.13309 0.35623
0.61181 0.21488
0.11153 0.30243
0.46720 0.25395
0.27881 0.57626
0.32738 0.19163
0.25724 0.88361
0.21141 0.38104
0.47567 0.87651
0.72555 0.69781
0.17515 0.85075
0.51680 0.75395
0.69588 0.51554
0.35585 0.97942
0.58482 0.10164
0.54393 0.42507
0.43871 0.57960
0.70733 0.47968
0.10071 0.29272
0.63113 0.97111
0.74968 0.34638
0.93952 0.16330
0.92285 0.01299
0.79455 0.28640
0.61642 0.03653
0.74815 0.37971
0.90465 0.55632
0.03317 0.90159
0.89920 0.15782
0.89872 0.84519
0.95635 0.04492
