0.88682 0.99541
0.87577 0.91580
0.75476 0.90608
0.29603 0.65907
0.74986 0.13250
0.09198 0.21324
0.62912 0.80880
0.52985 0.18430
0.25386 0.31339
0.09976 0.27197
0.18152 0.83172
0.48459 0.34712
0.47276 0.10774
0.02797 0.11719
0.98111 0.30226
0.13832 0.18519
0.15390 0.43819
0.88853 0.87451
0.80768 0.42685
0.83273 0.39895
0.66923 0.58875
0.97435 0.44577
0.07181 0.02766
0.55379 0.49536
0.97486 0.96078
0.76661 0.51368
0.64745 0.97854
0.22562 0.12799
0.49731 0.97222
0.07228 0.91012
0.43225 0.41027
0.37617 0.82689
0.67985 0.29786
0.05136 0.97002
0.82021 0.93633
0.16042 0.70362
0.40399 0.59731
0.57282 0.77481
0.62311 0.24692
0.23156 0.16054
0.41776 0.23045
0.38060 0.11013
0.92175 0.21316
0.27059 0.08791
0.49176 0.76559
0.45130 0.57240
0.93533 0.57448
0.36097 0.20765
0.64724 0.13875
0.43716 0.68838
0.47393 0.78732
0.72449 0.52992
0.59705 0.71300
0.94074 0.88736
0.71752 0.09081
0.27522 0.52723
0.05755 0.17020
0.94897 0.27551
0.09718 0.01227
0.48393 0.18931
0.59566 0.05944
0.66271 0.05575
0.60945 0.57169
0.65827 0.01043
0.60982 0.22440
0.93264 0.24523
0.56783 0.85639
0.91097 0.92358
0.56899 0.69550
0.41491 0.39065
0.40323 0.57800
0.96148 0.61427
0.62078 0.21845
0.93973 0.61434
0.22425 0.17583
0.41261 0.05592
0.98431 0.74256
0.30414 0.09074
0.26206 0.00438
0.94427 0.00290
0.64519 0.26264
0.78668 0.31149
0.86267 0.87159
0.35415 0.18942
0.34342 0.46852
0.71939 0.04813
0.10777 0.46984
0.44112 0.70438
0.65628 0.40311
0.89707 0.28448
0.79793 0.33050
0.84092 0.58165
0.70895 0.43812
0.38973 0.51590
0.71110 0.64338
0.52738 0.04374
0.38948 0.75213
0.32676 0.38729
0.14360 0.47298
0.04573 0.93064
0.28261 0.24558
0.21065 0.77888
0.96679 0.33426
0.86953 0.09421
0.68555 0.91124
0.20076 0.53422
0.69762 0.06000
0.04062 0.42682
0.36498 0.74729
0.34835 0.30465
0.29575 0.34168
0.87468 0.98614
0.96809 0.53966
0.22222 0.21155
0.48026 0.60845
0.86942 0.66102
0.72027 0.67134
0.03712 0.07226
0.32541 0.19178
0.39568 0.83589
0.17208 0.13908
0.74255 0.24980
0.91185 0.54954
0.17169 0.29535
0.68738 0.21062
0.76122 0.99353
0.84162 0.84171
0.45820 0.20494
0.71439 0.27800
0.33784 0.08192
0.26831 0.58457
0.58653 0.87597
0.87671 0.39824
0.22995 0.12348
0.33539 0.55342
0.24634 0.31712
0.09445 0.61848
0.14716 0.06498
0.38951 0.82751
0.16785 0.32984
0.87251 0.73484
0.60912 0.41351
0.68508 0.13054
0.85609 0.75962
0.80716 0.01438
0.24593 0.67498
0.74541 0.32984
0.02490 0.80463
0.24886 0.35002
0.47774 0.82904
0.32932 0.36361
0.66071 0.94288
0.70592 0.82458
0.22616 0.84796
0.10339 0.95816
0.70606 0.28724
0.45611 0.88956
0.86327 0.18140
0.22559 0.37479
0.33640 0.27364
0.27461 0.83761
0.12776 0.04854
0.93882 0.29024
0.30493 0.66964
0.24335 0.81073
0.23949 0.75951
0.55228 0.42267
0.49598 0.50512
0.55894 0.30122
0.16151 0.03348
0.73082 0.02929
0.75804 0.40614
0.25153 0.87653
0.74917 0.49420
0.47065 0.10723
0.95676 0.72616
0.85369 0.30741
0.40161 0.06982
0.57436 0.08035
0.23115 0.84948
0.70126 0.08277
0.97916 0.65074
0.41951 0.73403
0.32123 0.79101
0.76086 0.26101
0.15735 0.63363
0.96971 0.24921
0.81347 0.94436
0.20682 0.70162
0.08482 0.24241
0.14854 0.47000
0.02720 0.24013
0.36630 0.85849
0.70769 0.37410
0.94468 0.78066
0.06033 0.67335
0.77293 0.05748
0.00643 0.04891
0.10643 0.62551
0.16484 0.46379
0.57664 0.68889
0.64404 0.17665
0.56368 0.01893
0.42994 0.76298
0.01175 0.76004
0.44371 0.75607
0.93412 0.15774
0.69633 0.73950
0.87417 0.32177
0.77365 0.41735
0.05054 0.35191
0.74337 0.00598
0.09847 0.26456
0.28952 0.54886
0.25528 0.99242
0.64923 0.84917
0.73307 0.79725
0.62901 0.75684
0.05620 0.90129
0.73574 0.97865
0.34189 0.73721
0.06686 0.44239
0.25093 0.18966
0.89932 0.03873
0.26913 0.41847
0.27088 0.21473
0.16769 0.45662
0.80823 0.78159
0.91779 0.28094
0.89410 0.58298
0.15249 0.22993
0.54257 0.52122
0.64983 0.22875
0.03356 0.92505
0.97882 0.42933
0.47074 0.20578
0.23425 0.40349
0.74955 0.60396
0.49069 0.02363
0.87477 0.30923
0.56382 0.44918
0.35862 0.40836
0.49988 0.05053
0.80477 0.33689
0.77366 0.22331
0.17495 0.65234
0.61072 0.00419
0.00700 0.92014
0.81971 0.49762
0.09957 0.45148
0.43809 0.44741
0.27482 0.30122
0.12280 0.41381
0.77906 0.33020
0.46351 0.72863
0.78781 0.18779
