0.26885 0.94693
0.28365 0.16611
0.08669 0.76378
0.08392 0.76916
0.90553 0.97316
0.25938 0.70993
0.79166 0.25740
0.01481 0.32234
0.62773 0.70570
0.44285 0.59110
0.62552 0.77292
0.26927 0.09395
0.72753 0.35358
0.34037 0.56038
0.55974 0.07684
0.36905 0.08825
0.28745 0.57162
0.42021 0.18480
0.97077 0.88896
0.44922 0.17656
0.12737 0.02676
0.13524 0.70242
0.74057 0.74086
0.76175 0.05380
0.47531 0.87021
0.85299 0.73576
0.59067 0.83851
0.93642 0.61400
0.08453 0.36330
0.25366 0.89608
0.30965 0.54718
0.29344 0.33291
0.33214 0.47691
0.27054 0.78894
0.78549 0.59981
0.44654 0.82452
0.62317 0.53083
0.45818 0.96968
0.06645 0.64473
0.97564 0.96505
0.75503 0.47359
0.84021 0.84666
0.40997 0.46642
0.66262 0.46945
0.43916 0.85469
0.02345 0.11775
0.83985 0.02329
0.43445 0.36361
0.15796 0.83732
0.91927 0.44351
0.78854 0.56297
0.20078 0.35108
0.60410 0.06296
0.62613 0.48453
0.88854 0.60557
0.32232 0.48157
0.11172 0.39145
0.95432 0.74677
0.76044 0.09839
0.09521 0.48215
0.08649 0.26894
0.21267 0.47517
0.58772 0.85778
0.50321 0.21286
0.00358 0.36582
0.69322 0.22731
0.51190 0.11916
0.22879 0.38858
0.41515 0.80944
0.14864 0.41855
0.80848 0.73926
0.03034 0.15340
0.54741 0.47665
0.48771 0.52238
0.19057 0.38321
0.98307 0.62929
0.35246 0.87174
0.08300 0.14476
0.18825 0.34156
0.35798 0.27411
0.67207 0.24124
0.25650 0.83987
0.60602 0.86333
0.72443 0.83392
0.12789 0.32050
0.79344 0.72265
0.08289 0.43782
0.59085 0.55301
0.50196 0.98162
0.87789 0.05424
0.10643 0.61003
0.59625 0.57720
0.01977 0.26269
0.57653 0.10129
0.43775 0.85155
0.76405 0.90597
0.50814 0.83385
0.62897 0.16243
0.49938 0.03117
0.45052 0.20323
0.67583 0.78779
0.53984 0.09722
0.83504 0.32917
0.71441 0.50734
0.38903 0.09791
0.73337 0.65701
0.75814 0.76078
0.38781 0.81434
0.69387 0.72787
0.69373 0.76454
0.18482 0.06348
0.14800 0.40034
0.97824 0.73684
0.66033 0.18946
0.84026 0.69906
0.88599 0.64785
0.03212 0.71797
0.72175 0.89721
0.96405 0.19933
0.25468 0.58345
0.11186 0.06350
0.15198 0.69254
0.04791 0.95642
0.93327 0.92597
0.58934 0.40642
0.56797 0.43950
0.93372 0.04799
0.01624 0.06363
0.75584 0.45172
0.99195 0.13156
0.93500 0.36401
0.54046 0.56401
0.06713 0.32423
0.60903 0.12003
0.49190 0.56277
0.05552 0.59681
0.94902 0.36352
0.33528 0.97073
0.17704 0.07533
0.52780 0.87321
0.60008 0.58289
0.57422 0.56559
0.71475 0.97761
0.30163 0.91267
0.96684 0.70564
0.70023 0.55756
0.40421 0.82593
0.08557 0.55847
0.20698 0.94258
0.67820 0.86715
0.29848 0.24940
0.51413 0.21369
0.53749 0.22108
0.05456 0.66782
0.64978 0.58415
0.67787 0.02050
0.48073 0.01384
0.14774 0.89452
0.56780 0.67808
0.74790 0.12096
0.14152 0.06423
0.83269 0.99514
0.96210 0.09244
0.49153 0.31854
0.41493 0.40103
0.54438 0.24629
0.10806 0.84529
0.47973 0.57912
0.46167 0.72642
0.91719 0.10883
0.77818 0.67762
0.34416 0.40130
0.05323 0.43226
0.95410 0.17606
0.24481 0.52582
0.51432 0.41837
0.78677 0.59680
0.24451 0.98552
0.99354 0.55245
0.54489 0.54966
0.63796 0.35055
0.61500 0.14314
0.85081 0.63720
0.93265 0.43205
0.57460 0.43625
0.87339 0.67378
0.33676 0.78030
0.23839 0.56341
0.71334 0.25713
0.54187 0.19511
0.83642 0.69326
0.12337 0.80043
0.99693 0.34420
0.68839 0.55150
0.53888 0.56411
0.02506 0.42435
0.61906 0.27085
0.57292 0.11122
0.41574 0.96643
0.81890 0.64500
0.05727 0.11115
0.20529 0.87702
0.66984 0.77299
0.55751 0.23751
0.16618 0.89732
0.55668 0.50434
0.57966 0.67213
0.79717 0.02318
0.49189 0.34712
0.55699 0.21188
0.54844 0.35312
0.56824 0.76045
0.77844 0.22602
0.19092 0.65400
0.52522 0.42687
0.42146 0.09942
0.48533 0.23322
0.89950 0.96927
0.07609 0.80172
0.15211 0.85896
0.20435 0.12369
0.78603 0.74455
0.98500 0.33145
0.17321 0.45251
0.13959 0.80653
0.74282 0.58203
0.70055 0.64818
0.64634 0.67543
0.53789 0.02995
0.77288 0.96924
0.98065 0.87497
0.58884 0.97555
0.07317 0.67334
0.84659 0.27217
0.89673 0.43010
0.25085 0.15369
0.18847 0.74942
0.92053 0.41809
0.22477 0.49711
0.80643 0.27602
0.59090 0.27989
0.69537 0.23023
0.36617 0.01225
0.56719 0.92560
0.31903 0.26493
0.60259 0.00825
0.02756 0.59459
0.83829 0.89437
0.39138 0.26985
0.46860 0.63005
0.54483 0.13660
0.06687 0.84482
0.92799 0.97942
0.65234 0.56646
0.38644 0.15813
0.83696 0.98782
