0.49563 0.36374
0.59678 0.33540
0.68325 0.59535
0.00107 0.77304
0.05692 0.99266
0.69105 0.46626
0.16284 0.74897
0.91854 0.43407
0.42702 0.41319
0.03215 0.59109
0.04266 0.39333
0.12718 0.46244
0.52480 0.52626
0.40003 0.50079
0.99328 0.78528
0.96026 0.66361
0.15630 0.12012
0.65433 0.03714
0.00020 0.61071
0.42899 0.48766
0.57195 0.61630
0.30518 0.34892
0.78475 0.70341
0.48415 0.58925
0.88987 0.94379
0.63430 0.25354
0.97310 0.05171
0.32716 0.44872
0.56472 0.80314
0.67356 0.14548
0.57423 0.08011
0.69182 0.13112
0.67089 0.13196
0.58426 0.49964
0.97987 0.01104
0.63695 0.83280
0.17280 0.97094
0.35785 0.80283
0.19719 0.62382
0.43404 0.64869
0.03498 0.18735
0.42549 0.25678
0.86722 0.76856
0.73898 0.14171
0.86621 0.99140
0.97941 0.78927
0.91138 0.91098
0.89951 0.35460
0.77989 0.95453
0.51865 0.98153
0.89113 0.41043
0.53523 0.72397
0.54156 0.49008
0.85145 0.73283
0.63558 0.27316
0.57679 0.87043
0.29129 0.36660
0.20533 0.80280
0.94918 0.58024
0.00835 0.29468
0.76429 0.92077
0.70562 0.34469
0.50029 0.90176
0.13425 0.32187
0.66928 0.93382
0.85160 0.14728
0.10881 0.96717
0.25621 0.68992
0.23356 0.53890
0.64639 0.11997
0.45094 0.69647
0.40009 0.05363
0.32824 0.84183
0.16798 0.62232
0.07460 0.06024
0.16589 0.49884
0.75753 0.45629
0.89301 0.76741
0.61765 0.34305
0.46620 0.09990
0.00305 0.27143
0.33159 0.06087
0.32299 0.02870
0.01481 0.37054
0.05902 0.69289
0.92689 0.89149
0.16470 0.35072
0.70978 0.45317
0.40701 0.71312
0.47385 0.54712
0.54404 0.14870
0.01129 0.74057
0.32588 0.70492
0.26094 0.52997
0.17179 0.08907
0.63302 0.43559
0.53905 0.94029
0.30514 0.86432
0.57568 0.76886
0.19665 0.45918
0.66769 0.04053
0.17354 0.52595
0.46597 0.22675
0.62612 0.28994
0.86986 0.62282
0.43018 0.18841
0.39465 0.51518
0.69562 0.82066
0.66172 0.84310
0.34124 0.54662
0.00455 0.18390
0.90352 0.68268
0.98638 0.91020
0.77780 0.48158
0.56088 0.98209
0.28422 0.09059
0.24134 0.35351
0.24147 0.92498
0.91679 0.74958
0.89574 0.38397
0.29282 0.81278
0.56584 0.28584
0.52054 0.02128
0.40392 0.23805
0.18204 0.56583
0.53045 0.57590
0.74125 0.69291
0.22375 0.68670
0.90268 0.93989
0.11225 0.61642
0.68569 0.83699
0.88048 0.60911
0.07881 0.04218
0.10493 0.25905
0.06366 0.86837
0.98555 0.51498
0.09352 0.69994
0.60025 0.75120
0.60570 0.27410
0.89674 0.16670
0.94534 0.66756
0.93295 0.73394
0.50991 0.73823
0.02265 0.02607
0.69003 0.67386
0.15337 0.50242
0.79021 0.06678
0.83700 0.95185
0.13285 0.13760
0.96706 0.35336
0.82262 0.69075
0.25832 0.41501
0.67917 0.68377
0.26700 0.59754
0.41386 0.68237
0.88656 0.75649
0.20456 0.97416
0.79279 0.58168
0.14627 0.46942
0.39757 0.94649
0.24164 0.01934
0.56372 0.06500
0.63663 0.32589
0.17423 0.09514
0.39907 0.34270
0.23358 0.25232
0.35170 0.25698
0.04397 0.15058
0.71731 0.94828
0.93792 0.82285
0.41130 0.57315
0.34784 0.49753
0.33060 0.41471
0.63114 0.25888
0.20724 0.13303
0.97485 0.23528
0.29173 0.79559
0.80410 0.57446
0.38221 0.65586
0.54170 0.73645
0.85145 0.41547
0.17426 0.67221
0.67473 0.10126
0.16711 0.56648
0.30651 0.84219
0.69962 0.44748
0.73420 0.25152
0.96344 0.32576
0.92163 0.97745
0.15309 0.20347
0.09629 0.64110
0.87065 0.69332
0.07559 0.90486
0.11188 0.99432
0.47158 0.68185
0.44135 0.76359
0.65453 0.43189
0.23227 0.35176
0.60740 0.85006
0.64140 0.54207
0.24703 0.45973
0.56916 0.67054
0.17904 0.51243
0.57782 0.83922
0.49291 0.14015
0.03746 0.96975
0.46699 0.99532
0.73909 0.61447
0.52818 0.21698
0.54804 0.49678
0.71639 0.53031
0.89382 0.14923
0.20546 0.75519
0.02080 0.03609
0.48257 0.38972
0.28230 0.09486
0.11638 0.44355
0.07712 0.03400
0.07905 0.44617
0.88601 0.39275
0.32795 0.08669
0.53671 0.82804
0.71515 0.08686
0.47235 0.33580
0.00847 0.56638
0.18608 0.70719
0.18761 0.64479
0.00509 0.79910
0.42958 0.11434
0.63348 0.70758
0.64076 0.72877
0.59517 0.70803
0.75446 0.14429
0.33036 0.95432
0.24339 0.38584
0.75782 0.19865
0.50605 0.76999
0.28474 0.82043
0.23957 0.19070
0.36360 0.23590
0.05703 0.79635
0.28274 0.97410
0.85054 0.12264
0.84552 0.38332
0.04115 0.40954
0.48241 0.49952
0.08188 0.19304
0.20393 0.27718
0.44771 0.79825
0.78012 0.11244
0.72522 0.30028
0.78162 0.94300
0.33505 0.14858
0.86077 0.01042
0.18711 0.16608
0.32109 0.82723
