0.26459 0.57296
0.11879 0.78651
0.09680 0.70466
0.53878 0.39335
0.28838 0.31770
0.05090 0.28051
0.96873 0.88910
0.18327 0.10389
0.20020 0.20428
0.09190 0.37802
0.40785 0.17934
0.76035 0.94788
0.95290 0.42992
0.01627 0.93999
0.13115 0.28451
0.05999 0.35188
0.26008 0.75201
0.75366 0.21374
0.66947 0.26200
0.17315 0.40833
0.48281 0.11921
0.61797 0.47793
0.32769 0.70418
0.86161 0.10729
0.90482 0.87640
0.04592 0.43461
0.85197 0.16721
0.14091 0.51535
0.69745 0.75490
0.66572 0.96351
0.77213 0.51255
0.13236 0.41356
0.77316 0.37868
0.95578 0.99875
0.76432 0.85780
0.61330 0.90146
0.61007 0.47194
0.04733 0.67060
0.30140 0.02355
0.68757 0.44883
0.63160 0.37714
0.81884 0.15386
0.52342 0.96950
0.35077 0.49770
0.18363 0.28505
0.32442 0.01824
0.20119 0.77420
0.01324 0.03272
0.35102 0.86196
0.67233 0.77620
0.48138 0.74641
0.89568 0.05029
0.91367 0.64704
0.50939 0.54307
0.00786 0.05569
0.66908 0.70413
0.19637 0.40173
0.99043 0.05944
0.89576 0.76958
0.81304 0.63577
0.03094 0.77803
0.69611 0.87442
0.62651 0.04857
0.03042 0.37823
0.78403 0.44141
0.88941 0.35878
0.35035 0.41714
0.17691 0.04270
0.55267 0.04944
0.76884 0.51091
0.85215 0.73589
0.93331 0.67690
0.63478 0.06436
0.34527 0.65956
0.94993 0.26214
0.69026 0.10480
0.20255 0.90104
0.91806 0.17607
0.14846 0.41200
0.16656 0.25240
0.04347 0.20897
0.54688 0.61797
0.74971 0.61656
0.16399 0.86014
0.41900 0.80902
0.13031 0.10896
0.67438 0.17984
0.10934 0.02889
0.56637 0.03592
0.70669 0.42268
0.63663 0.07884
0.52606 0.57776
0.57224 0.12310
0.16778 0.36030
0.53923 0.81064
0.73870 0.95047
0.04583 0.47012
0.70795 0.06975
0.53956 0.22261
0.99330 0.18517
0.13374 0.15255
0.71317 0.41423
0.98240 0.64312
0.35693 0.22707
0.54093 0.53446
0.73657 0.84335
0.82418 0.77352
0.28879 0.17517
0.29887 0.33331
0.11647 0.51018
0.67289 0.95285
0.61660 0.34352
0.80003 0.64878
0.68378 0.03131
0.12482 0.39370
0.47816 0.45013
0.38283 0.08062
0.10379 0.50891
0.32419 0.77381
0.67820 0.34314
0.51126 0.19769
0.78516 0.40563
0.80819 0.08200
0.39292 0.47657
0.01844 0.14241
0.00497 0.66609
0.80375 0.92236
0.70172 0.77714
0.68164 0.26500
0.79413 0.43382
0.41329 0.08447
0.89432 0.17885
0.96051 0.11611
0.82730 0.22996
0.41412 0.81147
0.42626 0.22741
0.82233 0.82325
0.03485 0.47417
0.27698 0.89528
0.83227 0.53413
0.77732 0.80591
0.78822 0.50916
0.82946 0.60581
0.28151 0.68039
0.79967 0.37739
0.88359 0.51780
0.71270 0.14884
0.87496 0.49884
0.47595 0.65889
0.01701 0.52826
0.88053 0.16933
0.75644 0.58963
0.80665 0.02830
0.64688 0.82782
0.34424 0.45963
0.82269 0.00258
0.89987 0.32960
0.72339 0.33537
0.60357 0.78155
0.06320 0.72103
0.29070 0.20855
0.48188 0.85280
0.96433 0.70188
0.63091 0.51858
0.85417 0.26711
0.43590 0.32275
0.84641 0.72569
0.39212 0.95067
0.55412 0.53202
0.19578 0.00583
0.02128 0.30990
0.68415 0.89804
0.31256 0.06034
0.52355 0.85228
0.26230 0.06716
0.72086 0.38998
0.14430 0.33078
0.57062 0.08573
0.88071 0.39915
0.08195 0.08558
0.95287 0.43718
0.24576 0.68786
0.29979 0.30869
0.60996 0.92926
0.58673 0.11405
0.69776 0.78440
0.37944 0.64731
0.16928 0.12544
0.69507 0.49187
0.08298 0.45922
0.91036 0.95210
0.71985 0.52815
0.17538 0.47245
0.37917 0.55735
0.29997 0.67880
0.03538 0.42794
0.22336 0.69548
0.65584 0.25303
0.77328 0.67846
0.76339 0.96566
0.74477 0.14811
0.95185 0.27620
0.72974 0.41223
0.39932 0.11507
0.71453 0.90934
0.14391 0.43648
0.79280 0.66975
0.82854 0.18624
0.74350 0.58071
0.60266 0.66570
0.82674 0.83872
0.97330 0.78500
0.46470 0.60140
0.76083 0.16978
0.12372 0.17190
0.21107 0.69285
0.23123 0.97925
0.06533 0.82499
0.32884 0.11646
0.99423 0.33594
0.76940 0.40860
0.23389 0.05760
0.30034 0.86124
0.15173 0.39299
0.68755 0.16576
0.89245 0.93553
0.47509 0.69710
0.50609 0.73814
0.33994 0.11733
0.46051 0.51498
0.68242 0.09230
0.57541 0.35223
0.66082 0.78993
0.84424 0.49858
0.42374 0.87726
0.84120 0.84645
0.66969 0.94542
0.50154 0.09282
0.48207 0.23595
0.37200 0.28990
0.50307 0.80266
0.77652 0.07867
0.30927 0.66109
0.38319 0.08745
0.28117 0.18075
0.78120 0.68613
0.23497 0.32695
0.08205 0.70655
0.88592 0.94439
0.34328 0.64659
0.33634 0.66623
0.99621 0.18303
0.19148 0.91197
0.18244 0.96410
0.72032 0.23818
0.73981 0.28239
