0.05561 0.21347
0.49028 0.85923
0.88600 0.71308
0.24554 0.02037
0.91089 0.86324
0.22325 0.24531
0.52182 0.14440
0.19654 0.57505
0.41902 0.27453
0.26072 0.24484
0.75589 0.12889
0.36144 0.64229
0.50100 0.20176
0.07651 0.37457
0.79131 0.61522
0.69015 0.23735
0.61513 0.54409
0.09962 0.29135
0.10553 0.64227
0.69431 0.84545
0.80390 0.01779
0.15491 0.60209
0.71381 0.44768
0.42737 0.64034
0.04800 0.91905
0.64786 0.05654
0.47967 0.15948
0.67761 0.07387
0.58420 0.94811
0.14689 0.21204
0.37645 0.78999
0.47935 0.14065
0.77066 0.40829
0.67411 0.12405
0.85040 0.63385
0.34687 0.20036
0.34975 0.08075
0.50376 0.40239
0.31620 0.09180
0.84818 0.05484
0.00674 0.05163
0.49279 0.75202
0.53974 0.85572
0.89708 0.66826
0.39044 0.09398
0.45521 0.28675
0.99868 0.35317
0.45208 0.52713
0.28019 0.75570
0.68510 0.10979
0.01999 0.58003
0.45173 0.97280
0.68679 0.55357
0.63975 0.91577
0.47117 0.04160
0.26122 0.71572
0.29772 0.30603
0.29456 0.40231
0.41450 0.14376
0.39053 0.26328
0.14596 0.78468
0.03574 0.05933
0.39656 0.08732
0.68404 0.35585
0.94030 0.50936
0.26022 0.30613
0.55802 0.78895
0.23318 0.71769
0.49530 0.75589
0.51606 0.13099
0.49908 0.58447
0.44853 0.71225
0.14046 0.11616
0.32500 0.32127
0.89860 0.50075
0.13592 0.15905
0.58888 0.91909
0.42023 0.52427
0.77107 0.99804
0.24767 0.56741
0.77884 0.94947
0.87121 0.30387
0.11483 0.04528
0.45247 0.85268
0.47991 0.04206
0.39728 0.03593
0.68957 0.88704
0.64730 0.67432
0.52911 0.79910
0.23483 0.28208
0.40352 0.18093
0.55684 0.76763
0.81155 0.11098
0.50109 0.40203
0.20823 0.41503
0.79073 0.63979
0.80741 0.68571
0.84289 0.99893
0.68689 0.14288
0.73190 0.45146
0.75412 0.59974
0.93336 0.55159
0.15331 0.58788
0.82179 0.65474
0.22596 0.49156
0.65952 0.57438
0.31909 0.97558
0.87973 0.85052
0.03065 0.36658
0.16843 0.58293
0.15334 0.57426
0.30658 0.19776
0.06689 0.76368
0.69190 0.05609
0.92781 0.41083
0.17846 0.50502
0.31806 0.33233
0.29770 0.44603
0.67064 0.48615
0.05068 0.31409
0.70117 0.83824
0.12463 0.35245
0.24528 0.63767
0.67430 0.88247
0.49099 0.79636
0.65630 0.32057
0.48122 0.91959
0.14357 0.83925
0.54789 0.49073
0.53180 0.05376
0.06917 0.35039
0.92686 0.03341
0.73972 0.93835
0.11708 0.09491
0.90442 0.16602
0.88551 0.61599
0.19557 0.99651
0.50123 0.42303
0.41006 0.91316
0.01595 0.52195
0.03601 0.14939
0.12599 0.56637
0.47973 0.58529
0.91991 0.28535
0.17372 0.36680
0.55567 0.95188
0.22415 0.99609
0.24929 0.48529
0.85810 0.94531
0.26184 0.67714
0.81681 0.57204
0.66342 0.05563
0.78955 0.71829
0.22174 0.18851
0.83138 0.55846
0.49973 0.59037
0.79413 0.28709
0.69292 0.59253
0.68793 0.72472
0.50140 0.97882
0.44237 0.86694
0.60190 0.67563
0.45523 0.88055
0.08570 0.91211
0.35221 0.31379
0.90282 0.85479
0.07768 0.19861
0.00228 0.03808
0.57711 0.93302
0.88247 0.13052
0.35570 0.48230
0.79927 0.99650
0.65957 0.26160
0.27197 0.33289
0.57572 0.70294
0.61528 0.91914
0.88024 0.90633
0.07378 0.57142
0.73471 0.67268
0.69692 0.14009
0.03526 0.17535
0.58685 0.58763
0.01751 0.17513
0.62119 0.51502
0.55215 0.19242
0.12281 0.10132
0.44401 0.38649
0.76693 0.80378
0.18014 0.36318
0.75583 0.76991
0.27127 0.85090
0.47747 0.52515
0.46308 0.34618
0.16132 0.23123
0.68542 0.24983
0.78159 0.45887
0.90269 0.73921
0.24267 0.40974
0.55933 0.99039
0.35025 0.08789
0.85589 0.85738
0.60709 0.39044
0.72999 0.79250
0.98578 0.71608
0.08358 0.92552
0.35603 0.81148
0.31687 0.76187
0.42896 0.79565
0.24661 0.89371
0.27713 0.37470
0.95154 0.60498
0.18873 0.47639
0.32703 0.93212
0.23055 0.74780
0.93454 0.02359
0.47271 0.41904
0.51715 0.99066
0.12452 0.16735
0.29438 0.24147
0.14413 0.36070
0.30459 0.71384
0.91045 0.60772
0.39517 0.28523
0.46243 0.64807
0.04510 0.16020
0.90861 0.54702
0.51483 0.59447
0.80778 0.17763
0.53862 0.92373
0.12932 0.73918
0.38425 0.25091
0.32595 0.38754
0.93566 0.16432
0.03718 0.14439
0.53446 0.56233
0.32323 0.15465
0.61788 0.52739
0.59037 0.87134
0.30459 0.00748
0.84439 0.28658
0.55587 0.63452
0.99771 0.64463
0.27178 0.72734
0.29266 0.64007
0.71238 0.62636
0.60866 0.25690
0.85301 0.26970
0.53673 0.08800
0.45422 0.69394
0.91869 0.81514
0.60858 0.53736
0.02292 0.43569
0.32113 0.88234
0.46091 0.88330
0.99592 0.67928
0.69748 0.76622
