0.42196 0.89930
0.61549 0.80626
0.02311 0.37090
0.17199 0.35348
0.57195 0.84586
0.05973 0.86092
0.90567 0.76085
0.88099 0.68086
0.80205 0.58047
0.28086 0.80167
0.28157 0.05002
0.00178 0.26991
0.36140 0.25277
0.72053 0.61224
0.13281 0.28941
0.77522 0.42802
0.45359 0.93857
0.56500 0.98460
0.87401 0.00931
0.27315 0.95961
0.62512 0.78978
0.37779 0.67937
0.00895 0.78105
0.74646 0.61928
0.84150 0.83084
0.34819 0.16182
0.12687 0.88070
0.14232 0.45224
0.73748 0.70984
0.94079 0.24435
0.29067 0.57597
0.69354 0.28781
0.51979 0.88485
0.52877 0.00141
0.91843 0.02030
0.37638 0.16546
0.54861 0.41625
0.67641 0.19226
0.46198 0.06051
0.09899 0.95285
0.80095 0.55747
0.54906 0.13821
0.32958 0.58912
0.36045 0.18596
0.31367 0.91852
0.12168 0.85585
0.54804 0.82794
0.28192 0.47248
0.07856 0.85499
0.08944 0.52009
0.06799 0.77092
0.21872 0.19897
0.92061 0.54317
0.14635 0.35548
0.05293 0.16948
0.99436 0.14998
0.15125 0.28744
0.18686 0.91775
0.25309 0.30954
0.28617 0.94725
0.86626 0.68887
0.12807 0.30093
0.79330 0.02404
0.00771 0.76953
0.13326 0.70750
0.38496 0.82228
0.74767 0.73661
0.35674 0.19985
0.83987 0.56123
0.61390 0.41912
0.37868 0.66689
0.71613 0.14755
0.07537 0.44722
0.83291 0.67691
0.68822 0.10200
0.43372 0.59363
0.94115 0.90033
0.33561 0.43663
0.43765 0.26806
0.98266 0.82930
0.73024 0.41762
0.44754 0.12305
0.62080 0.11222
0.43918 0.50990
0.72954 0.02904
0.84048 0.49519
0.64821 0.58679
0.12540 0.07402
0.38094 0.32356
0.43714 0.88579
0.87784 0.25343
0.86916 0.26626
0.08361 0.91345
0.10524 0.81974
0.69903 0.52986
0.23798 0.67244
0.29057 0.03648
0.87890 0.31974
0.24332 0.92931
0.95937 0.84257
0.75559 0.27301
0.89206 0.28056
0.78267 0.83572
0.31373 0.23895
0.71365 0.19764
0.05152 0.23840
0.56989 0.28765
0.61656 0.80167
0.09656 0.28717
0.87493 0.93928
0.07319 0.08265
0.95567 0.36173
0.31572 0.73807
0.19266 0.56995
0.28981 0.74690
0.89349 0.91321
0.93729 0.71077
0.17732 0.14259
0.70486 0.64224
0.22041 0.95495
0.87993 0.48313
0.65832 0.14280
0.23999 0.61908
0.10238 0.05742
0.53843 0.32448
0.81322 0.48007
0.74067 0.23534
0.84073 0.14751
0.90177 0.27184
0.89002 0.19013
0.71675 0.18692
0.17889 0.48399
0.90903 0.65194
0.22410 0.82476
0.57633 0.66481
0.18597 0.71557
0.59449 0.23032
0.05973 0.19196
0.26894 0.09542
0.81939 0.15115
0.60450 0.83279
0.36532 0.21934
0.88298 0.88164
0.07945 0.80228
0.17819 0.08116
0.26201 0.07172
0.21917 0.72837
0.61625 0.05789
0.24663 0.85532
0.95295 0.27948
0.36281 0.49583
0.06064 0.25118
0.48920 0.34095
0.92071 0.86098
0.22551 0.71917
0.96619 0.75103
0.77000 0.51951
0.43010 0.38042
0.39985 0.77462
0.17148 0.61561
0.84334 0.64732
0.69948 0.02381
0.18075 0.71686
0.67516 0.99395
0.93342 0.58962
0.32369 0.78103
0.78328 0.45184
0.01151 0.28828
0.83596 0.48346
0.00467 0.60593
0.98718 0.01069
0.01900 0.59952
0.15129 0.69564
0.08178 0.68872
0.97675 0.46043
0.64385 0.15378
0.82115 0.88660
0.17036 0.70581
0.58877 0.89231
0.13998 0.57237
0.20178 0.31043
0.63588 0.98463
0.60107 0.41385
0.74315 0.40123
0.04472 0.14003
0.74381 0.91859
0.58744 0.77981
0.81706 0.06905
0.92708 0.57384
0.67754 0.57745
0.71988 0.18556
0.25802 0.67486
0.34980 0.55571
0.90994 0.12078
0.93301 0.08760
0.94342 0.07672
0.76142 0.77794
0.33867 0.79343
0.68949 0.66043
0.26625 0.12917
0.88488 0.32708
0.07336 0.49470
0.77818 0.59505
0.36536 0.52852
0.35785 0.57724
0.89601 0.62410
0.79303 0.02442
0.25061 0.88667
0.51519 0.24451
0.39723 0.44644
0.26567 0.97164
0.17599 0.22873
0.50864 0.08825
0.16034 0.89766
0.18107 0.23053
0.75330 0.89007
0.91887 0.28894
0.55462 0.63073
0.43175 0.73982
0.48205 0.98387
0.87337 0.65960
0.69602 0.26826
0.55769 0.27769
0.16285 0.35729
0.44785 0.08229
0.36028 0.91005
0.57447 0.87768
0.58813 0.55478
0.79183 0.28812
0.12243 0.32994
0.02456 0.93159
0.57799 0.32775
0.08788 0.89796
0.26772 0.19596
0.93175 0.54309
0.24404 0.36922
0.95243 0.34421
0.50039 0.94764
0.49064 0.13221
0.66867 0.77881
0.42490 0.59802
0.06900 0.15920
0.33922 0.52530
0.70253 0.47122
0.72382 0.20124
0.38405 0.46214
0.82432 0.75343
0.77565 0.48902
0.73267 0.76995
0.86584 0.08438
0.41580 0.42655
0.90152 0.33131
0.07350 0.37247
0.48771 0.11351
0.63650 0.51324
0.17589 0.65794
