0.16574 0.71150
0.38598 0.63596
0.64888 0.59764
0.79294 0.23351
0.72122 0.18456
0.51579 0.50102
0.90058 0.19130
0.53609 0.34025
0.86637 0.15065
0.80523 0.49892
0.51160 0.97330
0.73969 0.61432
0.15906 0.69471
0.30330 0.31196
0.83643 0.50893
0.46060 0.47663
0.81041 0.69880
0.98078 0.34568
0.68003 0.02454
0.44263 0.23403
0.54426 0.41831
0.95783 0.93883
0.01290 0.16548
0.41527 0.20013
0.03581 0.76176
0.50732 0.69147
0.54779 0.75484
0.07792 0.77097
0.05277 0.67304
0.74189 0.34920
0.09228 0.36948
0.80896 0.08382
0.94739 0.60784
0.06374 0.43607
0.15438 0.51074
0.96759 0.19003
0.45198 0.35402
0.47267 0.91267
0.38073 0.72584
0.94446 0.55948
0.97986 0.85483
0.44845 0.59893
0.30663 0.09356
0.14634 0.26508
0.24783 0.34301
0.35822 0.67047
0.04459 0.44966
0.47666 0.71213
0.51279 0.30139
0.58950 0.11823
0.87022 0.96314
0.44869 0.42038
0.73141 0.25231
0.97186 0.57720
0.69012 0.92226
0.54645 0.79475
0.91662 0.77026
0.54420 0.61916
0.76774 0.55476
0.34467 0.82191
0.81575 0.76019
0.08722 0.50498
0.30544 0.87733
0.68230 0.63365
0.64646 0.62878
0.85552 0.82425
0.66275 0.68487
0.17385 0.29077
0.31746 0.88893
0.60637 0.66417
0.84561 0.97770
0.82922 0.87601
0.89309 0.84142
0.69434 0.54269
0.87930 0.87304
0.32858 0.85903
0.31974 0.24665
0.14171 0.66685
0.50076 0.42503
0.12081 0.60510
0.42128 0.51557
0.41463 0.04772
0.63714 0.66821
0.13498 0.92475
0.44631 0.05032
0.47491 0.16976
0.84008 0.75087
0.74434 0.53754
0.81333 0.27423
0.33782 0.15170
0.70958 0.20833
0.24956 0.17068
0.54535 0.15749
0.47119 0.04082
0.19552 0.29116
0.61180 0.86952
0.74852 0.57565
0.43910 0.64040
0.19460 0.87193
0.87615 0.19792
0.11046 0.32811
0.14740 0.42189
0.76315 0.34250
0.66469 0.89007
0.56750 0.50120
0.85806 0.17285
0.82351 0.83785
0.47497 0.10825
0.66058 0.25795
0.47454 0.50756
0.89437 0.69292
0.68072 0.97479
0.39126 0.91709
0.07367 0.79642
0.23887 0.84081
0.32695 0.76307
0.34193 0.89662
0.96035 0.56010
0.29197 0.17923
0.96529 0.51398
0.73012 0.14873
0.87365 0.03433
0.60994 0.35937
0.66621 0.85252
0.38792 0.04042
0.12056 0.77044
0.61821 0.92803
0.60294 0.03364
0.57865 0.49611
0.37130 0.65972
0.36881 0.15325
0.33556 0.80984
0.92513 0.71052
0.05146 0.17007
0.17759 0.70819
0.16861 0.47117
0.07601 0.31299
0.58934 0.72923
0.39143 0.96853
0.30022 0.04644
0.47265 0.31967
0.87962 0.92942
0.47562 0.08464
0.28281 0.89702
0.82297 0.52998
0.31667 0.44286
0.73343 0.85211
0.13617 0.94358
0.49118 0.10892
0.03667 0.78308
0.41651 0.82770
0.40186 0.98504
0.48869 0.98795
0.13337 0.18970
0.65213 0.49577
0.04585 0.45830
0.08172 0.21355
0.74783 0.70440
0.05013 0.49741
0.74209 0.54019
0.41196 0.45216
0.32788 0.61628
0.72001 0.47795
0.76379 0.81364
0.97653 0.50344
0.25529 0.51528
0.22856 0.56366
0.29791 0.81586
0.60993 0.58428
0.93763 0.68133
0.28436 0.66916
0.64991 0.46339
0.20107 0.97465
0.11160 0.24833
0.79254 0.44358
0.00577 0.08643
0.65534 0.01426
0.10816 0.13514
0.67938 0.83881
0.04120 0.16148
0.04616 0.18793
0.85661 0.32868
0.37652 0.35448
0.21198 0.14042
0.07451 0.10230
0.24315 0.94841
0.93025 0.27914
0.61359 0.18552
0.03380 0.88898
0.63228 0.29725
0.16618 0.32883
0.71004 0.57641
0.89129 0.91551
0.72386 0.69116
0.54324 0.53568
0.30776 0.37165
0.06712 0.48643
0.72693 0.56919
0.69381 0.09831
0.13198 0.65094
0.58158 0.80265
0.50700 0.56596
0.68952 0.47273
0.93529 0.32071
0.04086 0.52543
0.36830 0.66123
0.29941 0.76970
0.97992 0.96417
0.29426 0.56010
0.99109 0.03039
0.07420 0.95842
0.46476 0.04275
0.82375 0.18222
0.92511 0.96906
0.72565 0.36804
0.10087 0.12292
0.55266 0.93682
0.09472 0.64152
0.04923 0.55130
0.25748 0.57729
0.61245 0.55587
0.29873 0.01498
0.41063 0.18009
0.64873 0.17230
0.10653 0.09235
0.24589 0.97848
0.40582 0.35367
0.90075 0.20731
0.81077 0.30924
0.41383 0.48552
0.22591 0.68316
0.02821 0.08314
0.96715 0.39193
0.71778 0.69241
0.40407 0.74203
0.38867 0.49885
0.63572 0.21982
0.26328 0.54945
0.33324 0.94816
0.32862 0.25405
0.31417 0.09826
0.81676 0.51955
0.05404 0.72568
0.47750 0.91006
0.09748 0.59602
0.20735 0.09714
0.97131 0.29552
0.12070 0.14701
0.70946 0.30109
0.20299 0.81466
0.41912 0.56977
0.47330 0.46247
0.56621 0.02601
0.20827 0.47497
0.53484 0.86652
0.34710 0.84846
