0.07604 0.73808
0.22659 0.16331
0.20303 0.31884
0.81189 0.84896
0.77206 0.46918
0.97189 0.69651
0.86025 0.70632
0.07454 0.04751
0.52859 0.27291
0.42561 0.43867
0.85970 0.04248
0.35710 0.58517
0.19431 0.62299
0.39282 0.63611
0.67977 0.42664
0.15786 0.12522
0.81616 0.59134
0.06648 0.53161
0.69955 0.41381
0.75007 0.97540
0.07481 0.44842
0.75856 0.72604
0.57081 0.59280
0.52796 0.61152
0.55438 0.90506
0.77158 0.23055
0.98046 0.30124
0.38043 0.41007
0.80885 0.87045
0.57319 0.55665
0.03904 0.31311
0.23986 0.93796
0.33780 0.21461
0.24709 0.15227
0.38333 0.01290
0.82785 0.21733
0.53770 0.52975
0.10913 0.97174
0.62893 0.30771
0.68406 0.93982
0.52905 0.03597
0.55428 0.58228
0.69274 0.12857
0.39688 0.96675
0.78315 0.65557
0.81743 0.94095
0.52165 0.21053
0.77145 0.53380
0.35799 0.90802
0.94518 0.95763
0.62028 0.36895
0.54404 0.27716
0.04577 0.90645
0.39011 0.12529
0.86571 0.57902
0.41075 0.15026
0.39643 0.67297
0.57966 0.75218
0.03519 0.46166
0.69809 0.09499
0.89515 0.56882
0.19322 0.03282
0.24006 0.59154
0.89658 0.31450
0.90484 0.10138
0.12964 0.89398
0.30005 0.61405
0.08736 0.32289
0.27623 0.85334
0.77200 0.76435
0.99891 0.23552
0.20602 0.41147
0.87182 0.70149
0.58876 0.59820
0.50011 0.34317
0.98698 0.67573
0.79970 0.04577
0.99495 0.30845
0.87884 0.90704
0.83058 0.95937
0.35196 0.82856
0.37894 0.06391
0.96147 0.84647
0.33386 0.89422
0.72471 0.48577
0.87433 0.91504
0.43595 0.83773
0.07029 0.08866
0.91323 0.25561
0.73672 0.03583
0.22395 0.06292
0.35991 0.73508
0.52392 0.78136
0.81492 0.83959
0.78215 0.45003
0.57825 0.00833
0.55153 0.45004
0.27596 0.91931
0.34869 0.66005
0.49213 0.32278
0.52335 0.89292
0.40693 0.66041
0.98144 0.72158
0.01130 0.22624
0.02745 0.13289
0.00528 0.26061
0.39308 0.60827
0.39975 0.02123
0.53939 0.71847
0.43599 0.52652
0.12228 0.81719
0.64002 0.75715
0.53722 0.98612
0.88678 0.57701
0.10563 0.49280
0.76772 0.15322
0.27424 0.43078
0.19338 0.74308
0.87232 0.20002
0.00652 0.31384
0.22188 0.20219
0.22204 0.00788
0.28654 0.61578
0.07246 0.76481
0.29913 0.35438
0.51254 0.36688
0.65506 0.79027
0.21545 0.79625
0.21048 0.24286
0.11151 0.65690
0.58907 0.77182
0.33335 0.48370
0.15211 0.74610
0.25469 0.55472
0.84680 0.57336
0.39437 0.23794
0.04656 0.25089
0.10622 0.32414
0.27435 0.06550
0.62119 0.50117
0.06894 0.87336
0.64964 0.76111
0.95811 0.32053
0.93433 0.56875
0.24839 0.22635
0.29089 0.36928
0.81453 0.77604
0.44596 0.14868
0.30421 0.00668
0.22681 0.47261
0.31819 0.49551
0.09135 0.45441
0.05663 0.90855
0.45715 0.44641
0.38081 0.90628
0.60911 0.22939
0.90456 0.11308
0.78143 0.67968
0.96801 0.90160
0.19442 0.90082
0.20642 0.04746
0.29897 0.16644
0.12233 0.86480
0.95116 0.46766
0.97512 0.74885
0.39573 0.58748
0.75686 0.53693
0.79013 0.23630
0.25021 0.04177
0.28871 0.21099
0.10542 0.42749
0.03039 0.48071
0.11103 0.04341
0.58747 0.41092
0.54928 0.86508
0.29195 0.88387
0.22672 0.64883
0.92593 0.82028
0.02457 0.94297
0.84668 0.62718
0.26142 0.73808
0.16868 0.94149
0.08670 0.07106
0.79535 0.84341
0.60374 0.96205
0.60900 0.17206
0.36339 0.33447
0.90754 0.87819
0.03162 0.15726
0.04216 0.37152
0.90370 0.73011
0.23348 0.69342
0.29813 0.87973
0.53447 0.74616
0.36248 0.82204
0.20538 0.70841
0.55615 0.12478
0.22307 0.50550
0.47800 0.66211
0.70865 0.01347
0.47469 0.11094
0.03098 0.58716
0.49085 0.78364
0.01973 0.53199
0.65407 0.54846
0.12720 0.79497
0.17021 0.19161
0.35028 0.89589
0.61700 0.98158
0.77031 0.43712
0.20081 0.34717
0.40872 0.30145
0.22967 0.78048
0.06388 0.37105
0.34896 0.52605
0.16283 0.36924
0.77242 0.58776
0.93426 0.74511
0.44554 0.61157
0.70055 0.42048
0.88046 0.74957
0.48181 0.01313
0.81083 0.64243
0.47444 0.13878
0.36357 0.28186
0.57260 0.80255
0.41164 0.41109
0.44968 0.18398
0.42663 0.30893
0.67908 0.21652
0.28333 0.55797
0.78064 0.51271
0.77839 0.14693
0.08585 0.86328
0.12183 0.15149
0.41215 0.68798
0.17791 0.15791
0.88389 0.27626
0.88280 0.95823
0.16238 0.68908
0.10331 0.19464
0.48689 0.52218
0.22155 0.83907
0.61141 0.71786
0.30383 0.41853
0.09563 0.58672
0.50983 0.18624
0.64127 0.35101
0.75173 0.32023
0.21419 0.76288
0.69856 0.11688
0.20121 0.52259
0.81908 0.55911
0.06841 0.37066
0.50029 0.16376
0.87579 0.06676
