0.55409 0.51810
0.46630 0.52453
0.07639 0.28989
0.10446 0.19332
0.06858 0.54272
0.26279 0.82754
0.88123 0.85909
0.04237 0.73503
0.19162 0.61446
0.82420 0.18916
0.25022 0.50823
0.08604 0.12900
0.93248 0.40053
0.53971 0.54518
0.71875 0.73131
0.90563 0.69695
0.04410 0.72950
0.57912 0.92509
0.48255 0.73568
0.52135 0.72993
0.98228 0.79111
0.98150 0.21651
0.67010 0.62473
0.58296 0.22531
0.05584 0.98098
0.48485 0.50604
0.55865 0.18675
0.76680 0.93203
0.36144 0.78164
0.96409 0.10347
0.48254 0.77792
0.30405 0.80010
0.69316 0.43268
0.52328 0.91483
0.47814 0.66727
0.40582 0.08873
0.64545 0.36015
0.64405 0.13788
0.18334 0.53338
0.89621 0.43853
0.36880 0.86984
0.00758 0.41845
0.13408 0.16467
0.76469 0.55093
0.12700 0.07755
0.15441 0.85664
0.66793 0.04896
0.11008 0.05091
0.65451 0.77082
0.52642 0.36774
0.11747 0.85646
0.42225 0.99313
0.45241 0.30084
0.27909 0.07129
0.41869 0.23605
0.06217 0.09890
0.61974 0.82919
0.26107 0.24047
0.91480 0.30164
0.22469 0.20594
0.29049 0.58380
0.24019 0.98113
0.87657 0.40767
0.54356 0.21067
0.10646 0.55247
0.47245 0.19511
0.19296 0.02868
0.19061 0.09593
0.68758 0.34001
0.72771 0.48575
0.63592 0.62103
0.50611 0.41755
0.64932 0.00398
0.11015 0.80715
0.49849 0.27245
0.09363 0.92563
0.52130 0.33405
0.40807 0.04383
0.51387 0.48955
0.10167 0.23588
0.45048 0.01932
0.95820 0.69070
0.05670 0.95322
0.75509 0.27459
0.63729 0.38384
0.28892 0.28368
0.90912 0.92767
0.75256 0.57576
0.65054 0.07354
0.67155 0.01517
0.20732 0.91622
0.16844 0.42396
0.97887 0.02534
0.37969 0.83528
0.75384 0.27661
0.35523 0.85800
0.97295 0.66663
0.35732 0.90031
0.62270 0.64942
0.24206 0.57491
0.34963 0.64553
0.07520 0.18361
0.99331 0.38547
0.51811 0.50241
0.47297 0.87321
0.21580 0.54877
0.83264 0.89367
0.51859 0.41456
0.93073 0.16118
0.89723 0.40307
0.84583 0.81468
0.19937 0.41153
0.96947 0.31220
0.75411 0.44500
0.29361 0.97462
0.20423 0.74752
0.21661 0.53417
0.30541 0.28067
0.13403 0.86248
0.83885 0.61629
0.20820 0.33418
0.74327 0.33847
0.42105 0.71550
0.01958 0.66355
0.30353 0.56063
0.97476 0.18843
0.99157 0.86307
0.04326 0.59497
0.21045 0.82065
0.96754 0.25535
0.54107 0.73479
0.75253 0.52997
0.06531 0.47022
0.09682 0.47805
0.63183 0.75548
0.04818 0.48716
0.22321 0.65744
0.60957 0.63405
0.76133 0.76732
0.93574 0.36324
0.12288 0.95793
0.67519 0.64220
0.51622 0.38192
0.48711 0.43695
0.57206 0.57333
0.74805 0.37027
0.81731 0.63464
0.02398 0.24637
0.79275 0.91568
0.32135 0.97656
0.56463 0.27765
0.11395 0.39952
0.77718 0.95772
0.62624 0.70112
0.94571 0.49376
0.48115 0.14980
0.85311 0.09115
0.16896 0.16491
0.05152 0.06642
0.96481 0.15601
0.60572 0.23902
0.24749 0.92637
0.85130 0.03029
0.21537 0.03085
0.87410 0.12131
0.27087 0.76054
0.33689 0.87828
0.99472 0.41202
0.18732 0.22715
0.44897 0.37542
0.06174 0.00338
0.44659 0.77563
0.64469 0.77023
0.37220 0.17242
0.38827 0.51762
0.00566 0.42419
0.33978 0.55015
0.18906 0.26661
0.84438 0.71307
0.49693 0.98098
0.37204 0.51157
0.26204 0.14202
0.48692 0.84345
0.85994 0.07000
0.77222 0.57609
0.88087 0.37034
0.47523 0.86473
0.37742 0.61177
0.79487 0.05705
0.39903 0.63723
0.97661 0.53441
0.06526 0.65673
0.58888 0.59325
0.33923 0.36494
0.39627 0.19593
0.28119 0.32705
0.45879 0.96223
0.83954 0.88389
0.69403 0.81367
0.48394 0.71634
0.65744 0.72403
0.53905 0.28251
0.43428 0.16124
0.98204 0.87582
0.92136 0.34491
0.84368 0.70537
0.54551 0.24748
0.26081 0.62809
0.60720 0.47305
0.87362 0.89758
0.14426 0.17583
0.26531 0.75593
0.38035 0.92466
0.24312 0.36876
0.95480 0.39976
0.91559 0.43997
0.39230 0.19905
0.49651 0.12068
0.16967 0.72683
0.33523 0.81922
0.55112 0.64478
0.85032 0.45093
0.62114 0.54792
0.53830 0.11758
0.43450 0.29054
0.18168 0.05449
0.81586 0.91119
0.29468 0.84022
0.87069 0.21028
0.85687 0.52894
0.54465 0.25722
0.68005 0.20641
0.96157 0.53779
0.43004 0.33261
0.97069 0.57218
0.21827 0.52911
0.44062 0.92456
0.01508 0.70698
0.39415 0.06365
0.43052 0.17302
0.67677 0.80435
0.64188 0.24699
0.59405 0.04070
0.13148 0.47686
0.80882 0.18645
0.57724 0.57766
0.58904 0.77000
0.24716 0.40281
0.85451 0.42085
0.45310 0.28418
0.22128 0.87150
0.61754 0.95681
0.98062 0.88460
0.30208 0.71203
0.90023 0.08952
0.19798 0.76392
