0.11263 0.77434
0.06749 0.39224
0.86008 0.17364
0.71623 0.28452
0.97190 0.27666
0.89174 0.76552
0.67754 0.40228
0.72081 0.89463
0.98516 0.36113
0.28565 0.36036
0.87004 0.37459
0.57737 0.77864
0.45963 0.89974
0.40168 0.09241
0.32994 0.44434
0.44298 0.31565
0.64840 0.62655
0.20343 0.50374
0.27875 0.62480
0.60356 0.36558
0.87534 0.58795
0.23685 0.99616
0.90935 0.56860
0.44837 0.01188
0.81535 0.78145
0.17957 0.68198
0.55905 0.99872
0.55445 0.15366
0.23795 0.57658
0.34008 0.29138
0.98183 0.74567
0.03954 0.55966
0.89114 0.39633
0.50087 0.61224
0.45689 0.93866
0.61003 0.41277
0.12798 0.51984
0.71318 0.05656
0.76042 0.44448
0.69394 0.09065
0.89147 0.49195
0.56274 0.53447
0.03558 0.34552
0.11930 0.57782
0.01467 0.19996
0.80630 0.15535
0.36006 0.03395
0.21083 0.77618
0.53845 0.06187
0.15863 0.52845
0.94564 0.01424
0.24386 0.57935
0.55818 0.09102
0.63987 0.12450
0.43454 0.11827
0.87609 0.53967
0.72160 0.36211
0.45639 0.95059
0.05962 0.89677
0.46856 0.71968
0.57518 0.72855
0.30409 0.45244
0.28997 0.23569
0.06678 0.62625
0.59021 0.77222
0.40893 0.19637
0.29595 0.78676
0.11996 0.48925
0.99828 0.97723
0.27772 0.71492
0.34215 0.65718
0.14782 0.37971
0.61751 0.37740
0.57717 0.56272
0.52001 0.98979
0.95912 0.03324
0.03833 0.01663
0.35638 0.91028
0.89158 0.10583
0.12659 0.72664
0.96839 0.39849
0.19942 0.84913
0.98878 0.18788
0.70922 0.09176
0.59091 0.76868
0.81559 0.85573
0.78652 0.04153
0.00164 0.14573
0.65279 0.14205
0.05966 0.44715
0.53629 0.48448
0.43591 0.84693
0.48947 0.21220
0.54203 0.69658
0.34226 0.46740
0.02243 0.60230
0.84213 0.91379
0.36500 0.66101
0.05198 0.07863
0.88796 0.91352
0.38989 0.88112
0.77891 0.23656
0.28333 0.26661
0.88701 0.17762
0.61914 0.18245
0.41743 0.96775
0.37266 0.25465
0.34956 0.89234
0.08843 0.02322
0.96266 0.37692
0.21481 0.06941
0.43510 0.21729
0.43977 0.55753
0.24439 0.06908
0.10825 0.71009
0.29768 0.63261
0.30136 0.84314
0.43765 0.83675
0.68768 0.29810
0.67236 0.27037
0.95798 0.77943
0.44998 0.25511
0.36761 0.22117
0.76839 0.82769
0.45155 0.83739
0.43815 0.02186
0.56507 0.45197
0.22766 0.41227
0.40539 0.66237
0.78779 0.66418
0.57558 0.36275
0.00725 0.61709
0.20330 0.31397
0.83630 0.53821
0.26955 0.03976
0.88118 0.54811
0.52445 0.35352
0.52392 0.02150
0.36318 0.09418
0.70889 0.54085
0.55756 0.25391
0.92756 0.58683
0.69455 0.27022
0.92940 0.25011
0.62275 0.74275
0.59681 0.05563
0.99025 0.07300
0.58349 0.23095
0.12986 0.14700
0.59164 0.25081
0.47684 0.74342
0.16904 0.92386
0.14543 0.77625
0.28520 0.13858
0.87805 0.04750
0.11032 0.02914
0.83887 0.58509
0.76599 0.19646
0.80412 0.39784
0.71480 0.68301
0.82486 0.98241
0.53717 0.17643
0.10548 0.74669
0.70573 0.13775
0.85215 0.53379
0.14156 0.26698
0.32413 0.32667
0.95843 0.73868
0.17214 0.30242
0.87935 0.51645
0.27677 0.23362
0.96207 0.30285
0.98737 0.13651
0.89523 0.91310
0.78578 0.23206
0.31864 0.59524
0.86895 0.15956
0.63864 0.54659
0.49583 0.45207
0.25088 0.86444
0.50181 0.83535
0.09411 0.95948
0.00218 0.66196
0.71287 0.47397
0.49093 0.58403
0.25784 0.91108
0.57633 0.99149
0.33278 0.70210
0.67903 0.15822
0.97396 0.85684
0.25662 0.09762
0.92422 0.04706
0.42617 0.72027
0.51941 0.11037
0.16063 0.62915
0.52056 0.72336
0.12192 0.42619
0.31306 0.25235
0.28139 0.85710
0.05496 0.63776
0.70647 0.71651
0.98711 0.61712
0.23031 0.05869
0.81608 0.01410
0.66564 0.90329
0.01940 0.31023
0.28178 0.81054
0.14490 0.58729
0.04852 0.39551
0.01176 0.59734
0.88874 0.24683
0.00438 0.18133
0.04632 0.71968
0.66691 0.80976
0.26817 0.17683
0.24576 0.91947
0.19805 0.44210
0.88621 0.53602
0.15506 0.18894
0.57511 0.75058
0.82514 0.70899
0.99061 0.11332
0.97651 0.06357
0.78505 0.80490
0.61942 0.71670
0.62043 0.69396
0.91986 0.29876
0.28278 0.74485
0.47406 0.45714
0.66104 0.66696
0.70555 0.71903
0.08566 0.35358
0.88182 0.86133
0.63950 0.09795
0.00513 0.86232
0.78348 0.57335
0.29588 0.80209
0.75811 0.30828
0.49147 0.39633
0.22677 0.07958
0.22210 0.93340
0.68476 0.90455
0.60770 0.03981
0.80715 0.48059
0.74227 0.65906
0.14083 0.81466
0.25083 0.40891
0.76094 0.13114
0.90369 0.98862
0.99525 0.12341
0.61192 0.93994
0.48401 0.49786
0.40639 0.83438
0.71051 0.38596
0.98850 0.36713
0.95310 0.03438
