0.18858 0.31972
0.65519 0.68009
0.99509 0.12703
0.47069 0.07465
0.10902 0.41134
0.90517 0.65059
0.28338 0.83103
0.56704 0.92266
0.61248 0.53925
0.92769 0.19562
0.68956 0.91896
0.26365 0.06092
0.87495 0.19313
0.88466 0.62551
0.43354 0.64027
0.88371 0.56830
0.69885 0.84857
0.65625 0.52355
0.71053 0.77684
0.51504 0.69346
0.48827 0.08158
0.25558 0.04902
0.54466 0.80240
0.82309 0.02151
0.44549 0.00639
0.07418 0.78765
0.58644 0.19867
0.61735 0.62023
0.28389 0.56302
0.39750 0.63998
0.24396 0.82808
0.89131 0.80408
0.35600 0.20828
0.14305 0.71135
0.04962 0.14561
0.46450 0.91411
0.80178 0.29999
0.78211 0.90102
0.63205 0.40672
0.77077 0.58598
0.83017 0.70217
0.64914 0.90441
0.42080 0.54970
0.46570 0.60949
0.98836 0.78617
0.95296 0.41767
0.96252 0.11449
0.05388 0.63030
0.96241 0.29958
0.43806 0.32425
0.81796 0.92566
0.97564 0.40853
0.06878 0.92569
0.46089 0.36264
0.94780 0.38346
0.91752 0.54197
0.06298 0.40323
0.29091 0.46844
0.80559 0.18410
0.79074 0.16428
0.10630 0.95840
0.18313 0.20871
0.32779 0.03005
0.99623 0.15784
0.58917 0.51870
0.65903 0.25225
0.97917 0.77749
0.32828 0.52967
0.98775 0.24150
0.74064 0.08453
0.33679 0.66348
0.92568 0.07401
0.08845 0.68667
0.15374 0.09007
0.00032 0.07315
0.59410 0.84035
0.89651 0.55148
0.18806 0.81931
0.84025 0.34787
0.21114 0.31085
0.34914 0.45152
0.72498 0.46966
0.62680 0.69416
0.06801 0.29593
0.99219 0.42156
0.38297 0.86058
0.53958 0.80494
0.94732 0.82054
0.71732 0.52820
0.69204 0.04532
0.29593 0.68022
0.48738 0.66519
0.23249 0.99210
0.11354 0.06422
0.27304 0.68936
0.08107 0.32306
0.09552 0.70242
0.16380 0.14912
0.48919 0.69460
0.49854 0.56529
0.91332 0.69325
0.55014 0.11591
0.98442 0.03653
0.55475 0.79339
0.63540 0.59114
0.51989 0.54241
0.18842 0.84993
0.69602 0.74802
0.97311 0.72143
0.45486 0.40425
0.03888 0.90012
0.60361 0.96806
0.56415 0.23239
0.62728 0.65790
0.22552 0.26516
0.71234 0.65099
0.98083 0.27393
0.71658 0.55703
0.81224 0.16969
0.10947 0.03087
0.43058 0.98823
0.17342 0.26819
0.76542 0.13556
0.82653 0.59646
0.01936 0.42863
0.12810 0.72284
0.66356 0.99268
0.96820 0.64999
0.54351 0.67908
0.52889 0.84933
0.17456 0.66927
0.28049 0.16311
0.18514 0.44409
0.09607 0.35919
0.22025 0.29320
0.79494 0.14333
0.36377 0.16172
0.54608 0.86698
0.20846 0.06095
0.78722 0.19457
0.81711 0.74938
0.99319 0.51068
0.42074 0.16603
0.50120 0.20131
0.44812 0.18270
0.51493 0.08313
0.69148 0.28399
0.99102 0.25885
0.88183 0.00294
0.92218 0.29848
0.07508 0.62251
0.11421 0.88657
0.55350 0.55508
0.42393 0.66237
0.31521 0.93478
0.40905 0.77795
0.45234 0.79993
0.45294 0.76965
0.72742 0.52434
0.63452 0.13119
0.51172 0.62049
0.37817 0.33224
0.86806 0.17739
0.16206 0.88631
0.70020 0.63395
0.85009 0.12738
0.54273 0.29431
0.93154 0.16943
0.35224 0.49269
0.71338 0.09907
0.33205 0.61151
0.98265 0.66085
0.31956 0.40934
0.32831 0.69592
0.27288 0.13993
0.51039 0.59202
0.84413 0.42890
0.44759 0.65254
0.75040 0.76398
0.40337 0.11566
0.81168 0.50060
0.54300 0.93354
0.78772 0.84174
0.55145 0.93685
0.59629 0.15172
0.58719 0.52012
0.93439 0.24097
0.54241 0.12132
0.98926 0.47601
0.14910 0.60997
0.01388 0.76660
0.35448 0.58755
0.18021 0.91275
0.10568 0.63368
0.45492 0.56777
0.33044 0.95938
0.28104 0.21902
0.22517 0.82074
0.52351 0.83658
0.59827 0.68846
0.33763 0.64607
0.46144 0.00644
0.83930 0.26637
0.39361 0.83559
0.29017 0.90311
0.48255 0.95732
0.62362 0.32761
0.19413 0.68029
0.75259 0.72242
0.66093 0.07862
0.42889 0.17981
0.64444 0.60115
0.27356 0.02871
0.91227 0.37829
0.49102 0.93772
0.39317 0.39703
0.37996 0.72090
0.40591 0.02212
0.42557 0.78081
0.53058 0.11260
0.64853 0.40696
0.37628 0.02861
0.60327 0.18230
0.72787 0.56847
0.39120 0.17521
0.87825 0.47257
0.21216 0.73718
0.22728 0.53742
0.87763 0.48703
0.93336 0.64470
0.18077 0.93614
0.84559 0.27234
0.05134 0.62481
0.24910 0.40295
0.32988 0.14659
0.31930 0.61897
0.37953 0.55428
0.74163 0.18016
0.30317 0.46712
0.34820 0.84664
0.79163 0.96836
0.59347 0.45491
0.62042 0.21369
0.02974 0.03703
0.67860 0.96767
0.68992 0.78558
0.06151 0.68475
0.35079 0.69913
0.40748 0.51336
0.82159 0.31876
0.31436 0.85664
0.95040 0.76845
0.97454 0.50605
0.83135 0.23025
0.62190 0.06928
0.24976 0.68431
