0.02329 0.75229
0.50981 0.81744
0.74455 0.91962
0.40128 0.89399
0.75939 0.89947
0.94652 0.37342
0.78599 0.41992
0.44709 0.11554
0.91788 0.13686
0.14971 0.31403
0.18126 0.77630
0.18094 0.53753
0.08751 0.99068
0.57687 0.15985
0.04925 0.46131
0.00256 0.20733
0.57939 0.71199
0.69248 0.14565
0.62009 0.27482
0.05492 0.51629
0.57154 0.09980
0.54612 0.15304
0.84763 0.69824
0.37062 0.73719
0.95774 0.98516
0.83919 0.25324
0.68109 0.09377
0.70726 0.48292
0.74134 0.90063
0.44523 0.15830
0.43712 0.16520
0.11842 0.44128
0.07635 0.65910
0.56823 0.27187
0.01466 0.91730
0.00752 0.71803
0.64991 0.04672
0.24122 0.81407
0.50512 0.77216
0.04579 0.10793
0.08391 0.22753
0.19673 0.72510
0.16257 0.02514
0.61567 0.95100
0.28476 0.41844
0.85946 0.53964
0.77646 0.23350
0.36421 0.72539
0.67243 0.19943
0.67939 0.07081
0.20471 0.93982
0.99570 0.27013
0.13283 0.21859
0.85714 0.07202
0.67206 0.54367
0.13343 0.70326
0.02042 0.49350
0.93343 0.87112
0.14040 0.64910
0.84174 0.91118
0.09228 0.42982
0.17238 0.26828
0.25904 0.75420
0.75814 0.56810
0.80176 0.15826
0.81553 0.67729
0.02302 0.13748
0.12563 0.05635
0.13022 0.63569
0.94458 0.91684
0.66395 0.15743
0.44599 0.60603
0.57914 0.43772
0.46424 0.70631
0.74573 0.79785
0.29446 0.68866
0.41659 0.66214
0.53903 0.35133
0.67596 0.44098
0.23553 0.59613
0.16779 0.51870
0.79003 0.28726
0.42397 0.71196
0.67883 0.42252
0.66156 0.15380
0.87111 0.05018
0.75138 0.81297
0.06209 0.29563
0.15027 0.28012
0.71998 0.75401
0.98621 0.86812
0.06361 0.73047
0.81498 0.34806
0.94403 0.03534
0.63639 0.24405
0.80075 0.87026
0.73499 0.81186
0.42431 0.75926
0.94509 0.93904
0.25204 0.02639
0.52493 0.69510
0.56520 0.97664
0.39331 0.16219
0.53505 0.82903
0.70728 0.93173
0.64966 0.07776
0.30790 0.93247
0.21087 0.04785
0.53131 0.04518
0.37408 0.46915
0.68766 0.36803
0.63524 0.09873
0.57673 0.49574
0.22344 0.86722
0.81672 0.76853
0.28829 0.37204
0.44465 0.45323
0.95526 0.49291
0.30112 0.23965
0.23176 0.09952
0.00609 0.82992
0.88411 0.64493
0.49581 0.42856
0.62856 0.94240
0.28727 0.98558
0.16486 0.43303
0.38703 0.75936
0.56957 0.45730
0.48302 0.27095
0.72070 0.15884
0.87625 0.42913
0.79022 0.52012
0.79333 0.01164
0.78974 0.90841
0.48284 0.65834
0.72664 0.95073
0.44331 0.59650
0.51616 0.94580
0.09847 0.78099
0.20450 0.76215
0.88119 0.14332
0.51184 0.87628
0.31859 0.52200
0.73558 0.22947
0.82710 0.24161
0.85414 0.12345
0.26897 0.44776
0.88959 0.43289
0.15396 0.68723
0.42848 0.98474
0.09746 0.20485
0.76908 0.74458
0.21672 0.74308
0.64122 0.49462
0.94178 0.47766
0.94205 0.43161
0.76412 0.92095
0.25275 0.20128
0.10179 0.39745
0.13277 0.27585
0.12607 0.64176
0.95878 0.67810
0.27467 0.08557
0.31730 0.15409
0.53096 0.53542
0.98140 0.13021
0.70317 0.92245
0.65671 0.39671
0.57893 0.13030
0.29183 0.09667
0.00720 0.32999
0.05607 0.65397
0.31065 0.82593
0.52761 0.58804
0.93458 0.61013
0.40133 0.12518
0.18949 0.41923
0.47927 0.16875
0.95245 0.05130
0.79200 0.39161
0.61632 0.07933
0.33082 0.09565
0.18946 0.82405
0.69276 0.90097
0.84945 0.55848
0.45363 0.60937
0.62186 0.01325
0.43637 0.60936
0.62322 0.17174
0.38627 0.03204
0.80393 0.99674
0.89534 0.68509
0.18858 0.98774
0.42994 0.04827
0.25600 0.72948
0.63655 0.67271
0.61036 0.66971
0.28500 0.76958
0.59816 0.57333
0.67409 0.62310
0.00091 0.59519
0.51302 0.22606
0.00492 0.00605
0.50778 0.45661
0.63397 0.23369
0.93152 0.96065
0.05903 0.71161
0.05969 0.32308
0.11771 0.06580
0.11465 0.26028
0.02810 0.40658
0.95213 0.92545
0.49125 0.24417
0.55415 0.97052
0.13288 0.65667
0.86795 0.95673
0.09007 0.18514
0.11417 0.45396
0.60328 0.25888
0.43841 0.75645
0.63007 0.74792
0.87590 0.01873
0.89203 0.80676
0.39367 0.02719
0.77136 0.90895
0.62960 0.29477
0.79149 0.98995
0.79929 0.55328
0.08398 0.85883
0.23275 0.54616
0.72043 0.01849
0.82902 0.94516
0.15827 0.91103
0.38869 0.73693
0.41184 0.58710
0.50253 0.33677
0.66199 0.12921
0.79911 0.03697
0.29264 0.35956
0.52107 0.40985
0.20907 0.26792
0.28912 0.16013
0.55316 0.37255
0.37997 0.15017
0.76572 0.27597
0.71225 0.98017
0.31683 0.96608
0.21569 0.14112
0.25536 0.59950
0.61728 0.81371
0.60514 0.33096
0.73712 0.19083
0.17415 0.77241
0.10358 0.77009
0.29822 0.76522
0.98486 0.97417
