0.66963 0.33383
0.63846 0.73640
0.93132 0.85999
0.63983 0.45676
0.29983 0.37620
0.09248 0.63136
0.46349 0.76452
0.91685 0.06023
0.20352 0.32325
0.82113 0.26932
0.51562 0.17735
0.37554 0.84233
0.57908 0.75609
0.27367 0.24232
0.85476 0.35540
0.30305 0.39914
0.75093 0.14980
0.69784 0.61523
0.18565 0.32786
0.78535 0.03930
0.16897 0.48212
0.14394 0.63924
0.70844 0.87295
0.17859 0.97183
0.17484 0.03315
0.87727 0.23971
0.89549 0.15715
0.81621 0.91938
0.01860 0.89771
0.24825 0.18818
0.93463 0.00046
0.93756 0.17897
0.34493 0.30715
0.67486 0.64052
0.99697 0.47964
0.30926 0.01783
0.49830 0.10016
0.04005 0.20771
0.08260 0.01160
0.17818 0.09546
0.98916 0.79198
0.29330 0.18322
0.24776 0.74368
0.72087 0.02914
0.06375 0.13334
0.77454 0.09355
0.81450 0.82555
0.93680 0.50714
0.90379 0.24505
0.37963 0.25940
0.03119 0.54634
0.67055 0.90647
0.68873 0.82019
0.98467 0.69074
0.86461 0.04558
0.93535 0.82182
0.07440 0.02739
0.24767 0.50500
0.81581 0.81741
0.41238 0.27035
0.02428 0.54912
0.56049 0.35377
0.36810 0.13705
0.57566 0.61746
0.12021 0.88814
0.77733 0.27850
0.09207 0.66178
0.29394 0.46004
0.14601 0.66946
0.42687 0.69250
0.11054 0.04373
0.70482 0.70002
0.04453 0.81977
0.96029 0.89393
0.14531 0.79721
0.43632 0.19892
0.19842 0.84760
0.04594 0.32759
0.96965 0.86249
0.60319 0.26388
0.12084 0.51310
0.28969 0.02410
0.83677 0.68561
0.20757 0.15504
0.61261 0.27310
0.66386 0.38589
0.07384 0.98364
0.07284 0.02458
0.92919 0.17729
0.51695 0.73575
0.37240 0.32438
0.16662 0.04140
0.96635 0.84565
0.88376 0.97479
0.15865 0.05260
0.95129 0.32850
0.22238 0.76163
0.29369 0.60830
0.09204 0.36757
0.62091 0.84485
0.50579 0.98431
0.96806 0.09570
0.48782 0.08686
0.38222 0.27511
0.95435 0.60778
0.81779 0.74326
0.49506 0.28404
0.38882 0.18450
0.60534 0.83071
0.35527 0.74181
0.31935 0.43520
0.59437 0.45048
0.81381 0.14710
0.04934 0.11822
0.66074 0.65792
0.64329 0.33088
0.36730 0.30611
0.27701 0.40989
0.89790 0.88079
0.03704 0.80941
0.25235 0.37628
0.07829 0.60591
0.44677 0.39325
0.15158 0.19305
0.78785 0.74285
0.86294 0.86047
0.28851 0.82999
0.11450 0.64288
0.78817 0.66654
0.06932 0.38449
0.18311 0.52370
0.66796 0.73647
0.80125 0.83492
0.55760 0.43174
0.38749 0.78941
0.14596 0.80581
0.05432 0.14398
0.05456 0.78142
0.57989 0.79990
0.16355 0.87798
0.77242 0.84806
0.52159 0.78899
0.49257 0.84789
0.00608 0.34457
0.88296 0.96290
0.11802 0.31156
0.79284 0.37677
0.84259 0.18156
0.32159 0.78661
0.80766 0.34841
0.13350 0.21791
0.52256 0.59402
0.33149 0.81750
0.32911 0.29722
0.99054 0.57690
0.47892 0.38241
0.43859 0.08733
0.48321 0.53064
0.05010 0.43365
0.89388 0.28497
0.15922 0.69714
0.80890 0.62568
0.72546 0.51735
0.40326 0.86284
0.10731 0.35728
0.33535 0.21258
0.57756 0.62156
0.08549 0.15225
0.04314 0.98098
0.56620 0.80061
0.54742 0.56504
0.70471 0.88350
0.45196 0.02793
0.48387 0.10261
0.71101 0.53446
0.49747 0.26351
0.24557 0.47404
0.21065 0.01133
0.33517 0.38987
0.37567 0.09420
0.07111 0.45994
0.59780 0.16921
0.77894 0.96471
0.56297 0.47769
0.76219 0.31135
0.56378 0.31288
0.86113 0.03661
0.93639 0.71610
0.74972 0.80196
0.77089 0.54477
0.80823 0.85635
0.10598 0.44339
0.25588 0.90286
0.93909 0.44368
0.45971 0.29527
0.90270 0.68967
0.31496 0.67751
0.76308 0.22862
0.44654 0.90595
0.03575 0.51626
0.17149 0.74878
0.42951 0.77286
0.11977 0.95760
0.21487 0.34127
0.86307 0.24871
0.81873 0.83545
0.39478 0.18037
0.43438 0.85057
0.45501 0.02411
0.00650 0.86381
0.12988 0.00001
0.95751 0.05609
0.15138 0.34645
0.46991 0.92535
0.21433 0.11833
0.73256 0.98850
0.68800 0.14617
0.95735 0.06278
0.20441 0.21248
0.04523 0.02038
0.04931 0.64311
0.70221 0.40838
0.64897 0.68901
0.05687 0.68651
0.83639 0.58765
0.40582 0.83170
0.07511 0.73133
0.95021 0.15767
0.37798 0.68867
0.21430 0.75118
0.89827 0.66196
0.80573 0.13151
0.03138 0.97336
0.21189 0.78408
0.58737 0.53787
0.93227 0.44071
0.20580 0.00641
0.85829 0.16021
0.14700 0.72812
0.61127 0.77936
0.57893 0.58174
0.99094 0.19565
0.13967 0.67751
0.73363 0.02683
0.41286 0.85615
0.69985 0.22483
0.88061 0.15111
0.13921 0.24922
0.44474 0.83300
0.80096 0.86117
0.44850 0.51745
0.68112 0.84388
0.10612 0.54989
0.69518 0.41977
0.79188 0.62222
0.78698 0.44112
