0.756750079513702	0.943010546952256
0.884338533478868	0.474054960178690
0.355045061408320	0.664391855165454
0.296843729051026	0.878095138323981
0.552984095074466	0.388381196509204
0.214532457342030	0.697132611343901
0.238170988214708	0.563541433206653
0.236891100703946	0.990079407810718
0.749095527396792	0.090158088386561
0.079817433860110	0.556996743790106
0.007665555227470	0.077394605865095
0.875338729441943	0.385524794781936
0.010441947265165	0.607767916426009
0.146058899850133	0.496745573239575
0.517788908564902	0.667625629731367
0.996904378523329	0.544019680829723
0.325804914656515	0.516754542364915
0.233015457920967	0.760935260625774
0.354790031526887	0.141911508548519
0.702887398354450	0.741337918849042
0.960744547182867	0.534927034875128
0.097163388993862	0.696971063198748
0.803303968814040	0.270200497068046
0.472368153154936	0.806126629422914
0.413928480449582	0.420634753401539
0.394393089086375	0.131567212085139
0.552724241640587	0.784501268943888
0.516508967968754	0.107895422053499
0.108624102340225	0.918994250921298
0.640547256600239	0.051191177463902
0.056465845801045	0.407400467062229
0.407946698462578	0.294844552477553
0.277309767966464	0.855814376579554
0.304075862817484	0.202961367136557
0.587303439291963	0.567443926950787
0.243131264402329	0.078067936487046
0.847854153450544	0.958070262558309
0.617655773092447	0.838066499875408
0.183912788793424	0.425394175906059
0.089139222421017	0.068826663789532
0.783804390761956	0.446157588494513
0.238643435584065	0.230843482127144
0.549417518440033	0.104208402592737
0.679918678635712	0.508992044606477
0.363776624287427	0.081888224948637
0.029311168712869	0.278784415749550
0.295737293152077	0.025607131660359
0.764651651439409	0.173389485379073
0.534003866960761	0.081858059876100
0.146183656329797	0.738921284847642
0.575114665686878	0.107017157624247
0.395604166760017	0.615197118514962
0.420380825740374	0.134621663748897
0.941914999844021	0.908723336623219
0.818236268315985	0.860827109511203
0.284674287607119	0.996704057556741
0.263543695971263	0.969956414999896
0.235743812573083	0.302091283095556
0.665255851500029	0.370711343449240
0.682779850131548	0.944737664876677
0.263637553496202	0.902277749940352
0.887352723602055	0.221915593189633
0.507269802854226	0.846106769015572
0.073742081661183	0.203909615102203
0.852722933248785	0.641222678274201
0.680817843107697	0.580455612759212
0.365025172327884	0.770445308827433
0.494485898524170	0.987657203801828
0.639261545529417	0.361727363979846
0.023722482850711	0.208777087090718
0.980072822882811	0.216912425872151
0.146990854094501	0.593174566652899
0.540808548811080	0.834317313235793
0.994002127552871	0.973842058324684
0.335927713042108	0.853646508616779
0.420285118608802	0.535439557054881
0.239246971495274	0.925744830613431
0.578079293849431	0.515224768201640
0.586197926100855	0.675580574356853
0.511520469680317	0.059565073125894
0.388847482481237	0.163462217935236
0.423847026988828	0.261079752645707
0.258020229697698	0.582473538951593
0.091031525072416	0.438387612215799
0.979619458778673	0.157687398408932
0.199514074996001	0.619051093379746
0.709576736369537	0.596649437350372
0.459279122403655	0.760463397195671
0.099777494580433	0.297898717992450
0.006249452011252	0.577607069298999
0.441442801021375	0.514749705678492
0.984377545068128	0.497641735360409
0.011717212621988	0.659775214190543
0.749362739908826	0.886075114106311
0.278358775954311	0.237851815120748
0.438645831644220	0.990575801346119
0.493499606031342	0.655650796754204
0.749594831315241	0.806692500088059
0.697517473180200	0.319533050134669
0.482881031344384	0.738397760721482
0.338260412062113	0.580654713227566
0.649798196426080	0.905278775120452
0.284800730479136	0.079094217410100
0.251106535143011	0.126989766053620
0.335971009995782	0.774867933889587
0.976432601450112	0.695396513840043
0.018059994331109	0.906058898872244
0.816844757836509	0.913418386577027
0.204648390459979	0.847211589069853
0.673394761437875	0.070534772488879
0.444546951317356	0.407507962409292
0.145630680524192	0.809962888902510
0.240013704458255	0.715662131019789
0.343970014328130	0.903516083001978
0.184987661704651	0.308277825198201
0.675719848059984	0.676117267849882
0.354612209916723	0.514012866307519
0.087074280271091	0.500670205685466
0.938832306754503	0.358862748453129
0.441849135663791	0.196874167815986
0.925103497441184	0.266558643492534
0.172585688105921	0.114806249764470
0.043938616999411	0.849714194855121
0.015488722132400	0.340839956500763
0.541276956568769	0.964302380328137
0.352536720538637	0.739081136355894
0.354053119745584	0.487765979833846
0.547026768686955	0.049143245222313
0.650905767374417	0.465432009069582
0.955396258494676	0.658731050477068
0.895007628923051	0.128507426504164
0.782093365858796	0.976675457548507
0.297936645172987	0.557340236976123
0.410736210507047	0.702802159754281
0.361241910690731	0.931432015945071
0.913101107560355	0.346407943718696
0.179149863119039	0.919129391647673
0.916468490361345	0.456411650976262
0.630864859007035	0.682953133872466
0.955454380008265	0.035344346900318
0.651743844536073	0.737479312051432
0.396093759312316	0.927016952756563
0.317463935892438	0.350381167221437
0.363553230269708	0.178576244315732
0.734436015769475	0.976094313891626
0.571045958104321	0.239393379362159
0.048124307079270	0.819497887701611
0.982491157944894	0.763459994635419
0.227024183195788	0.821243668631940
0.949316316738100	0.089510522337982
0.669212903284750	0.198202457790776
0.538682049032925	0.144824031308485
0.192314332628696	0.169610529013353
0.614174958694301	0.246251500734652
0.733421908396627	0.358347590630489
0.070722491962538	0.590698954088310
0.188419702041061	0.711014998543778
0.407124687080999	0.768169222112784
0.192244643623066	0.360965100899563
0.446683266769788	0.796645588427001
0.027659779886636	0.405019580248049
0.187977653739037	0.553439515538849
0.062487261151543	0.164567815643867
0.554999947677134	0.749599696544372
0.266867555274364	0.209495684180757
0.327799405047623	0.933851545428357
0.892749392868194	0.601739389030668
0.590909120997160	0.360134359067337
0.273273005213885	0.693707669315326
0.111798316964833	0.357388655039805
0.585769105606193	0.134021906911866
0.330858375721345	0.069574452952848
0.828409164871184	0.084834524915748
0.405385914818706	0.735602851197031
0.532661733341557	0.801010932494190
0.279134326213769	0.760526818400372
0.213731800022938	0.073076819552359
0.979254757747812	0.635889908679735
0.585603341363744	0.787103307383857
0.764182114685928	0.621111803832723
0.732173091436777	0.636843259594600
0.884592368473437	0.779774002679571
0.146988718804668	0.910808059598973
0.351535226533081	0.320260893162401
0.961404047897412	0.296194522710562
0.918685544496096	0.170709374400487
0.804375874065882	0.023289155918939
0.840518606789531	0.558110072873093
0.593910600895507	0.898275471035921
0.681898681140016	0.260925748911902
0.665860805117027	0.126847032719955
0.127903360204749	0.674653430626414
0.031311509905223	0.096823766384466
0.882972230641863	0.090565812795089
0.305864799140455	0.678932223627095
0.792185298118783	0.364006080283785
0.935574251212080	0.762614742797477
0.486713132235853	0.368969783971312
0.940228703185038	0.422927406714979
0.689122036725544	0.988242105112467
0.776366369746711	0.664936823925222
0.072399012295622	0.348371319088240
0.105736112712355	0.840847072852973
0.752083964820971	0.683238994722077
0.773936238320064	0.054878461885936
0.014463174393043	0.994388303019662
0.904411076545811	0.989990957544649
0.171995498047209	0.836402382430714
0.555577235425724	0.306333932165600
0.909191013292687	0.665913046027048
0.025837190455254	0.735583181897081
0.152314248995929	0.386531255530783
0.629615747982081	0.307529657685088
0.686281480287733	0.406584743039353
0.191313158998106	0.812553389419930
0.368175390960690	0.637965945442665
0.735381825066959	0.126141578221261
0.212316386683918	0.913448827786708
0.448926547181077	0.243346395958994
0.131431105344424	0.956035955100329
0.606053462393129	0.748737435496584
0.476226548542321	0.014275481229246
0.675238434615368	0.773549223265971
0.931241854543621	0.518789085913168
0.840664511742225	0.505967159174841
0.522845845325581	0.419503184831586
0.157324652224156	0.467366906224603
0.609069284193467	0.657195103973429
0.893935097822439	0.924919145397125
0.044409956793396	0.926720850385428
0.708333545063700	0.884204355740036
0.852712355985472	0.441742619369585
0.046195483078760	0.690981382664987
0.811665674394850	0.731647652278572
0.580700448150910	0.851722595713037
0.587669443708768	0.462705709147897
0.103124467447196	0.887785874281029
0.077422345075156	0.963317142790956
0.852241008973737	0.681378317457013
0.524548111139924	0.908609130398512
0.388549117461906	0.575867197144746
0.465329239253264	0.460385186704897
0.412764461574323	0.104186123959763
0.880375941954641	0.280824374472914
0.762500326326699	0.354104328051699
0.650700928562018	0.499565629172038
0.237371924388542	0.527460218762853
0.969551149748627	0.730810738804473
0.518303564171843	0.944332737928334
0.113113792639485	0.591373647933680
0.185652978761506	0.205026746775263
0.186153120404611	0.749557560717118
0.409238203756799	0.971249729388219
0.177271259058563	0.665931486214030
0.732873408992978	0.166536350074815
0.330750073848933	0.981005711709383
0.130408804195563	0.009603157176078
0.787058761293781	0.190916083099068
0.540090506323634	0.341016531768492
0.609706372630248	0.799727012822341
0.733808817745608	0.471694513799552
0.734112263129585	0.569391349463116
0.586833914878507	0.029881147907554
0.267086643787820	0.016829789154425
0.598677587834810	0.304816132482331
0.791374373201135	0.835141901586936
0.738721078899391	0.398586708679466
0.048178466979456	0.464747218290518
0.480406223908161	0.102617384424111
0.547350834716892	0.447090556017843
0.241740203751656	0.202493798500508
0.477240056143431	0.410070485065242
0.069169128096935	0.731266403973863
0.092488622081580	0.771430027385110
0.690718106154985	0.859762586387750
0.910387690856677	0.100098364776955
0.129748498585482	0.167700987813925
0.996744754723447	0.804883956630920
0.802580383560290	0.131422964653797
0.989845597415661	0.027990096022373
0.784983965518182	0.703695615684543
0.711151281770121	0.272329616656604
0.801177006867057	0.479305892595860
0.181309625082954	0.052992570459142
0.131469875371892	0.280878004217725
0.565262563658241	0.700665696221559
0.102741108532702	0.324185872525951
0.629788619612760	0.139160235677650
0.755567133602585	0.198398784780502
0.576831022644609	0.157780270827417
0.878886484279969	0.891344249223206
0.772406568930579	0.223969161096953
0.793335690347789	0.601901689917292
0.831444601489102	0.130814960024044
0.525880622101454	0.514509576026935
0.039917139811422	0.023265796486117
0.830610813067903	0.166687621308185
0.567190528979337	0.204001606722363
0.457213903185263	0.847770915098435
0.833285624821038	0.661887848903865
0.104178072210443	0.236509074046395
0.148499807377462	0.336026495167992
0.635908848521278	0.635402095419216
0.604405946471823	0.192131803415746
0.399864365439830	0.350467720150591
0.261685952837971	0.302249133890087
0.909762712640167	0.209911146017236
0.015711624411799	0.505486468203712
0.531408396906082	0.171405002980354
0.532480895410404	0.257667308966086
0.259600970488880	0.661515505439955
0.258093607439216	0.945140960846362
0.416991312619529	0.191643290499142
0.294439002474407	0.500568777206486
0.461019789441726	0.535058411428486
0.608666786367229	0.930000410631765
0.444542626255318	0.951160073268963
0.106873819396569	0.523833574150650
0.445467225612483	0.099395642778695
0.059779987684400	0.522932574274701
0.472934830811092	0.579349448806455
0.202939932514667	0.465985183479727
0.905475354498596	0.289378081050091
0.368969240311759	0.696986241661242
0.700169983482959	0.358937335749841
0.138223099321645	0.838058153362493
0.336896070357621	0.640061058253064
0.345094949087383	0.460991112622663
0.348001693223603	0.258718178667761
0.138617610823973	0.043193161031975
0.075254685495807	0.280436196196926
0.491749398757645	0.265027919380234
0.169814388307234	0.614130737170142
0.700600194907887	0.836115011208717
0.122431592112973	0.441716367248845
0.306944663242191	0.463341587098162
0.213345055750884	0.950026917259681
0.788451776324877	0.939041388439723
0.673009297268700	0.287989420184863
0.467106141957246	0.194739789048848
0.725239816290615	0.211558118977481
0.449074196268123	0.162512464020986
0.564528037226882	0.910599951145845
0.742744361223361	0.916840481086830
0.999581256415597	0.739647675244987
0.709358117708321	0.111844380179384
0.057265841881108	0.893638155398340
0.630098330236529	0.960911683496300
0.878905588034286	0.190674398604472
0.802215896035129	0.763369354597146
0.625848225929273	0.440345584517425
0.157839434956629	0.416888337679414
0.635657784211370	0.816108865853424
0.824734588578514	0.704702315783292
0.621713520405282	0.999531011329855
0.478334314766883	0.305266714958769
0.381700387546257	0.794958167894501
0.593400175588531	0.981040472858828
0.454677619611537	0.132548199997411
0.231115271158310	0.415721028907160
0.697653833939148	0.219959913571356
0.358632999090160	0.229723322957224
0.780836630328753	0.783120178334210
0.151356980938315	0.653313499328986
0.277749438136292	0.395528380851151
0.904618496984387	0.962094366308789
0.832798526583425	0.774925869604323
0.324627442128171	0.607307260298940
0.369386029748569	0.993749307001417
0.972558382892180	0.846578407764104
0.075217732245852	0.385885158177904
0.519164581205501	0.568295158810982
0.110962782313806	0.637621716744644
0.882471255930716	0.010781311199717
0.698570220661017	0.455986210484054
0.030644194928614	0.253321960394578
0.736476939343027	0.777712694550332
0.434817392247454	0.900015652156439
0.754168196524067	0.525777632493008
0.157993346489499	0.195868985540203
0.176361520350064	0.525853403035052
0.462579768258748	0.435310650718238
0.755381343596471	0.327108478715436
0.545044931710010	0.492277027455223
0.684910446099218	0.544692257546050
0.773069644526828	0.261413559378454
0.021340450742594	0.833949085053510
0.150136829155995	0.253298556025442
0.702938157995916	0.791707752922482
0.896414283406086	0.862850227594108
0.459073739466042	0.047257557522333
0.206796491799596	0.023147761128644
0.368779839102360	0.965226507737587
0.779837681627795	0.414356290459250
0.201707128947998	0.274500558216707
0.935587236409911	0.193776622692537
0.896234429417233	0.742820516168797
0.388205834521960	0.049950844387047
0.257294524288106	0.181521297707577
0.923884493979598	0.492522517101030
0.877970631205936	0.359234848143355
0.511940252620713	0.291373613358329
0.705490431679760	0.013771367262530
0.241155346678839	0.460050286832277
0.320994216324993	0.325310835224882
0.836039151259707	0.746157295942809
0.176506350789337	0.874898408976127
0.610939448841601	0.166190468977715
0.699370091478194	0.707577026148228
0.369718120286641	0.424107419192816
0.673918644356057	0.038937918618074
0.262934478526687	0.500334025942798
0.858614101507378	0.300447590719081
0.342566024358982	0.800169626204336
0.403881717800135	0.488066472925261
0.708601655137865	0.564590260750752
0.103152161022451	0.170991677830692
0.006707111607936	0.935244666863057
0.393402694350435	0.817802609600546
0.318217786568733	0.408339276306410
0.839452982842795	0.476127334049933
0.480399184273649	0.869146655981696
0.412744112874554	0.887414558764411
0.483307963116865	0.065464020489125
0.286838873123480	0.720783281307850
0.712191208897203	0.680080975797046
0.158830575681951	0.949862635217109
0.824859723873637	0.291617329300292
0.383372397251281	0.460790045899523
0.161443167170846	0.007743361175001
0.835508333713633	0.246826953312109
0.770778250827170	0.554241994292066
0.544584483500706	0.556545078651175
0.941312583848208	0.242921782248402
0.616786792552282	0.488425457032496
0.783992214543743	0.106478722558003
0.568458772396776	0.267243579092259
0.329474221991718	0.546199260406708
0.834213522224271	0.614783613620043
0.978072828840947	0.409070025293406
0.292389907709414	0.439281185958367
0.843544270806840	0.205253666081758
0.751522867184021	0.839895446747517
0.611961801911695	0.561703322586069
0.960115998042774	0.324432610609669
0.893629605391442	0.696419741189205
0.468309708979984	0.691430561638305
0.257377585921757	0.365136721256454
0.926407474308835	0.944877471994813
0.876999359316425	0.503066083999133
0.101824427047238	0.112569168469070
0.626530555222773	0.072414072480149
0.544379375768914	0.876439536427250
0.068172363580245	0.482072106209135
0.642484154468981	0.225755968649349
0.045116340984850	0.986054082630680
0.658983462410742	0.162679065755261
0.865460074242544	0.706729203627149
0.928479814419635	0.702190109924923
0.112539165679491	0.719705542717060
0.291221137692039	0.275920637947489
0.962899271855806	0.598298790771118
0.713930742748531	0.183768454050591
0.961707564760397	0.876944837830249
0.278219563252809	0.635743813038744
0.990342930422710	0.464622961698245
0.868455198795641	0.158470603441463
0.551482522290080	0.584696232943026
0.077091088769280	0.620051029748295
0.222915115119637	0.658468506452271
0.526323036646080	0.611270023652182
0.457906629531157	0.274552780500276
0.628213567805526	0.532941746882382
0.004617402331116	0.258997764033032
0.132710215666497	0.775448197213804
0.653780185536896	0.552460383286807
0.426765533263508	0.860492765870991
0.300739311915994	0.746832903881286
0.472560825634878	0.219640273419125
0.416868768962302	0.372392169752250
0.077742156590741	0.252041064959960
0.812741764079021	0.348256735212229
0.569118570436053	0.821124342228548
0.585666228920609	0.082430851199299
0.434098779092100	0.311008457399674
0.437704098512815	0.348467590135631
0.061498537673964	0.782490119753054
0.535906403683104	0.716772405364731
0.030941031880430	0.444064748576857
0.156317201945073	0.080688217207950
0.913238960996559	0.785874434231286
0.932398627496417	0.396282587292670
0.031896367210871	0.547072632132813
0.577488936152656	0.436220207353174
0.188768240667127	0.231758746605310
0.303288884065880	0.053959895869242
0.160050020124775	0.302024734276818
0.935550038222119	0.135691105186867
0.966937798533341	0.432798831125907
0.563332424863086	0.353279029799923
0.867539847471644	0.056070117525773
0.657171985287492	0.931542617485752
0.665820992706768	0.235577729585482
0.390361343601337	0.662342881938057
0.009638007965320	0.385670757243799
0.329687058536729	0.198779891524180
0.891940141071552	0.420426164153131
0.917804138250138	0.316834383717932
0.266741428819192	0.446862297702316
0.107257599501698	0.049269340012518
0.842649132675177	0.405660237280107
0.367502044273424	0.342295956179103
0.463053809586692	0.629158926575714
0.020639241212196	0.697656847000508
0.573204000846763	0.607198947716318
0.519310582782913	0.461896810322510
0.266529664924957	0.155745455332972
0.310061030627708	0.630336177914947
0.640261843018295	0.790144724489689
0.928943152057227	0.602515739994709
0.628715007246638	0.887719251887807
0.495169662520096	0.893859044623994
0.324215457617355	0.124925425072416
0.488513542918608	0.478082984564380
0.735437064137179	0.020231048115583
0.220516632362389	0.107492484410175
0.667002556069522	0.809149361636757
0.255920398341473	0.839840616993569
0.770288840814095	0.003097168170637
0.428247714514902	0.677400575875631
0.252412777685656	0.814039848468741
0.786357094716829	0.513941801505615
0.012745989256712	0.231596539549436
0.646478204672802	0.606102921209788
0.100572187942586	0.471979783259327
0.712264942869606	0.912899428958283
0.851725009701151	0.008924866330094
0.011353828015587	0.177132688503976
0.429518683447856	0.446369877887510
0.396196630409965	0.251597654831502
0.536626946771663	0.019438551976215
0.026945292257458	0.130386453850750
0.919300335906283	0.051926937432011
0.069620987649453	0.705035858718919
0.950025349378126	0.060410643708988
0.354866178556081	0.056834127767206
0.744213644821247	0.283162631393215
0.147451082046016	0.982820156724849
0.617137485560295	0.379964094231828
0.826105462113886	0.005812378368762
0.504869278405064	0.591401626959304
0.400244613271264	0.075227559561661
0.597797845396632	0.704299722496490
0.725946654268994	0.820792437256498
0.802703554928932	0.548923426901205
0.888775677161472	0.563310304787781
0.203183804918822	0.144243927473259
0.942430728101737	0.735031905988006
0.552942124091308	0.639546909751265
0.330281331280778	0.382911631693810
0.031969351468601	0.155281977065672
0.728281843412733	0.742583126701085
0.040522173987823	0.056602986076987
0.524518568190867	0.384070221656950
0.008146233858575	0.863435159638393
0.371921509125252	0.893684717801792
0.814951209075505	0.522345810551743
0.980329295848573	0.252206562378492
0.719453881662212	0.241321802195469
0.297290406259077	0.934298516701511
0.512837666439088	0.637791695920236
0.982029106230947	0.064481070047356
0.301292323344688	0.789763036600725
0.634123556929204	0.411232965628438
0.075993755617178	0.647536650916454
0.163370105708803	0.149412093951696
0.734550461809745	0.060597223243815
0.758557998519055	0.431781303238073
0.156528132072773	0.541649733330507
0.614460480076834	0.107280333551411
0.758292727581759	0.741795598469161
0.859061923543704	0.784565418908504
0.640045440206315	0.851293534471489
0.737623129444575	0.718641275241655
0.650598687736923	0.338212093184286
0.428685901087868	0.079822475342039
0.709233639461276	0.486256390224736
0.597931813355054	0.332459675225536
0.295538169866320	0.141604868029618
0.972584319527397	0.988300236172113
0.272791785950026	0.053559373843847
0.201979677007063	0.889121370597072
0.769944627482897	0.864733159277759
0.114869703798292	0.413645430331502
0.993352732852416	0.890091125362108
0.784189416743859	0.637780649736007
0.870853801926331	0.741627728506370
0.280298280129279	0.815717842154139
0.488731837013907	0.342534715855153
0.493384669184076	0.433569944098957
0.863748710105137	0.928083617921938
0.877138323121969	0.846023032405885
0.854107534711740	0.269937704147291
0.509016737926057	0.715075315608428
0.513101194871846	0.189716136360009
0.905557019846876	0.526687804732166
0.067268755302594	0.115393562269256
0.972606122021704	0.567331697458246
0.314173434002831	0.172492344671044
0.078813554271779	0.035325096462696
0.712903457394080	0.431288566075100
0.420368401664395	0.586065429864932
0.085252928800241	0.997921830042713
0.387502983535524	0.856146975619753
0.846511149044733	0.584784719996337
0.660907443766693	0.968354262637057
0.016329996524455	0.764143603798967
0.036835619257026	0.647727456327464
0.379650489049882	0.296105240074942
0.946918161573568	0.975543271511687
0.619048828170413	0.024724166613241
0.597821861644700	0.218637281614038
0.793205042088685	0.331812550158196
0.487375917957950	0.770025486538658
0.838415061784539	0.897096500009554
0.898305110842526	0.812234059165286
0.424480662779994	0.229854743282742
0.322897548163984	0.008493395989876
0.138043822519957	0.710897513132286
0.123645518702372	0.548522425477515
0.909841813126076	0.025504912022852
0.863261054470963	0.336678880810896
0.605233435892787	0.421874833391485
0.570760334509136	0.729583332484957
0.662824178268859	0.868307164141048
0.387661305812109	0.023597609490062
0.109159774172390	0.809034325137975
0.815563712458956	0.961828523073771
0.593174880508607	0.054287870892856
0.944487141898015	0.574397520994394
0.518479284485448	0.975436738686505
0.864324861640186	0.537104654716585
0.684067049455845	0.914762761656838
0.684465358425971	0.154427587556287
0.227889442636606	0.264260520987273
0.362795088524650	0.827394753188685
0.812406642085967	0.581320170914130
0.934603809829476	0.805875447766361
0.082452200838004	0.936326532609837
0.168608424758680	0.784642101913840
0.257804132359522	0.257809264412571
0.204135563737744	0.497136603458118
0.821031512650901	0.386696772972750
0.208181805957151	0.790702169246669
0.252870235651003	0.869166326678630
0.621579521247554	0.725599797378667
0.946656145608671	0.451858425385286
0.816523510920006	0.210488813279776
0.436350949443027	0.827991549584081
0.120941775646280	0.746776760496846
0.479823208991397	0.939481603898919
0.879610955919980	0.249869604653183
0.385283095619009	0.222000704431441
0.247256836212998	0.622540691081095
0.730326684361865	0.317812223527071
0.461528551406583	0.974639807356205
0.932317760291583	0.836886119059493
0.854379044578965	0.228121602960891
0.282117536589996	0.534029253184337
0.635860770623167	0.283056341643225
0.452689656394694	0.877897943574446
0.528764947673484	0.744837453762264
0.659850281118380	0.016780100068259
0.700190405990041	0.638401341540367
0.726470273622887	0.849834556190724
0.238581029753802	0.963373881989013
0.379744385690369	0.502136828261925
0.442340324735814	0.717925021359214
0.094992336839203	0.666059560763198
0.362633152250814	0.115591968669461
0.188793584981187	0.962888209373431
0.798534256592052	0.893668868787044
0.805091498374262	0.658142306529484
0.310730868557173	0.293942194500459
0.044968149868066	0.758073419741838
0.175633537856777	0.488824317811249
0.510691179314324	0.541304001012189
0.592869470732489	0.637743804985132
0.936771073131070	0.631745002612412
0.207429661463813	0.403574001836491
0.862453653445107	0.611455398754090
0.428974588967155	0.041673204638453
0.225701016426482	0.157006415109384
0.585315962691166	0.396095454785064
0.314298374651535	0.815190250243803
0.641859878236861	0.189848403490579
0.023871256975427	0.790956756749879
0.676860280026882	0.481873606443841
0.499217389733348	0.514530450225466
0.875476635497873	0.657743620839376
0.332407455037443	0.236387643319645
0.957944216429709	0.502120721969316
0.703090444370893	0.523963581892653
0.322779172408110	0.718976746946335
0.030687968486615	0.878119639791110
0.050815238396361	0.308859698080658
0.306314111060070	0.248629684152228
0.501178328297375	0.222379308711360
0.211423131220840	0.569067963764320
0.836752942026768	0.366369047985964
0.017128064301128	0.304572722247004
0.379438479053657	0.732483606490419
0.543151445114788	0.681655581500767
0.815748817477317	0.441761422073879
0.123610916343427	0.200482024392225
0.672857499372414	0.637469596610747
0.108275402129692	0.983099325556098
0.126232901151812	0.066057142118471
0.913402007872565	0.895377338373889
0.771587215543629	0.385188778486380
0.239830542877277	0.040222480204008
0.175347009016049	0.275276362494397
0.100124282552890	0.264110599938806
0.895181498465869	0.630300691730878
0.092228431508930	0.743139906028085
0.136546209951990	0.107889393835303
0.554851072969579	0.418736547329169
0.804948143149947	0.235542475300734
0.295458618387454	0.603685639007875
0.503197971615754	0.801720507629616
0.440348076969466	0.479775824230112
0.561650074450683	0.004631713033801
0.493805756674569	0.961347650029079
0.835799513812130	0.811526285440551
0.658210211586722	0.094610451044191
0.785481899228292	0.736713308546858
0.578853950737709	0.951819380268413
0.131930185978285	0.616939537370796
0.038456281656040	0.356145021122914
0.031981291722502	0.962699237503740
0.980628451560770	0.102687669941850
0.824163518339434	0.321246273890428
0.417881459327853	0.628989630292400
0.302399137826264	0.106400860265456
0.182236671955845	0.586087148540208
0.323094671434512	0.488797034250758
0.795079790473701	0.165699024257646
0.253581382626104	0.788542678064793
0.520108764180939	0.778369794780940
0.218964603547697	0.353818759404546
0.822654564590811	0.056963004417942
0.132893193311266	0.225892908458107
0.061460997923617	0.082699396666768
0.759988058768210	0.479035658174901
0.699412888311644	0.043732967005049
0.410202086998662	0.008739401821219
0.731524988713564	0.505544379936891
0.212983657655535	0.537432759659698
0.502346643363672	0.162143226517863
0.506390965195929	0.321191856945211
0.056124136330589	0.436351791824296
0.276220239763199	0.107295447286986
0.496851022936602	0.029851829407236
0.024465702014152	0.477875567851093
0.342486672183146	0.032191987855405
0.994911299318753	0.319994622683151
0.228606788261935	0.385048688711843
0.919854138726335	0.561611688128116
0.197977473306930	0.331542750897711
0.080281652761689	0.842866150858548
0.654827215162764	0.427774960740417
0.226275370276132	0.871287611516027
0.141729463623308	0.877705220803084
0.767394057420873	0.147634723956612
0.697453405171971	0.084474103777780
0.704166112398767	0.386818299625725
0.357355404961238	0.399237264506341
0.446105487515709	0.607441756084431
0.101686523552445	0.956496202143956
0.381251802058251	0.376373048493725
0.968731047578326	0.935796966528473
0.624491309194009	0.341025797031127
0.483362849215829	0.606841350814058
0.874629410653056	0.956975039317500
0.650744114921136	0.762676348854479
0.998390762135012	0.361614627382163
0.386693593437479	0.107083196776706
0.330849686016061	0.684208233301576
0.044703698028974	0.585119007990025
0.904218089744499	0.382666279185253
0.771980957307848	0.902525923424988
0.278107731435007	0.478702172981273
0.444700135254464	0.572589492092978
0.482457791334590	0.143189891274830
0.865178692356026	0.815011555751555
0.714203972302890	0.145632892415308
0.235312660046693	0.498842209926537
0.969090627266348	0.353741065681386
0.462814409393541	0.660294501031818
0.747859567112257	0.595485167716510
0.355724440737563	0.612961571573504
0.126423627167573	0.385760581210666
0.057530615026488	0.666064935658608
0.851758876082431	0.097633237274744
0.215159839069275	0.733581155010867
0.456392130222263	0.324361519032242
0.292896922280289	0.331288659556603
0.679703174084356	0.609204032367376
0.789048226035444	0.306033004379373
0.963776017297938	0.817111796656882
0.124282053933545	0.130464166898854
0.929213183682694	0.002813499887198
0.361233309693922	0.568362446634183
0.368831449274167	0.541970337168772
0.052936961421030	0.233235028161024
0.838178595490330	0.982144606062710
0.662248582034895	0.314178478977219
0.681503899088480	0.432596702229371
0.554258608388309	0.528477415099851
0.073597029567137	0.873035874188188
0.988848922538769	0.915657615967946
0.462198786312295	0.911639193052342
0.950277157116280	0.217300068870489
0.728566705651713	0.950928070338193
0.886810687577075	0.320593118975077
0.304472368979937	0.840532268127550
0.981805950864639	0.128165090020784
0.892558771859053	0.051238791796202
0.867963723807587	0.124438194354167
0.603301104531461	0.515315834552822
0.392750191826548	0.399079952714751
0.457775272535574	0.381049743709399
0.462683771146155	0.355801435735962
0.954300653411611	0.782494175197206
0.082417323971730	0.904948246177507
0.987068326209455	0.671415571745349
0.607862400731040	0.867005347010448
0.291606665423980	0.972183973289138
0.600161078991406	0.269773051205504
0.268765368095777	0.341492798258898
0.082750768187165	0.139834158620758
0.044608748062656	0.494608631938372
0.540627929740732	0.223316474171196
0.729894270591879	0.540759481382733
0.895957177946334	0.155621785473922
0.965990975956896	0.185801946135657
0.492284377918645	0.561568766730271
0.612539727616250	0.618546493262645
0.548267070797334	0.929890740646490
0.433575707588712	0.772952925128153
0.224837509036259	0.329272785300685
0.486587411604493	0.828887679108625
0.178820451064692	0.637971762483467
0.327226486133231	0.744595496390154
0.220176528724883	0.187200664819032
0.953367303347533	0.267726920141775
0.396767720905311	0.524533072608647
0.832773162944422	0.838184435814196
0.810196684862067	0.791252043980931
0.658674254235503	0.704868719378689
0.660712269055823	0.396493070618364
0.905518009305354	0.836533818821547
0.815743339903593	0.108210520611194
0.258386140749414	0.422742479579230
0.232686928993251	0.588307465796430
0.232489514451588	0.896072297565656
0.516408268249689	0.490922622729773
0.776229390123912	0.081803317899304
0.211649646333337	0.213687277914418
0.076324324141332	0.311674495300202
0.325330625131105	0.444549814901443
0.745123163504788	0.252575405932166
0.911711936097525	0.243355916636846
0.952514462627590	0.156828149724013
0.500249150558433	0.395195169000699
0.508795802367105	0.134430676497154
0.671802901819302	0.840457608653339
0.929083111679434	0.867274715534243
0.192989774326093	0.087845431195536
0.162535884688267	0.223854730656337
0.162659039060273	0.697376963379182
0.353073710192245	0.873917484626620
0.463223226243449	0.498681587981684
0.081384049048970	0.411869461976893
0.311506867248450	0.907289594157433
0.196144833042320	0.987088807389859
0.044426645395445	0.616233344798962
0.773612933180670	0.581444148342461
0.251352722349426	0.741181664108574
0.431393958495789	0.744189442075833
0.650205033749855	0.658810195200800
0.289725078570127	0.181291429600979
0.046013183902487	0.189165583157252
0.818477675509285	0.413820627241819
0.080066934013755	0.813679267841782
0.852355411474676	0.856166302192995
0.958271702508971	0.376503246225534
0.288986349778480	0.659145809397834
0.132899401507550	0.311631536183793
0.634002169276123	0.582843662608146
0.437115148277282	0.647377907216404
0.843006067174255	0.038528017708689
0.184825997842668	0.391940746314810
0.387167720679931	0.193767039150411
0.419661341099921	0.560656912988205
0.342859256626773	0.296012471498924
0.637513493568989	0.257784338728009
0.282872733027412	0.366548083109443
0.609543961614730	0.592641928371191
0.714931766901848	0.297462913044138
0.537758352127336	0.283447020287497
0.755632629793983	0.036575678045995
0.416542312227316	0.807817422041627
0.675402909441712	0.723935592389651
0.161621680753683	0.442517511882474
0.419129151715694	0.947348539239575
0.869474285484635	0.988628594434966
0.515397588609578	0.875471268751535
0.514092840839665	0.005919305609055
0.796602292637481	0.393493946733301
0.585905321777311	0.490363730930342
0.799392186757036	0.070611605437149
0.336252073137148	0.101066317898470
0.325613976532038	0.272522069344419
0.004495101516250	0.420848551769938
0.204985370441569	0.439617350101382
0.325484092190276	0.876975065068569
0.139046852974931	0.363812345630446
0.449040460737664	0.013987728397825
0.494872168985864	0.685783247157415
0.411391869515970	0.839487839918464
0.342039380302196	0.420158881791904
0.564226893606649	0.474610586528343
0.339399297335045	0.170339970423453
0.455584601372384	0.072701375948429
0.830952440349141	0.938387126181830
0.043487847792797	0.383173040669219
0.616132619002865	0.774769939662602
0.811924004883488	0.820145534542423
0.373266174312044	0.269417579348529
0.877536821616240	0.448355644347229
0.992427018003638	0.288082775261272
0.953213152231931	0.684060393759064
0.810304746686086	0.630084336183519
0.754388650123586	0.649996703409123
0.573829315736384	0.882903133026069
0.014438296438763	0.634363314983054
0.355221090222528	0.366085081912131
0.016359158562580	0.046104491000554
0.166917686855168	0.356296413428219
0.518260683985022	0.355563972460936
0.657043218532820	0.524874937144312
0.648958725773021	0.992604402125022
0.233706857365022	0.015357741856798
0.735242836581367	0.443056437988546
0.473424750490446	0.169765589565450
0.236692908740764	0.684889310897535
0.137239034785246	0.524150963994710
0.960725549366494	0.476767442998655
0.678589504137307	0.344001466022805
0.704589089542764	0.961161712641167
0.911742089528530	0.721570380200066
0.853043788078484	0.178415038664456
0.102056006226236	0.022019745321483
0.590520995108066	0.542196943318051
0.559944439111265	0.077218033158504
0.565079773907801	0.976125528797537
0.391434451190623	0.953303259553691
0.958780595790311	0.117061766124578
0.270048790441372	0.606129702554580
0.158135300073339	0.570116794568048
0.271771242439694	0.557612513787489
0.302399629564583	0.383683289490566
0.127958752011871	0.473957292147436
0.101290601562078	0.390900059228507
0.933388022923234	0.293582800844121
0.808230214474776	0.986907271898097
0.419927898193693	0.163383510001792
0.809106334999461	0.684384283303373
0.776393939921724	0.814333655129730
0.410836081116189	0.463518967727087
0.053209458257353	0.265076995190484
0.110857765681776	0.088022330563521
0.570133950461199	0.327558042324977
0.404301221343759	0.323420710005663
0.594852675123804	0.827017457649814
0.542900127252308	0.197276484965644
0.005738556852038	0.114144064279772
0.984449602659896	0.383088820703116
0.681923923707084	0.886597352308826
0.119540493963179	0.500328835682089
0.558384343878921	0.175255541963329
0.207473090898123	0.249391533725288
0.995782560202242	0.835051874358918
0.309798710120329	0.581923325448745
0.564074453563447	0.663384390916532
0.315141917512552	0.959677531607374
0.641127676852310	0.113377161583253
0.872925213042862	0.583444116307293
0.867060343936798	0.413834365181121
0.579921838962455	0.753533059906571
0.123541845503156	0.860242610299085
0.532406000777242	0.316349266170605
0.221830539689825	0.632255438862428
0.395973324635060	0.550274692371086
0.763927581199428	0.300963822123819
0.682507418254974	0.107346301923354
0.999467896530281	0.714057440802934
0.005198470318038	0.145388884503718
0.160939517934094	0.760289445463635
0.434672183691215	0.925948000030114
0.924939248693394	0.079486927268907
0.495774116482533	0.919806483183011
0.283301264812076	0.581628606557294
0.500194247695663	0.085854013936094
0.052205124183606	0.136557714114095
0.347989132243206	0.713969425464507
0.998256810940396	0.199365915078522
0.198286799760136	0.119379766313215
0.434310902709679	0.284977714597475
0.124253216694168	0.255176841107937
0.060517982128197	0.006045989460788
0.355704395416124	0.203048820421810
0.132864691580847	0.572135075128669
