0.438630862962136	0.235843797502072
0.467488036832653	0.727129906585237
0.182569148992786	0.294226160574291
0.619693959276121	0.835990451238116
0.071271779032255	0.321342166355192
0.333516039497572	0.796477567124292
0.717846923442056	0.500633052201158
0.861909496100133	0.794287189327713
0.348319580626748	0.359700633063843
0.277408849046894	0.766924251980829
0.951082183269570	0.132297166188317
0.728536294710016	0.989035557254459
0.213001961636590	0.349235273513299
0.970981660059416	0.794693726067127
0.352805634577015	0.584376521078957
0.515314528140080	0.000668490771360
0.884623088614229	0.181874912274507
0.240472735893091	0.926283213525611
0.394710177647581	0.209073970143002
0.952395913645717	0.992171336894895
0.310421612884482	0.700405156868604
0.076176966325421	0.976647350233199
0.186386793662418	0.196164809445889
0.895179895659718	0.022444442385445
0.394553732451646	0.787428902412632
0.580219539715960	0.121776998769906
0.126113722828709	0.702445446444313
0.782227023686801	0.956692350086917
0.867118296182509	0.714314237170460
0.908527712316375	0.282610056289148
0.044058204405955	0.017163012879240
0.593026111506165	0.650047514738992
0.961017744839428	0.636373358461161
0.027071768657088	0.347992061485535
0.427388899593472	0.024402285233234
0.913226161597582	0.817325779659982
0.456306643657458	0.121728065917671
0.088425925254921	0.396718788518738
0.446773407619161	0.407852182725410
0.249124103050941	0.185869885418999
0.507771483275055	0.452056276717236
0.414375495727727	0.947238705341527
0.631324785908527	0.532103516983824
0.681675157202798	0.794042366508870
0.577660781698688	0.244973917548771
0.507176180953899	0.939881461658487
0.373779901157548	0.049795822717668
0.035396508880750	0.416561253698673
0.620719283032399	0.892011823340322
0.121486576069493	0.636777930808435
0.624424357578257	0.457180341346464
0.300663512735782	0.263264246811919
0.798984857229280	0.560801736908220
0.597177871409147	0.961126754516998
0.851113789680208	0.869136146472100
0.988489636217358	0.554698248057323
0.884497372872312	0.092127637027793
0.741213636412568	0.182391693159563
0.800051941489813	0.136037935767332
0.524819614255060	0.654549455422570
0.695748453888984	0.351306374266582
0.627158381190886	0.305903357990529
0.528520347906398	0.724216479511051
0.221766782976167	0.110840956240623
0.927873172081977	0.426111350633696
0.163966982197940	0.496791357755845
0.341649209927220	0.881861069910662
0.327868457959934	0.191611489325671
0.658071844991779	0.926248478686029
0.109206777557080	0.562286297223132
0.333392399440844	0.637550699207362
0.701061665243716	0.850471995270455
0.216544894784816	0.977237028995817
0.971455818035513	0.322886441210957
0.146273163414158	0.339182278453182
0.848991589352719	0.604907336087177
0.545851430517121	0.356846031350281
0.275788214820388	0.064837796395840
0.551669342804623	0.171308844855826
0.283575063171698	0.007238002030001
0.304700224964111	0.944594573449482
0.642971425234101	0.136891361823513
0.567635098371570	0.509415674141938
0.129058367369943	0.079630239885214
0.837848450950777	0.237273843315727
0.358657582048014	0.500284582958623
0.094293034657439	0.247562262287261
0.752935186669448	0.756300776907313
0.959898752849526	0.236764667145155
0.463653598088690	0.186301226072549
0.421272124494722	0.863888311866645
0.795252694933501	0.821470541605137
0.674032570951160	0.208261767683612
0.702813515603266	0.426764661079916
0.679321098066708	0.033099842963996
0.493224764124776	0.550023236672865
0.344571315530821	0.134573264311667
0.724087160016430	0.931055262435939
0.210901415955951	0.464744932592089
0.039506135051955	0.210909076316959
0.553552445153136	0.606637208863775
0.564710297287607	0.781423833635967
0.966147006714285	0.855941696058945
0.162627199935407	0.561578968437756
0.226473586686531	0.032765468590140
0.785947286706871	0.648784795927067
0.164407084268613	0.832305851353404
0.875053936586495	0.449621764582028
0.283412385797923	0.886063934975784
0.804585305695558	0.406965938025845
0.440672046840347	0.602314474667030
0.111325145259342	0.200111932400640
0.975069760106287	0.384916023673703
0.998133790678841	0.161198187191318
0.168037649516025	0.778925205296587
0.050449376471911	0.603848714754882
0.236072289113903	0.250140324060372
0.146245415589364	0.446338761468962
0.749036759312506	0.325566952891081
0.162393460088035	0.982827144903789
0.211050382864440	0.580825578323758
0.270672401476342	0.354365960544526
0.983217012598928	0.903814162105279
0.470692853552916	0.315259349140166
0.918591184755459	0.672333918202746
0.328343055753117	0.457833548648710
0.647999118465930	0.412457448759223
0.614523104302241	0.055392560561977
0.268033929464415	0.511226297009556
0.735208767171765	0.111214921835627
0.660220763101294	0.643425609833427
0.011524803706334	0.105674852408859
0.500501781818574	0.385791724404737
0.163252784908575	0.130705410645042
0.530737767352429	0.298204591334379
0.413306724143519	0.689765171308481
0.442224355750304	0.503832492861858
0.959726852588292	0.721028197724612
0.243403229220631	0.401841362566185
0.753541837156178	0.273499595530680
0.440603177165753	0.808912466701333
0.903614519374355	0.349363134789598
0.708763640538967	0.684277733714384
0.258232470429091	0.627696806943905
0.877700493875356	0.530654115493096
0.920117953540785	0.878719149129167
0.613659734514928	0.719180178995985
0.986558153058066	0.461870919322099
0.400644236570374	0.460730024720712
0.763305331758062	0.059031064635848
0.550455642526610	0.076419613109068
0.066450365834509	0.069488151713621
0.536948334550706	0.876907770726110
0.971646669546991	0.053282770806291
0.023898761492199	0.288480622295402
0.563479230870372	0.921172769954701
0.103873028211266	0.765105715665292
0.842367243450686	0.986089030975962
0.202987498418192	0.685688142824380
0.411538682042514	0.317361281094458
0.211904268761143	0.741389266387883
0.184156326387114	0.064211503151853
0.191166021439984	0.409897626473079
0.506509278553191	0.102463462413862
0.909448931205424	0.603566611326199
0.725773393112648	0.630882098952048
0.491514400460644	0.612992270526707
0.218173463181167	0.522465530438923
0.043537123138909	0.525812246027825
0.145637022132435	0.883249968728807
0.144137149244579	0.255324949104182
0.463265328543090	0.068259295557686
0.227853217913735	0.818560251923874
0.816432133739915	0.356240067015458
0.493957407887549	0.237453139675188
0.028815650620688	0.880219162181071
0.660148963020218	0.745860304624275
0.931146120636525	0.936377817284404
0.072910710953388	0.143607432056127
0.596280586346118	0.396814720099050
0.337760425251387	0.992433744713765
0.126675342471962	0.930432314036980
0.081865134668039	0.828635285801402
0.570047587521851	0.004353139317677
0.408395841579976	0.094797341873589
0.295692246010455	0.405537109217964
0.824180248152507	0.755863526080703
0.282278445615032	0.565991772004867
0.513070442367594	0.826138133841133
0.295798190006939	0.117021217270992
0.749053813924327	0.874954351194891
0.787927509003302	0.462158695902247
0.754136764852828	0.383457946680360
0.104565872369466	0.475957845914168
0.730135133892795	0.580188505253798
0.186671225863200	0.920950441137178
0.937291837282780	0.530046629144355
0.388528008570086	0.644787173169848
0.801591571374236	0.910168081733903
0.847844331955501	0.935590674154365
0.399291665386244	0.377470994456082
0.472376939717768	0.877710961242605
0.790384320027750	0.197636922634588
0.402902447013860	0.568326536232682
0.087877353440942	0.892774338809022
0.010795290351565	0.971293026341892
0.270306051073201	0.303852115362848
0.755496493716607	0.704644859699682
0.617939768502940	0.783536841576811
0.047422194398805	0.724207034968819
0.364408482416628	0.297442755963989
0.372094127203360	0.719790055351283
0.644509402486614	0.359532747501399
0.765512901536541	0.522848809725337
0.911277984713967	0.754397479061595
0.808387258976788	0.082194207953800
0.288683908593069	0.834775057350000
0.639121028044988	0.247593744948412
0.706069085212906	0.292990927419856
0.036877546933684	0.663143152292618
0.845946116104244	0.288852079373051
0.864726777622645	0.389366885505004
0.138005187068601	0.029318246531607
0.023510342003664	0.809542938789712
0.213589529090931	0.870881919020527
0.565167767127316	0.451969376404763
0.499270018306391	0.768056916950284
0.459672703514731	0.977781421965403
0.920954428827612	0.476743739209311
0.620258422480025	0.605201749737654
0.641744930213724	0.994253907817009
0.180454382249260	0.636951819443366
0.842082391689085	0.489297983583365
0.823754102416279	0.032963517595307
0.358367021279029	0.942578520612460
0.675279054715130	0.094377907946328
0.775725963473256	0.010211460294717
0.465114846701062	0.669523730331455
0.850887020549478	0.138910000012002
0.623768211953288	0.187996691602281
0.416972699439380	0.155718192261578
0.693743821860697	0.143876411287085
0.679168863612965	0.596177296386142
0.350197406101552	0.410202205975121
0.259797785025974	0.693085130931131
0.829360987951365	0.676258726901435
0.267349855105241	0.457075679315505
0.374548329593276	0.837939513576669
0.000899892999069	0.751039927767366
0.717577483206423	0.237546045388455
0.737642747754614	0.810285414059247
0.333876442474750	0.082571097436028
0.543679692909047	0.557153356391274
0.890063397327918	0.969198762199189
0.901104004797783	0.231265702105888
0.049975975195406	0.465860923860655
