0.006685299021875	0.023158744834226
0.056904021860253	0.014286640605549
0.070243263029608	0.006482909878887
0.124533525842599	0.021659002717156
0.153939845672911	0.005832100368473
0.159674508090463	0.030503860303551
0.208078711342085	0.002104411891686
0.246654788715335	0.028351090818667
0.278635977235654	0.012249201910104
0.292154189121712	0.011853831422772
0.329192189780109	0.026113575672466
0.369974506559368	0.006926336189075
0.384260079221686	0.013335299768563
0.425879460116471	0.020122959312313
0.468128564556392	0.002476640722884
0.471596735035499	0.005031242072881
0.500437897273616	0.029601303321740
0.536242155970538	0.023096278613514
0.565673026860906	0.010890452972297
0.624769745423638	0.019099928763253
0.645477460119984	0.004005897187222
0.664853050601052	0.008803933657194
0.699995575919455	0.023073461028532
0.739500986577070	0.010449588592269
0.756450111440837	0.014591180220791
0.781717880629112	0.025501147966250
0.835649193117139	0.012115946864562
0.853197126156755	0.006080687389437
0.892501947408601	0.012402275594627
0.932627653272678	0.011181072058082
0.937573372008063	0.000281150583825
0.970884483999313	0.020357286773298
0.013099177736288	0.052618298539046
0.049415379737775	0.051203042928235
0.090910044236146	0.032887228517592
0.121781732500655	0.046980486909913
0.143878001818696	0.032123407720268
0.157994622197699	0.040376717721607
0.188178671960644	0.058022269039478
0.228042766242996	0.046426077194960
0.271680815950777	0.037311796806127
0.306245544341799	0.053959131748173
0.338553464133538	0.031330081401411
0.350013468416003	0.038342288122126
0.382523101654375	0.061515128690869
0.411634030818621	0.054031881167095
0.457117721421148	0.049368694836301
0.486991094560535	0.052669262169259
0.514781298017428	0.041044932974280
0.545366244037372	0.037383979726265
0.569532025461558	0.062383397627828
0.609251470053976	0.041412569599380
0.644850633875723	0.049508859240336
0.664628595472227	0.040005080309348
0.691145507153972	0.047579297297653
0.721740153436954	0.056858188558686
0.767156738479018	0.057971729357487
0.788377094535303	0.053543973020812
0.835968808414698	0.036111179231052
0.862612117471898	0.044339215335049
0.902887067684004	0.055002986837354
0.910227232904634	0.034015073834514
0.964330306988694	0.046848163754469
0.996344424375879	0.054169696353590
0.027472372929908	0.085641382885955
0.042043920514300	0.082839733532825
0.082298298603808	0.079685844157575
0.120793125518433	0.073532254655969
0.134593717232252	0.091127783459641
0.161774082146998	0.092463246582766
0.209629615395593	0.066150756168040
0.240162666462749	0.084629363378249
0.255638737800331	0.092154240708252
0.291762734998603	0.085867308856889
0.315080288005138	0.082607356515971
0.362938454335483	0.084886939088147
0.387953472741461	0.091887333509952
0.434953933952191	0.064227305534989
0.465710486546615	0.063864939635413
0.497581033508487	0.079097718630009
0.510946661214623	0.093016534847095
0.560627073798533	0.076379605841387
0.564628418979323	0.076090870064472
0.597258834103648	0.063622794514492
0.645035472885073	0.075672639762499
0.677722233498113	0.083240622528419
0.714609967805645	0.066908630288825
0.738126780507592	0.073243552683153
0.771742008020343	0.082998237708350
0.804082114145644	0.080753686609271
0.842995831830019	0.088892859631193
0.860205801236782	0.068836849177044
0.891247036805143	0.083290253916241
0.913452541369992	0.072688384100373
0.944527192399436	0.066959695942516
0.985264364488310	0.066323411877401
0.026766097994234	0.097021283633546
0.052335672456500	0.095465797560282
0.089289817870720	0.111149591419648
0.103300263947353	0.108027860074485
0.131403716595414	0.102941066800079
0.178640920834125	0.101841922327432
0.205016542375674	0.112611608569594
0.228879644428701	0.097657409970452
0.267373539926164	0.095969160524481
0.287773555444501	0.109034311597418
0.319423129507206	0.101945780503318
0.344970522346841	0.116258769432318
0.378869200344516	0.115267740320186
0.423169565863947	0.124323954841954
0.461739338568991	0.120261334354643
0.490689479394511	0.095805169520214
0.512558228935827	0.108381948066149
0.543146239880157	0.097650155193149
0.575250984259823	0.100704967366055
0.599076591142296	0.108098144071549
0.639089109808635	0.111751787288639
0.667980134438952	0.102965385065872
0.689657313247655	0.105835807541638
0.734077149459994	0.094950103761500
0.750995700509752	0.124479875310378
0.810967189208538	0.102440386888906
0.822693715507384	0.121492870231216
0.854971018702483	0.119875341230625
0.890632580634703	0.111538289577360
0.916171447107026	0.124697592116647
0.952549131707067	0.095751970286540
0.974266701837598	0.096386216297719
0.015881778603276	0.128717681743139
0.033940202251587	0.151243396466014
0.073722250776766	0.131154789532571
0.123452124389227	0.147365128852221
0.139197270702093	0.148609111207446
0.177836671149204	0.139252068943868
0.189443617848608	0.126476265264844
0.228786343347173	0.145145847561396
0.259837102765703	0.136798633549024
0.306288116239020	0.153180571854331
0.326224121464760	0.130159002126057
0.365327606550203	0.144368299796914
0.383198588637332	0.133349021462106
0.407245720504084	0.126622022006282
0.453061583710208	0.146683077071021
0.497201962825133	0.131295288441480
0.516436795416855	0.138578717447195
0.545335728853030	0.153139740991904
0.575081450882154	0.125399110707897
0.605128202400840	0.133847827966988
0.653550903712411	0.153355763853378
0.661591229015691	0.143501400769980
0.689866348119363	0.148052626665868
0.736298929220077	0.127368405199928
0.764872974457655	0.144033049528728
0.788836867353841	0.127029586860335
0.825779009999132	0.135866430568769
0.855621663179626	0.144866905165223
0.887652328793810	0.132073644484818
0.912941138974668	0.135293587717238
0.952919784427602	0.148850439412950
0.987470067590759	0.133279166557367
0.015287871286922	0.180690791856484
0.058805253013865	0.175369638757633
0.069723609429138	0.168520517264498
0.098277837461100	0.184142790413844
0.138363062967456	0.177676654418506
0.187299410201330	0.179693278199922
0.195757414099820	0.181417959900903
0.239726650882740	0.180756930660458
0.266169275524716	0.171494101621558
0.297250584542868	0.162825777793554
0.328478872510541	0.183233005990503
0.366803301845631	0.181301347939018
0.385901814605669	0.156972954370017
0.435053530890740	0.156806609462494
0.455433198276833	0.177850592588156
0.484161520038420	0.167776671670209
0.524610197082711	0.167616937268494
0.537814604214582	0.167452631360782
0.584294919358926	0.169647000056493
0.623590689574157	0.159916415825991
0.653226346817270	0.176958388326331
0.667225386949949	0.176891698310359
0.712612509798809	0.185896852911892
0.734185778997882	0.176827951775765
0.766191190141530	0.163454308489094
0.798415375710096	0.185855345872896
0.840107246468567	0.184886871356258
0.867494278869416	0.185389791760335
0.905036880568959	0.175590499752571
0.920442809477784	0.159021694279281
0.943192627129481	0.185813403804394
0.983554153648392	0.181944973132502
0.017855540118554	0.206435217002624
0.050528390403029	0.213924563052173
0.073577840676840	0.188817457951097
0.097587572899085	0.202472240311029
0.133269402629700	0.218056083256508
0.176943455943999	0.191554864207354
0.207180974922301	0.200502980525315
0.232083490485287	0.211920789455918
0.277687953704197	0.215510718087144
0.296805455753185	0.212993585357732
0.317117841900819	0.209447127189941
0.364274549812084	0.191935818352372
0.383287066850354	0.209062375256981
0.412518759725212	0.204881837631956
0.461690402908237	0.200674974442675
0.491652985021449	0.201815663119910
0.518550733887195	0.204427957633319
0.548994821180297	0.192481622333867
0.565696572339965	0.211529152466166
0.604178061369266	0.209086606545976
0.644709708850356	0.191108765190551
0.659878525920184	0.194561576530585
0.713151857473865	0.212854312571372
0.736679057922256	0.191968647698690
0.756861541640098	0.200642120663692
0.796784231493781	0.206731644958312
0.821656450915129	0.214307853507183
0.866395084403664	0.211221263123728
0.884466576959697	0.207139626128108
0.928776310594700	0.200731084503229
0.940377855419444	0.213201280980301
0.980727944664128	0.195681254832465
0.027479146213440	0.238360982094510
0.045293964354273	0.241691652530674
0.081285655131805	0.228534029966345
0.105261129708148	0.232161318471693
0.140688010182217	0.221550452858280
0.162285583924627	0.226277593219426
0.191344725463736	0.222743209357779
0.231660980043039	0.240445789864274
0.260620265350298	0.249621927723550
0.283580360250741	0.234009046467605
0.339093944456916	0.221761079156541
0.366421963675570	0.232576004472812
0.387924904778000	0.243380165293552
0.420735664909178	0.236952610761964
0.438333781385348	0.245378430495127
0.493390499467121	0.237727314514685
0.516121080796553	0.224259402880680
0.539959673822732	0.237646538863226
0.592636711451373	0.233030230930722
0.609696720243012	0.244034105794047
0.646447204087499	0.234850768010912
0.658871851163595	0.249794497838545
0.717751752890531	0.228884395934614
0.730111292616956	0.247162258062666
0.753223356937110	0.243271594821888
0.800225431700581	0.244339560768413
0.813848452482803	0.232273966411833
0.862072191205416	0.248403795055848
0.893469236016907	0.219844787090806
0.936087623107267	0.249141732594381
0.946688386104463	0.230358063828109
0.972207872503427	0.231515680544606
0.026683950919352	0.251836102121588
0.062203706052900	0.277880984663295
0.064381290016610	0.257812651683707
0.109555979539479	0.275025099667261
0.129721569153124	0.274635235697412
0.180970691273913	0.276977252243256
0.214117586189617	0.269343677221470
0.246771601064369	0.275993498535767
0.272962293134586	0.261500854171522
0.291257441373602	0.267138380190215
0.320903389854858	0.279331873112377
0.356113354525555	0.268324917528563
0.378232025294735	0.270512050473600
0.409914195749423	0.266391950277645
0.439641706849714	0.271546034831332
0.481853834356438	0.258221497710205
0.500304669709365	0.267397518972260
0.544484267108954	0.265233859612544
0.572090340642221	0.268660190439529
0.596981538635034	0.259232033410047
0.637290610883744	0.250440493364397
0.678431963349502	0.269040510230183
0.708449000977783	0.265516609131712
0.738750420770084	0.275510206075097
0.775468346595990	0.252946240085979
0.803339639152596	0.272724340835173
0.817649099824228	0.269167396113432
0.853576490847004	0.262463587768426
0.890974200108839	0.260154093421624
0.922409863622431	0.260299801181315
0.964540763233274	0.267970581244845
0.980282261664754	0.276972980106534
0.007657534051723	0.289674931287806
0.060241324841101	0.294008381260270
0.073217054242144	0.288900069363043
0.120200787626137	0.307319765108945
0.145978862439161	0.290914419531395
0.166865301102660	0.289421610630681
0.203625916267018	0.307116558235631
0.246722323084360	0.291388905609525
0.269640231793372	0.284321614585484
0.288752483504068	0.310851088069810
0.336212251370007	0.291423301076615
0.363913361940978	0.306530687876577
0.383477925907000	0.308641067566907
0.435878266856512	0.301729976961035
0.445152688838752	0.298436173780283
0.474928750607052	0.289919717137508
0.509982976526367	0.302944473156052
0.557368354776087	0.282929375578924
0.570633130397329	0.281584203978205
0.619799871040112	0.299998025930835
0.642093764192738	0.293108235974647
0.682262010689246	0.291601856212446
0.701850162109325	0.283425917689380
0.746755144703611	0.298626277119591
0.750337018849756	0.296003590872512
0.782889515300139	0.309606648289682
0.838338217704054	0.302731576533460
0.859048389680462	0.295419768069794
0.889761498230454	0.299612817242360
0.916346346401574	0.300892382748342
0.939855720448216	0.305591995258721
0.972852538384405	0.307157667643544
0.001749749281269	0.319910388776313
0.055983150187177	0.334985152576115
0.071018443845042	0.331185610481756
0.117971441481314	0.320447974520025
0.139672511588066	0.313383468070448
0.181081722227061	0.322339839326122
0.217390824545557	0.324976637693175
0.226673594910634	0.341018200727650
0.259618305450624	0.333574357949506
0.281868033395002	0.328420576403074
0.328288489337903	0.332749351194419
0.349638105262336	0.313040655259227
0.376525865860813	0.338206735620207
0.419693530176520	0.319680422167801
0.449681532732137	0.336223407959618
0.498474040126538	0.337658022521683
0.506722983745677	0.337997601067880
0.537462591791691	0.337650416046416
0.580749907120364	0.334866763599826
0.618634123855709	0.327418864111514
0.641772667386516	0.343672895462060
0.680690128150906	0.336443586287832
0.706723989494022	0.328399825779407
0.743345495290029	0.333223876468133
0.765168782509030	0.316940602723786
0.809849778211466	0.317666664524334
0.827013691352218	0.338814571702402
0.873327845394280	0.329370320996821
0.876334841800000	0.342402653244476
0.936526423865644	0.321470362914894
0.950835190061674	0.339818337560240
0.986545837379304	0.322294707514181
0.000555779181143	0.371926262857608
0.052207380494442	0.359311229378349
0.074862602300677	0.360839895849836
0.107851667827717	0.358261344070083
0.147373355668358	0.358014968088948
0.167816963762526	0.347629032920843
0.211821869363327	0.371685290519191
0.240843798919428	0.372929110758805
0.258900212315237	0.359705647370069
0.294656515663002	0.359591406657324
0.333848020190512	0.356793275106010
0.348928944740079	0.349146010369970
0.392423314890457	0.363434925352557
0.433231339403307	0.350561728105953
0.458303998425732	0.350574164092674
0.495570985773944	0.360769409304664
0.526972425976878	0.369032048880829
0.544549661822570	0.366452502623189
0.579102012732847	0.348243708665132
0.603777255647007	0.365826082384639
0.626890632266153	0.369522551473526
0.684830144709228	0.365069495810037
0.700133676832806	0.349026422163070
0.725250112636481	0.355321744234027
0.770574683430156	0.351809620589905
0.802323978690215	0.371342846802748
0.834589134615867	0.350128536172299
0.871041854806196	0.366712333508875
0.888887347358427	0.367233011978907
0.922855032233429	0.356157284050984
0.959022238841053	0.369967305820602
0.974884508804799	0.346243128741333
0.022278647664010	0.392912268948372
0.034353384086712	0.375379217279348
0.081200872035686	0.378607590094292
0.097981172760304	0.378462829686111
0.142348938843899	0.379178457865300
0.184340243387115	0.387636843198593
0.204795354588375	0.390372632758895
0.229285534750213	0.379522367709030
0.273819905383878	0.380263828659142
0.304713656716564	0.399287311947971
0.339030207213720	0.375879423074571
0.365341533562539	0.402100882324646
0.375955105592079	0.392725939386344
0.412698364374274	0.390078313448485
0.466900602892134	0.399917861146950
0.493212554325748	0.383101103574585
0.506826905738988	0.384722936325933
0.540562701901203	0.401128166012030
0.574986757371513	0.391782192182560
0.615099152285862	0.402574923281517
0.645088794129281	0.403385117889472
0.677031324402669	0.385992096019267
0.701142023517143	0.397527465914906
0.731029640784203	0.389667301507647
0.761923508699558	0.404576049702493
0.795080771658414	0.378548169538506
0.837254985990819	0.379196411217958
0.862038423202359	0.399668670337919
0.881015421278371	0.396258189682560
0.929965877372589	0.381236222428558
0.940590863626122	0.392661033762598
0.991148339400510	0.404616890227391
0.011686285589341	0.424269408064550
0.042955928564876	0.429966693618618
0.066702659453836	0.408269328378553
0.119516590841700	0.406325996533287
0.156048271244752	0.420210446125178
0.179270713144336	0.424182421088145
0.205132313818934	0.431206728679525
0.246407301448089	0.425123257443221
0.256630727724494	0.417851799163118
0.308923666859377	0.410510373528351
0.321161340996893	0.419934905763060
0.364838993436387	0.406458515142779
0.382638737233679	0.409577545419644
0.417247352585778	0.432812116056812
0.453404277697765	0.437382088966815
0.485791495488559	0.420012819896804
0.528029573476647	0.428420949004863
0.560908793042102	0.406464031897535
0.564022154896874	0.412523781205533
0.601514966912862	0.419477351907868
0.655636164708851	0.426905390251057
0.685597132316173	0.430227193193912
0.712552769617481	0.420352571363410
0.748355427429105	0.428644550802103
0.778566382373640	0.413756802490681
0.803531823539473	0.422511873545011
0.825052491166583	0.413796340932033
0.844855471390731	0.416367510939917
0.895993439063545	0.435560005272694
0.927884834765372	0.409976956064342
0.943300138971140	0.414524465488392
0.995675544624549	0.409757845941293
0.029228582381149	0.451482690401080
0.051747948387172	0.440387915449482
0.087333108617129	0.440720671410258
0.108003841316212	0.442215774689618
0.131366447867212	0.463508769017297
0.180621481651760	0.439554014054489
0.218535707070209	0.456285400153146
0.239505783943344	0.439649920474540
0.267061915747370	0.441683553756839
0.297505446968136	0.456871331251895
0.322289476035172	0.445618071864445
0.367148244125919	0.448772466212982
0.404583762450396	0.443453087829334
0.414387582752245	0.456211890185650
0.466318375001154	0.461855408348342
0.497241046628272	0.453481234250004
0.530081252145192	0.457924142724759
0.560623255383252	0.453697586210316
0.592763647371382	0.465311674553159
0.594689326259177	0.439638951211734
0.646997010231308	0.441617239966085
0.676604806413898	0.447267406804258
0.705438005436547	0.465927891672688
0.732820052613171	0.440810716202439
0.772257505128162	0.461842274371731
0.792948530211101	0.452048274997400
0.832217111817088	0.439536657956088
0.872964541805667	0.459807393655602
0.897562873176663	0.462886589941717
0.929557171524690	0.449806428830152
0.943792430030599	0.443785300872704
0.996556586395962	0.460832862872824
0.004480653247035	0.469835978147128
0.055809209696497	0.482088174113791
0.077912241813415	0.469302994271985
0.113940135638739	0.470342053209977
0.139089970816355	0.485203000407830
0.185194202559987	0.486963621737834
0.190436602578076	0.476440677319232
0.226514238800508	0.477911955766418
0.277230900718651	0.479002987277113
0.284515649830460	0.485336453774149
0.338241204174292	0.475159698531243
0.370386386500121	0.477327631068143
0.398366565050293	0.490128350296320
0.408934453080917	0.472641554465550
0.443757881237254	0.494132351885581
0.477701194746525	0.488960166641094
0.526696396088332	0.472714181917595
0.537498783372575	0.494768818475369
0.592275910050032	0.495533509055219
0.605858122743575	0.494166204791788
0.638651137032407	0.488973192089522
0.685191672360278	0.499890101083994
0.713749444081914	0.482184649018963
0.730891806883945	0.473061481440803
0.774237090210777	0.499910216007244
0.794458989151627	0.474451072217070
0.817718686981003	0.497387346650913
0.863932865290887	0.480109937884579
0.877504742472084	0.480047204032318
0.926100985049818	0.474195525386125
0.953316011578908	0.480207004114102
0.988457085743944	0.499892590370994
0.030307238928580	0.503948954633425
0.043919470331496	0.502257068620181
0.092437088023565	0.525541895424375
0.095174230853777	0.519697821187076
0.128855279102015	0.503564756218941
0.156424630549777	0.512906995444886
0.192243057813552	0.505137529385425
0.235196074234600	0.519763819594172
0.253671171311853	0.513827669000911
0.303171159093483	0.511760590804452
0.332061411810180	0.501719488093331
0.347337530177282	0.514512860081336
0.377128335422226	0.516957749638406
0.426604352190416	0.528483541587131
0.451213369032767	0.510164055415409
0.468982527905664	0.517238075077706
0.506138951795557	0.517286060294669
0.548523746966041	0.508711854099811
0.571268886351613	0.517596497757499
0.619266947097033	0.515033339270165
0.646637008494089	0.511501725656621
0.658121049113542	0.516250207551057
0.698968237959831	0.511358841194040
0.740935803650863	0.522227960120008
0.754374871446198	0.502390895432302
0.787614582653650	0.515390013028027
0.825974178292608	0.530874632357067
0.868225994692935	0.509240736030156
0.888929921889545	0.507021263563545
0.931396039172284	0.521359816693319
0.940599361362541	0.510719895707320
0.996226574962779	0.514589102047225
0.015717518388577	0.540379583124684
0.042799624748074	0.562111762119367
0.072571432096609	0.536549151330616
0.121987806326823	0.536168627412971
0.135878117597517	0.555494621067016
0.165123614455544	0.546526127898606
0.209079260317162	0.547209142725556
0.238492597037343	0.542383362832743
0.266948389315384	0.544326572420093
0.299779087891460	0.549210887792104
0.321788611176433	0.543375088959787
0.345442061371098	0.538102541826224
0.403342803852189	0.544408590361280
0.414217249659523	0.537668350525240
0.449216454139786	0.536727573556529
0.491451603773213	0.534613044773197
0.519432018551901	0.548995703106396
0.551392014150366	0.540142428321157
0.587825613618846	0.547014076775700
0.597710884293532	0.532071874455333
0.625265777838711	0.560617291244415
0.667248272121301	0.542164950655928
0.700708733008816	0.549000024275796
0.740997465499909	0.561777966176865
0.761323289315350	0.560971828613773
0.801298135816189	0.553089238897511
0.812936321082918	0.562209141877179
0.844011999266574	0.538812165266732
0.899600215545704	0.554179154152616
0.934587983413853	0.539983556782532
0.955294230302166	0.531638229578766
0.998346672836830	0.557411096006669
0.019180303771382	0.588291016049518
0.060093457388015	0.590627467018931
0.079456575131499	0.586909192030588
0.113964190172896	0.571775303886511
0.148369619468197	0.573734994245457
0.173660105753203	0.572596728149242
0.212482297973470	0.573964092504807
0.244539122736207	0.577490915023952
0.278038561496194	0.577166953367627
0.309359257472530	0.565495928815623
0.338226437632862	0.576729035059218
0.369718360968043	0.577096754048159
0.387257634024661	0.567450341835199
0.411847470642381	0.573998565606365
0.468704854625674	0.584564438196729
0.493276473133191	0.593718395197349
0.511375205841352	0.569369130842241
0.544033079396534	0.585650464234210
0.591378138574685	0.581633943945142
0.605623183112620	0.571324619874085
0.650731903143048	0.579016388994413
0.677165012862455	0.589208425443610
0.690024327494617	0.592960290901645
0.731721949846652	0.565780757519715
0.779892385820542	0.580186101655752
0.809677858916327	0.574820741722901
0.832241751658379	0.567296612397720
0.869032450178995	0.584441977325348
0.884721739700116	0.577581815570612
0.918225339747610	0.590805143764779
0.963787910207184	0.582896765529969
0.983288739716701	0.582490615653221
0.029169371460255	0.621862435043292
0.060423536414845	0.616412807348571
0.076335171946577	0.604822176525735
0.098265638823392	0.623459743044446
0.130040235040078	0.610700509689504
0.183580088799314	0.619211938478218
0.211480342075573	0.620742101963433
0.220634848789343	0.616777625827940
0.256996823760156	0.615039487694457
0.296381036019624	0.594939565635563
0.328461765031612	0.623429029066390
0.374695366270245	0.607326971668477
0.385720326429459	0.620874919018155
0.426844422637507	0.618285439448556
0.441655405077712	0.622934713013339
0.469489825591326	0.605178529064620
0.514464370676890	0.623752819111979
0.552413408511182	0.617911424653526
0.588608434793681	0.598967181672684
0.599693711630172	0.617079441266444
0.631993062039137	0.613352403733205
0.658486181164856	0.623949648848548
0.701029612918741	0.605492377125307
0.738249737766629	0.599671505196526
0.753687917015617	0.595845471740664
0.810426145398623	0.618623885797540
0.825471864499669	0.596410826831453
0.867740491185161	0.604319699613103
0.900890302246469	0.608254426598899
0.934104491584668	0.615203427345015
0.955467468299139	0.593759429058994
0.979005699768664	0.624704830675841
0.018815337895664	0.654082255437465
0.050487620986064	0.628868962508014
0.070062335182170	0.631393158402385
0.112738783388396	0.626216864577429
0.138032423648234	0.642751259405981
0.187167009324107	0.651740232212292
0.188464384242477	0.631268592480051
0.247036260813949	0.626600985371997
0.256735806012989	0.628508112554207
0.297096205180475	0.638656650076424
0.340202853395651	0.638926705974486
0.347834302731867	0.642514878589722
0.380193058147897	0.643219833382922
0.428429467412277	0.645013481157660
0.457939206940166	0.635892560438868
0.479926458227838	0.652203600598081
0.515085453673111	0.641488169985879
0.537805348112377	0.635491329051261
0.567120675318786	0.631944168229691
0.624895116634410	0.649613587518889
0.629388049871635	0.653394559885118
0.656711664560242	0.630079234012829
0.707521152010600	0.647482555554011
0.742889201914458	0.652566460258692
0.750387939173469	0.646892542322898
0.806637601998317	0.637519058868934
0.828022796991694	0.638994367447215
0.858837197167179	0.652332654920426
0.897318630688200	0.640315002779899
0.936944761706271	0.654439017663696
0.945982099781915	0.628022549827414
0.986238391149961	0.626776677833236
0.029607733834909	0.678950411534798
0.049353674713197	0.671066793230960
0.087211020936889	0.674792084556199
0.119080489587290	0.664061775956725
0.153862368460422	0.671277526878700
0.177158530682712	0.668099282625038
0.217716329367009	0.657236413302828
0.248143234086023	0.673056469411952
0.281056805542858	0.683327129378933
0.292738836865229	0.679515697351195
0.340574738568818	0.661172858629707
0.374050570666220	0.676500090162503
0.383772313807863	0.656974305595382
0.413700125516614	0.676940976210332
0.449524350168829	0.656565225319428
0.479500878772116	0.659792721337823
0.507261614047692	0.668594700520007
0.538179834738707	0.658371472840866
0.578368388854926	0.659889339273770
0.618280512381061	0.669900084215892
0.629805781479472	0.668107347085457
0.665942481153689	0.683462739426401
0.694031735599921	0.676509205045646
0.734233497798381	0.667067268800355
0.777304951799115	0.664745592732447
0.793559319342559	0.682256039303554
0.841715163689040	0.681185046551385
0.869002952901123	0.669224601052812
0.877421813828387	0.678137205771785
0.932290644245464	0.679043222726100
0.939428296013369	0.683652171587723
0.971164272960430	0.682791585079753
0.014638790573142	0.700829896002153
0.049490788591965	0.713294747029616
0.085824528983695	0.689880177277345
0.095484406280269	0.717076688822610
0.154088149166861	0.690236428498520
0.174279705654604	0.703285569823530
0.189576350487670	0.715148608534108
0.247638304775497	0.710531953691221
0.256754450428824	0.712933815883399
0.290555526671944	0.689041210971840
0.334508885889258	0.708295925270544
0.372647722505824	0.700923365383857
0.389918899123422	0.689990906554738
0.426438084000591	0.711741700213866
0.462094913104280	0.699154406090187
0.486692578696050	0.713683110842524
0.528404920528621	0.710087565070155
0.535014247770017	0.707422553711786
0.575767932622872	0.699913558094684
0.603803256507102	0.689182818845830
0.642561828801714	0.717244529034010
0.684609873336067	0.699599787195527
0.704392304269572	0.716847159993916
0.740122848166240	0.689490227494852
0.761585760267704	0.713964575289333
0.795190000269548	0.692330000668550
0.817345622673420	0.688299915527937
0.847737730983700	0.694926021258562
0.903502718566685	0.711695256335764
0.930511109922200	0.718273647915228
0.967274689908320	0.716068601366090
0.976768794871580	0.702003419431742
0.023987293823794	0.748015121185282
0.033450636365672	0.726679543151504
0.082082626145178	0.735388947021656
0.115029760786863	0.718913852964799
0.142472165633510	0.729666440371870
0.166405542093889	0.741755147637277
0.194360764524169	0.729952012395068
0.235620842981297	0.734798026536835
0.257584805703975	0.730566618661237
0.303464736867397	0.741143832635983
0.322733891788284	0.734589859184830
0.372786097184356	0.737380121948053
0.386598373845999	0.732943791528336
0.416704359961547	0.722147707486210
0.465966079980069	0.745324488400732
0.495629424955842	0.718896357742813
0.524075775223685	0.733653368904757
0.539869495145655	0.741503514165583
0.577305599417550	0.732367709369542
0.609259918779545	0.720831717619633
0.645624042035051	0.731685159621803
0.676177673905023	0.736621835797064
0.708188913396313	0.731852589141776
0.737408149584350	0.743396672251319
0.764980614654483	0.749935880718098
0.800796221247769	0.740985396636181
0.828618596435377	0.727970888469245
0.860463408007744	0.721109330305448
0.887134899671861	0.732977321578476
0.934254317921995	0.745437351025277
0.960905018144323	0.729272550192667
0.994684819261819	0.724936279978996
0.030734281150097	0.754484173224362
0.041541027409616	0.774798038137622
0.079210592765119	0.766241644905820
0.123022999111976	0.779274449035706
0.155523884786648	0.752640440900610
0.182593370910348	0.760712670586820
0.197584334057484	0.753193845594813
0.223509309501622	0.757437595619107
0.264293547075485	0.774433846729385
0.296028067244864	0.780553361619078
0.313607642900282	0.759369815709214
0.358799259793025	0.762817726124268
0.382770767582760	0.773668976397002
0.424801193400298	0.779041995177463
0.450282522880363	0.766787348930209
0.492679958615669	0.750640765691209
0.527749099957058	0.776673961909936
0.535793874843114	0.766759118462042
0.568754049885321	0.761560084992161
0.606262359872929	0.755091610562252
0.637171448982477	0.766103835685610
0.682114334317358	0.751487752714075
0.710217544246748	0.764821234017103
0.723365298640766	0.751462031076130
0.757865506837346	0.761967830028028
0.796691727900864	0.772503110927356
0.832925480918883	0.765764505576986
0.862932314896999	0.755769157783540
0.899880005983841	0.765379192580383
0.923664108803185	0.777658700534703
0.945510491432333	0.758910426537369
0.987580179430388	0.780952523826203
0.016746972233056	0.785599081028625
0.039731032995561	0.809760326737249
0.076294918838841	0.784095372197706
0.094654107546586	0.783685178496511
0.141554479825789	0.783764482032569
0.157961615958300	0.803396060311270
0.199737798716463	0.810621528289193
0.224486740321907	0.787543236774228
0.250352045186528	0.790723151835141
0.283708887371749	0.793445250982697
0.329680901985192	0.786832349427122
0.346981594034175	0.789363125050001
0.389402290744044	0.784885207148300
0.408979861430179	0.810280793251360
0.444404994219228	0.796408894780944
0.487020856930646	0.802171767497708
0.523067330604959	0.802406338055713
0.561759220734357	0.792320599840272
0.589252291821002	0.793424624457763
0.606797602991119	0.798938067524912
0.639893437098920	0.806514332673458
0.671205195318024	0.789033032926447
0.711314887556088	0.785915375251711
0.723354535920570	0.803600598430168
0.772467966735123	0.800268800278781
0.785087085700963	0.793549401935842
0.839014465461139	0.804197617498971
0.874922751681861	0.801726945142256
0.894387331613837	0.797763841128678
0.930371298365731	0.799496502328721
0.964172800004988	0.784315016055902
0.982904931962934	0.791575859528751
0.019092099141642	0.837663832621221
0.050158661750939	0.827881221211953
0.075394959322967	0.820303747053911
0.109661011370984	0.834753414599342
0.152220557501067	0.820621605622436
0.168896210339187	0.835367819496109
0.199826873434318	0.838024757088110
0.224656240979595	0.830911455636591
0.268220259921385	0.822252533546359
0.289772557576891	0.815959283107882
0.332686490245731	0.838010884696387
0.362501478190825	0.840607649565932
0.381831585896861	0.824913081752291
0.425102824946249	0.831966355105563
0.464625021987507	0.826154681929889
0.497032012040327	0.816542616100410
0.507098959200282	0.819335402078423
0.562309326167407	0.828342413788101
0.586350207542733	0.830579080121086
0.601936440261939	0.812732066238877
0.630143629599221	0.832899134647252
0.660880378848729	0.830849200404098
0.709159132389272	0.817131162760402
0.747074068479606	0.822883531919304
0.759049462993350	0.829208797757271
0.800353827097652	0.818937406927624
0.826794965341523	0.832394918504263
0.860919823604850	0.826103933027737
0.901019159121152	0.842724756810401
0.935664478019617	0.832464573713069
0.963639988584593	0.834283458117694
0.989294383250362	0.814900131780282
0.011593375452292	0.848785077113725
0.057513502519872	0.857281424217457
0.085170684467633	0.854084329238181
0.117049583675875	0.849547332277765
0.144547669941862	0.849048654651921
0.157856303042000	0.844807359135548
0.207945040868466	0.868659941601779
0.225234156672432	0.858900573479221
0.262786884991577	0.853061986710949
0.283220919366163	0.863557180350718
0.313181235084061	0.856465664011244
0.357927077060257	0.867357547378600
0.397968529728932	0.866556745755441
0.429851807644847	0.846067553917777
0.460177139311604	0.847806098202489
0.470434609160685	0.866373530303273
0.500750379004050	0.872526637969137
0.533506588858088	0.862819254453718
0.567601957541507	0.864047550419124
0.617916301487809	0.850097036514512
0.647889963094585	0.849879101778760
0.659715909038721	0.859507292454540
0.707098074851289	0.874731267343969
0.747951419463312	0.863347357383661
0.772249745850509	0.851626041579963
0.811582299371153	0.874216696087205
0.836060707411918	0.872970743650040
0.866772747967747	0.848120406132801
0.892626164346905	0.863587615259420
0.920117369295940	0.855383635421257
0.959150645916036	0.852859605185888
0.996697306443052	0.860717702311689
0.014418091439157	0.877830542464585
0.045601267429150	0.893202840049216
0.070252174164111	0.892818406795924
0.104874994681129	0.903486902351954
0.137479053587590	0.894996665801154
0.177105474727195	0.901443670415365
0.191443882512439	0.886241804105228
0.219073540734901	0.901763818342125
0.276807459223039	0.897898917390068
0.286688474357463	0.886045251568091
0.318221597984543	0.880476283500140
0.359087663742618	0.883504663254077
0.379090533745554	0.888473051792470
0.424788968423623	0.898193126768035
0.439547767455701	0.894868899017716
0.491003929176893	0.896011238144073
0.529710258204073	0.895067819937264
0.557997233495232	0.883774928001227
0.574138583283438	0.903209211893428
0.610180329295150	0.879827530291764
0.637434150197062	0.901230092886831
0.663779859534705	0.899808326778249
0.709929777591007	0.886723489517864
0.748954387199530	0.886826065953780
0.757828296767915	0.890074042548676
0.789581574588858	0.885600161311880
0.828321440127229	0.899474744246859
0.870021204404771	0.898434041931977
0.890642940004913	0.904462206613555
0.909488878533765	0.889168092140269
0.965727525042190	0.878835249038258
0.974895616412662	0.905751227211906
0.016426270591369	0.921475561106397
0.037575718817261	0.916162904507053
0.072169369132530	0.928342419834422
0.098811058867155	0.915034026367947
0.138767177977138	0.912818032565775
0.174483568644671	0.929853657680762
0.217584358877231	0.908219272933369
0.235979621462694	0.921663555880465
0.252374505239102	0.923939429569626
0.299428555027274	0.909017655584383
0.329647282833675	0.916858758750746
0.348222548870713	0.931803577498196
0.378352131251502	0.933422473047318
0.407376655792440	0.923713691682197
0.449720842257310	0.910269276116222
0.472840278905139	0.923514260710744
0.527833443585337	0.910798820864479
0.550350447160681	0.926627575155377
0.573289384878774	0.913533258253542
0.617979246924917	0.935921295858494
0.627824208132300	0.919562700811555
0.662135331609085	0.933609808081205
0.713163837607290	0.910797428318951
0.719135585539424	0.921915686059956
0.761133128190386	0.922991528405224
0.792511659902523	0.918408355518398
0.831497935371648	0.917540882563927
0.851354669046438	0.916681764904452
0.903746815892518	0.922748132219770
0.911849471901799	0.914921828824135
0.965282039927035	0.907664417849775
0.985025215541251	0.912637745257266
0.001001699158457	0.937505585265173
0.047732098686738	0.945942973217972
0.091187344128542	0.937969640224874
0.119190182120758	0.943464082179641
0.130215749982504	0.963545458339165
0.171334456292117	0.958957669555724
0.209549614531756	0.946312097958304
0.229299491317489	0.956186280924870
0.265283554133851	0.940290925879448
0.282870652787474	0.967293396264383
0.324751299292199	0.938969825787696
0.364737631183173	0.952520214526744
0.390813783142265	0.960561442856400
0.420673584015906	0.959094031820794
0.459168138089396	0.949617231005597
0.478862846025176	0.942347145429486
0.509928502501263	0.953487120223229
0.541533967497010	0.963762617275937
0.571458488894035	0.958262953184490
0.617205650798500	0.944933427579511
0.640051500096754	0.950597185440850
0.667526688094665	0.968624198176228
0.707053109571466	0.950949304332828
0.728069869643501	0.953663828619154
0.761395848191494	0.960718517168010
0.790208916043678	0.949550969390734
0.823548468167090	0.960291645189350
0.847514821311928	0.957439551018164
0.889600222257047	0.954163591817874
0.918946638895477	0.959780313516334
0.940829564388744	0.963163558443348
0.993675948184665	0.943940069891731
0.017202393104893	0.990883140218708
0.057226802221203	0.982111105145505
0.086469846557644	0.995366736677910
0.110795170014502	0.999563994860990
0.146079000818096	0.983987167743090
0.158111542303665	0.999224028891878
0.212783467095935	0.976529932589976
0.224578753042344	0.974090067831064
0.257483695780971	0.986890035809341
0.301995525818084	0.998952946858237
0.341051353097381	0.971827222398849
0.357096919312805	0.971175120736571
0.389615896728848	0.994249083289585
0.420118169338412	0.999878843613232
0.438622416826808	0.998038086981522
0.493740537507981	0.979191529814373
0.525445070611126	0.986342375665575
0.539860158520427	0.988446445419906
0.575858808373068	0.978575825729891
0.603895970477058	0.993253922255711
0.644325574406091	0.992012464817849
0.686440095370680	0.973849394672748
0.697528123697855	0.991053383169592
0.725142275675932	0.976109163582700
0.758260477634498	0.978703885487037
0.793067297413495	0.974509828259647
0.813060786080444	0.968829507182836
0.859068115201736	0.984533353705083
0.900768547812365	0.978073713437322
0.936053135861248	0.992832052250528
0.967009940155144	0.982407575381782
0.983367597498493	0.972441126877079
