0.000000000000000000e+00
0.000000000000000000e+00
6.815152615308761597e-02
1.032535731792449951e-01
5.986767262220382690e-02
0.000000000000000000e+00
8.134260773658752441e-02
5.904491618275642395e-02
5.453410372138023376e-02
6.720402836799621582e-02
0.000000000000000000e+00
7.831988483667373657e-02
9.100579470396041870e-02
7.847814261913299561e-02
8.433955907821655273e-02
8.502856642007827759e-02
8.332160115242004395e-02
1.024685055017471313e-01
1.083307713270187378e-01
1.117059364914894104e-01
1.340617537498474121e-01
1.523099988698959351e-01
1.733035445213317871e-01
2.260659337043762207e-01
2.376478612422943115e-01
2.598114013671875000e-01
3.616026341915130615e-01
4.111540317535400391e-01
5.506931543350219727e-01
6.758583784103393555e-01
7.653566598892211914e-01
8.253216147422790527e-01
1.001607656478881836e+00
1.118886947631835938e+00
1.238583564758300781e+00
1.352004647254943848e+00
1.512833356857299805e+00
1.525010585784912109e+00
1.530129194259643555e+00
1.721570611000061035e+00
1.646163940429687500e+00
1.694617033004760742e+00
1.568058967590332031e+00
1.695672035217285156e+00
1.583368182182312012e+00
1.365139484405517578e+00
1.373829722404479980e+00
1.349093437194824219e+00
1.222188353538513184e+00
1.130476355552673340e+00
1.045624971389770508e+00
1.037182331085205078e+00
1.012133955955505371e+00
8.870136737823486328e-01
8.146721124649047852e-01
8.551449179649353027e-01
7.501960992813110352e-01
6.646636128425598145e-01
6.839156746864318848e-01
7.516142725944519043e-01
6.551018953323364258e-01
6.858888268470764160e-01
6.695389747619628906e-01
7.062119245529174805e-01
7.242921590805053711e-01
7.495591044425964355e-01
7.250552177429199219e-01
7.707812786102294922e-01
7.919691801071166992e-01
7.510304450988769531e-01
8.661242723464965820e-01
8.969236612319946289e-01
9.030050635337829590e-01
1.056252956390380859e+00
1.022764205932617188e+00
9.826031923294067383e-01
1.126741766929626465e+00
1.141920447349548340e+00
1.201964974403381348e+00
1.202622294425964355e+00
1.141340970993041992e+00
1.231017231941223145e+00
1.168103098869323730e+00
1.252092599868774414e+00
1.255843997001647949e+00
1.178911566734313965e+00
1.399726271629333496e+00
1.125210165977478027e+00
1.242794275283813477e+00
1.179268121719360352e+00
1.033760070800781250e+00
1.214887261390686035e+00
1.182650327682495117e+00
1.010953545570373535e+00
0.000000000000000000e+00
9.766629934310913086e-01
1.008586764335632324e+00
0.000000000000000000e+00
8.076704740524291992e-01
0.000000000000000000e+00
