0.0000000000
25.1308622010
25.1308622261
25.1308622941
75.3858727952
75.3858728978
75.3858729473
75.3858731482
75.3858732191
150.7509549465
150.7509552639
150.7509553395
150.7509554008
150.7524744266
150.7524748929
150.7524752144
251.2034849171
251.2034849833
251.2034854364
251.2034856679
251.2114805604
251.2114806730
251.2114812156
251.2114814116
251.2114816314
376.6818750447
376.6818757007
376.6818759690
376.6818760883
376.6818763027
376.7617181003
376.7617188636
376.7617192138
376.7711914556
376.7711920610
376.7711921133
527.2277720648
527.2277728063
527.2277731715
527.2743415508
527.2743424206
527.2743426162
527.2743427451
527.2743432697
527.2795650334
527.2795655268
527.2795656201
527.2795667027
527.4449167073
702.7512612421
702.7512624537
702.7512624746
702.7512630787
702.7512635885
702.8119649248
702.8119652855
702.8119658198
702.8119663070
702.8463773491
702.8463779630
702.8463782121
702.9121088199
702.9121089571
702.9121100091
903.1940592008
903.1940614168
903.1940616914
903.2416315139
903.2416321499
903.2416322480
903.2416326867
903.3273840680
903.3273852086
903.3273854607
903.3273857778
903.3273873721
903.3899232064
903.3899242707
903.3899246225
903.3899262741
903.3899263648
1128.5223225709
1128.5223234864
1128.5223250145
1128.5223250549
1128.6249888638
1128.6249889599
1128.6249898098
1128.6249904284
1128.6249907257
1128.7242962315
1128.7242968530
1128.7242974786
1128.7431846682
1128.7431866871
1128.7431887853
1128.8024008517
1128.8024019175
1128.8024033437
1128.8024033980
1378.6786795127
1378.6786804300
1378.6786814638
1378.7621579732
1378.7621593997
1378.7621595945
1378.7621598297
1378.7621603729
1378.9201513674
1378.9201536779
1378.9201538640
1378.9247953996
1378.9405193218
1378.9405224360
1378.9405230293
1378.9405238413
1379.0262003153
1379.0262005633
1379.0262019523
1379.0262043329
1379.0262045122
1653.4905015204
1653.4905045094
1653.4905052665
1653.4905072940
1653.6447860511
1653.6447875634
1653.6447897500
1653.6447913498
1653.6447919992
1653.6691426580
1653.6691438604
1653.6691441833
1653.9082164422
1653.9082176489
1653.9082198766
1653.9082213289
1653.9082223186
1654.2045675034
1654.2045686024
1654.2045711284
1654.3420470287
1654.3420505780
1654.3420514042
1953.0842982597
1953.0842997715
1953.0843001625
1953.0843024261
1953.1840489216
1953.1840509061
1953.1840540510
1953.4279941749
1953.4279961261
1953.4279990432
1953.4279995222
1953.4305386808
1953.4305404749
1953.4305427320
1953.4305431280
1953.4305435613
1953.4489870893
1953.4489884015
1953.4489901646
1953.9370398447
1953.9370414383
1953.9370435862
1953.9370451066
1953.9370453025
1954.6288504086
2277.3636715362
2277.3636752239
2277.3636772435
2277.3636779137
2277.3636801802
2277.4690980202
2277.4691001350
2277.4691001528
2277.4864123704
2277.4864192569
2277.4864193625
2277.4864210303
2277.6634089168
2277.6634101032
2277.6634106439
2277.6634112543
2277.6634143142
2277.8758120628
2277.8758129707
2277.8758134363
2277.8758147635
2278.3194298721
2278.3194303195
2278.3194330707
2278.5224175521
2278.5224226063
2278.5224228069
2625.9754333350
2625.9754344214
2625.9754360514
2626.1260600665
2626.1260606343
2626.1260646747
2626.1260656108
2626.2590012456
2626.2590041175
2626.2590068125
2626.2590074715
2626.2590113779
2626.3679717168
2626.3679741418
2626.3679756765
2626.6816482311
2626.6816492539
2626.6816504077
2626.6816539500
2626.6816563673
2626.7082980471
2626.7082981393
2626.7082991987
2626.7083032065
2627.3500282684
2627.3500338660
2627.3500370091
2627.3500372450
2627.3500386104
2998.4966113147
2998.8834308277
2998.8834309942
2998.8834338674
2998.8834343657
2998.8834388820
2999.1801418768
2999.1801462544
2999.1801467813
2999.1801494404
2999.6270552096
2999.6270577339
2999.6270648164
2999.6581308809
2999.6581352689
2999.6581358562
3000.1285004382
3000.1285045622
3000.1285094732
3000.1285094735
3000.1285120348
3000.2221480138
3000.2221488510
3000.2221549010
3000.4109269152
3000.4109314330
3000.4109332428
3000.4109408645
3000.7138097201
3000.7138112375
3000.7138126114
3396.4617057651
3396.4617184088
3396.4617257560
3396.4617261133
3396.4617277502
3396.4944689652
3396.4944695056
3396.4944747376
3396.5152045408
3396.5152154994
3396.5152158579
3396.5152165901
3396.9280681331
3396.9280728753
3396.9280732823
3397.3653189401
3397.3653196339
3397.3653217403
3397.3653236617
3397.3653278894
3397.6873993277
3398.0743615227
3398.0743659973
3398.0743675889
3398.1320996171
3398.1321008576
3398.1321035639
3398.1321035881
3398.2383673994
3398.2383719271
3398.2383738531
3398.2383766681
3398.2383813613
3817.6882604768
3817.6882607009
3817.6882631432
3818.1829540729
3818.1829589246
3818.1829610350
3818.1829617580
3818.1829640397
3818.2652900626
3818.2652927518
3818.2652939701
3818.2653011200
3818.9342303637
3818.9342342374
3818.9342355685
3818.9342356646
3818.9342474724
3819.4388453329
3819.4388457705
3819.4388497604
3819.4388509162
3819.4607468767
3819.4607560861
3819.4607571505
3819.4607584330
3819.4607610134
3819.4767755930
3819.4767776183
3819.4767797963
3820.1605923675
3820.1605930054
3820.1605962607
3820.6409646012
3820.6409750945
3820.6409763320
4263.3264826685
4263.3264895129
4263.3264934629
4263.3265030158
4263.8839771766
4263.8839786974
4263.8839818975
4264.1973303068
4264.1973320211
4264.1973346342
4264.1973367315
4264.1973376420
4264.5168871742
4264.5168878061
4264.5168883856
4264.5169075245
4264.6971664283
4264.6971715235
4264.6971793542
4264.8050511347
4264.8050563198
4264.8050581398
4265.3063255446
4265.3063312424
4265.3063348854
4265.3063359367
4265.3063379755
4265.9583176236
4265.9583200663
4265.9583203180
4265.9583256524
4266.4358502133
4266.4358598449
4266.4358685717
4266.4358692228
4266.4358745645
4268.2484387886
4732.9438756077
4732.9438838706
4732.9438845666
4732.9438895677
4733.8064622226
4733.8064658976
4733.8064715013
4733.8064715263
4733.8064730616
4733.8160722040
4733.8160743663
4733.8160770970
4734.3707925237
4734.3708019393
4734.3708052229
4734.3708053475
4734.3708086645
4734.5032967469
4734.5032977319
4734.5033016741
4734.5033244484
4735.0774918629
4735.0774923583
4735.0774956750
4735.0775034670
4735.0775076096
4735.1306133434
4735.1306231717
4735.1306236073
4735.6800654179
4735.6800655023
4735.6800672785
4735.6800755758
4736.7500612466
4736.7500638818
4736.7500671286
4737.4536266041
4737.4536333395
4737.4536369279
5226.7728244705
5226.7728358206
5226.7728371790
5226.7795944067
5226.7795976630
5226.7796061148
5226.7796063687
5226.7796111003
5227.0032477552
5227.0032518793
5227.0032535333
5227.7322314487
5228.1950735844
5228.1950814139
5228.1950824300
5228.1950835686
5228.4975596895
5228.4975644675
5228.4975670769
5228.7451371706
5228.7451373266
5228.7451378290
5228.7451407736
5228.7451462039
5228.7570024547
5228.7570242365
5228.7570308979
5228.7570323740
5228.8282430634
5228.8282440122
5228.8282450929
5229.8342266639
5229.8342422994
5229.8342470369
5229.8342479510
5229.8342525760
5231.1023761373
5231.1023807414
5231.1023886305
5231.1023995136
5231.1023995393
5743.9449976539
5743.9450007709
5743.9450062073
5744.0512787267
5744.0512924217
5744.0513051474
5744.0513080254
5744.0513120047
5744.1320253643
5744.1320293497
5744.1320320676
5744.1320435732
5745.1841385435
5745.1841460619
5745.1841505226
5745.1841528232
5745.4404488895
5745.4404496079
5745.4404565716
5745.4613175324
5745.4613293280
5745.4613312490
5745.4613355681
5745.4613407700
5745.7520267111
5745.7520289020
5745.7520316806
5746.0564819746
5747.5889080033
5747.5889160600
5747.5889187487
5747.5889228935
5747.5889330704
5747.8377940863
5747.8378049166
5747.8378121329
5748.5897177477
5748.5897209823
5748.5897277946
5748.5897313211
5749.1772361861
5749.1772412917
5749.1772470329
6284.4989202326
6284.4989304654
6284.4989358335
6284.7584895901
6284.7584912545
6284.7584949366
6284.7585009394
6285.2425191165
6285.2425299680
6285.2425351250
6285.2425362712
6285.2425404533
6285.4938622701
6285.4938719475
6285.4938775147
6285.4938842472
